0 0.20859375 0.3203125 0.025 0.0125
0 0.259375 0.31484375 0.01796875 0.01484375
0 0.33125 0.3109375 0.01796875 0.01484375
0 0.4359375 0.30390625 0.01953125 0.0125
0 0.55859375 0.303125 0.02265625 0.0140625
0 0.6640625 0.30703125 0.02109375 0.0140625
0 0.7890625 0.3109375 0.02265625 0.0109375
0 0.10234375 0.36796875 0.02265625 0.0109375
0 0.1578125 0.35234375 0.02109375 0.01015625
0 0.15546875 0.3609375 0.015625 0.0109375
0 0.20859375 0.36875 0.02109375 0.0109375
0 0.26171875 0.353125 0.03203125 0.00859375
0 0.2609375 0.3609375 0.025 0.0109375
0 0.33125 0.3796875 0.02265625 0.01015625
0 0.384375 0.3640625 0.02109375 0.01015625
0 0.38203125 0.37265625 0.02265625 0.0125
0 0.4375 0.37890625 0.025 0.0078125
0 0.48828125 0.3625 0.02265625 0.0140625
0 0.48828125 0.3734375 0.02265625 0.0140625
0 0.559375 0.390625 0.028125 0.0125
0 0.61328125 0.36796875 0.01796875 0.00859375
0 0.61328125 0.375 0.01953125 0.0109375
0 0.665625 0.390625 0.02109375 0.0140625
0 0.715625 0.36796875 0.02109375 0.0078125
0 0.715625 0.37578125 0.01953125 0.0125
0 0.78828125 0.37890625 0.01953125 0.00859375
0 0.8421875 0.36484375 0.02109375 0.00859375
0 0.8421875 0.37265625 0.01796875 0.0140625
0 0.89765625 0.3796875 0.02109375 0.01015625
0 0.9515625 0.3640625 0.01953125 0.00859375
0 0.9484375 0.3734375 0.02265625 0.0125
0 0.16953125 0.4828125 0.03046875 0.01015625
0 0.22578125 0.4828125 0.0390625 0.0109375
0 0.27265625 0.4796875 0.028125 0.0140625
0 0.34375 0.4765625 0.02265625 0.01484375
0 0.446875 0.46796875 0.01796875 0.0140625
0 0.61875 0.46875 0.025 0.0125
0 0.671875 0.47109375 0.02265625 0.01640625
0 0.72265625 0.47578125 0.02109375 0.01640625
0 0.7953125 0.4828125 0.03046875 0.01640625
0 0.8984375 0.47109375 0.028125 0.0125
0 0.24140625 0.1546875 0.03046875 0.0125
0 0.29921875 0.15078125 0.03046875 0.0109375
0 0.37421875 0.1484375 0.0265625 0.0125
0 0.471875 0.13984375 0.0265625 0.0140625
0 0.58671875 0.140625 0.01796875 0.0125
0 0.68515625 0.14921875 0.02109375 0.01484375
0 0.80234375 0.14296875 0.02109375 0.01015625
0 0.90234375 0.14453125 0.02109375 0.0125
0 0.37265625 0.21484375 0.02265625 0.0140625
0 0.425 0.20078125 0.015625 0.0125
0 0.42265625 0.209375 0.01953125 0.01484375
0 0.47109375 0.21484375 0.02265625 0.0125
0 0.52109375 0.19921875 0.01953125 0.0140625
0 0.521875 0.20859375 0.01953125 0.01484375
0 0.58828125 0.215625 0.02265625 0.0140625
0 0.6375 0.19921875 0.02109375 0.0140625
0 0.6375 0.20859375 0.01953125 0.0109375
0 0.6859375 0.21484375 0.01796875 0.0109375
0 0.7375 0.2 0.02109375 0.0125
0 0.734375 0.209375 0.02265625 0.0109375
0 0.8015625 0.20390625 0.02265625 0.01484375
0 0.85234375 0.1890625 0.03203125 0.0125
0 0.8515625 0.19921875 0.025 0.0140625
0 0.9015625 0.20390625 0.02265625 0.0125
0 0.9515625 0.1875 0.03515625 0.01484375
0 0.95234375 0.1984375 0.02109375 0.0125
0 0.8140625 0.85546875 0.028125 0.00859375
0 0.8140625 0.8640625 0.028125 0.0109375
0 0.81328125 0.871875 0.025 0.0140625
0 0.7125 0.85546875 0.02109375 0.00859375
0 0.7140625 0.8640625 0.01953125 0.0125
0 0.66640625 0.87109375 0.025 0.00859375
0 0.6171875 0.85546875 0.01953125 0.01015625
0 0.61796875 0.86484375 0.02265625 0.0109375
0 0.56640625 0.87109375 0.0265625 0.01015625
0 0.49375 0.8578125 0.01953125 0.0109375
0 0.49453125 0.86875 0.015625 0.0140625
0 0.44609375 0.88125 0.02109375 0.0109375
0 0.56640625 0.81015625 0.03046875 0.01015625
0 0.390625 0.84296875 0.03515625 0.00859375
0 0.3890625 0.853125 0.02265625 0.0140625
0 0.33828125 0.86015625 0.01953125 0.0125
0 0.26875 0.85546875 0.02109375 0.0109375
0 0.26796875 0.8640625 0.01796875 0.0125
0 0.209375 0.8703125 0.02265625 0.0109375
0 0.15390625 0.85546875 0.015625 0.00859375
0 0.1546875 0.8640625 0.015625 0.0109375
0 0.1140625 0.8703125 0.015625 0.01015625
0 0.1546875 0.6359375 0.02109375 0.0125
0 0.20703125 0.63828125 0.02265625 0.0125
0 0.26015625 0.6421875 0.01953125 0.0140625
0 0.3328125 0.6421875 0.01953125 0.0140625
0 0.4359375 0.6421875 0.02109375 0.01875
0 0.61328125 0.64296875 0.01953125 0.01484375
0 0.66640625 0.6421875 0.01953125 0.0125
0 0.7171875 0.64609375 0.03359375 0.0109375
0 0.7875 0.6453125 0.03203125 0.00859375
0 0.940625 0.69140625 0.01953125 0.01015625
0 0.940625 0.7 0.01953125 0.0109375
0 0.89296875 0.70546875 0.025 0.01015625
0 0.8421875 0.70078125 0.0140625 0.01015625
0 0.8390625 0.69140625 0.02109375 0.0109375
0 0.78828125 0.70625 0.01953125 0.0109375
0 0.71796875 0.70390625 0.015625 0.00859375
0 0.7171875 0.69453125 0.01796875 0.0109375
0 0.6640625 0.7171875 0.01796875 0.0109375
0 0.61171875 0.70390625 0.02109375 0.00859375
0 0.6109375 0.69453125 0.01796875 0.0125
0 0.5578125 0.7171875 0.02265625 0.0125
0 0.4890625 0.6953125 0.025 0.01015625
0 0.4890625 0.7046875 0.01796875 0.0125
0 0.4375 0.71796875 0.01953125 0.01484375
0 0.38515625 0.6953125 0.02109375 0.01015625
0 0.38515625 0.7046875 0.01953125 0.0140625
0 0.328125 0.7171875 0.02109375 0.0125
0 0.26015625 0.6890625 0.01953125 0.0078125
0 0.26171875 0.6796875 0.028125 0.01015625
0 0.20625 0.6953125 0.02265625 0.0140625
0 0.15625 0.6796875 0.03359375 0.0125
0 0.15625 0.6890625 0.0265625 0.0140625
0 0.10234375 0.6953125 0.02265625 0.01015625
0 0.11484375 0.8109375 0.03359375 0.00859375
0 0.1546875 0.7890625 0.015625 0.0140625
0 0.18125 0.79453125 0.01796875 0.0125
0 0.2109375 0.790625 0.01796875 0.0125
0 0.23828125 0.7984375 0.01953125 0.01015625
0 0.26953125 0.7953125 0.02109375 0.0109375
0 0.29453125 0.803125 0.02265625 0.0140625
0 0.33828125 0.79921875 0.0140625 0.0109375
0 0.365625 0.80546875 0.01953125 0.0125
0 0.3921875 0.80234375 0.02109375 0.01484375
0 0.415625 0.81015625 0.028125 0.0109375
0 0.44453125 0.8046875 0.02109375 0.0171875
0 0.471875 0.8078125 0.028125 0.0171875
0 0.4953125 0.8171875 0.03046875 0.0125
0 0.525 0.80859375 0.0375 0.00859375
2 0.1734375 0.76875 0.0375 0.01640625
2 0.2578125 0.7703125 0.0921875 0.0171875
2 0.38203125 0.778125 0.08828125 0.0140625
2 0.490625 0.78359375 0.0828125 0.0109375
0 0.11796875 0.5421875 0.02265625 0.0125
0 0.17109375 0.52734375 0.01796875 0.01015625
0 0.16953125 0.5375 0.01953125 0.0109375
0 0.22109375 0.54140625 0.02265625 0.0125
0 0.27265625 0.5265625 0.02265625 0.0109375
0 0.2734375 0.5359375 0.01796875 0.0125
0 0.3421875 0.54140625 0.02265625 0.0109375
0 0.39375 0.5265625 0.02265625 0.0109375
0 0.39453125 0.53671875 0.01796875 0.0140625
0 0.44765625 0.5421875 0.02265625 0.0109375
0 0.49609375 0.5265625 0.02109375 0.0109375
0 0.49765625 0.5359375 0.01796875 0.0125
0 0.5671875 0.54296875 0.01953125 0.0140625
0 0.6203125 0.5203125 0.02265625 0.0109375
0 0.61953125 0.52890625 0.02109375 0.0125
0 0.67265625 0.5421875 0.02109375 0.0125
0 0.725 0.5203125 0.01796875 0.0140625
0 0.7203125 0.5296875 0.02265625 0.0109375
0 0.79453125 0.5328125 0.02265625 0.0125
0 0.8453125 0.51640625 0.0390625 0.01015625
0 0.846875 0.5234375 0.02109375 0.01015625
0 0.8984375 0.53125 0.01796875 0.0109375
0 0.95078125 0.51640625 0.025 0.0109375
0 0.95078125 0.52578125 0.01953125 0.0109375