0 0.29921875 0.1640625 0.015625 0.009375
0 0.29921875 0.17890625 0.015625 0.0125
0 0.34453125 0.17890625 0.015625 0.0109375
0 0.3453125 0.1640625 0.015625 0.009375
0 0.38046875 0.16484375 0.02109375 0.009375
0 0.38046875 0.178125 0.01953125 0.00703125
0 0.415625 0.1640625 0.01953125 0.009375
0 0.41484375 0.17890625 0.01953125 0.009375
0 0.4625 0.17890625 0.01796875 0.0125
0 0.4640625 0.16171875 0.015625 0.0125
0 0.50859375 0.17890625 0.01953125 0.0125
0 0.50859375 0.16171875 0.01953125 0.0109375
0 0.5453125 0.16171875 0.01953125 0.009375
0 0.5453125 0.178125 0.01796875 0.0109375
0 0.58046875 0.17890625 0.02109375 0.0125
0 0.58125 0.16171875 0.01796875 0.009375
0 0.628125 0.16484375 0.01953125 0.0109375
0 0.6265625 0.18203125 0.01953125 0.009375
0 0.67421875 0.16484375 0.015625 0.009375
0 0.67421875 0.18203125 0.0140625 0.009375
0 0.7109375 0.16484375 0.015625 0.00859375
0 0.709375 0.18125 0.015625 0.0109375
0 0.7453125 0.16484375 0.0125 0.00859375
0 0.74375 0.18203125 0.015625 0.00859375
0 0.79375 0.1671875 0.01796875 0.009375
0 0.79375 0.17578125 0.015625 0.0109375
0 0.8390625 0.16796875 0.015625 0.00859375
0 0.8390625 0.175 0.015625 0.00859375
0 0.87421875 0.16796875 0.015625 0.00859375
0 0.87421875 0.175 0.015625 0.00859375
0 0.9109375 0.16796875 0.01796875 0.00859375
0 0.909375 0.1734375 0.015625 0.009375
0 0.29921875 0.23984375 0.015625 0.00703125
0 0.346875 0.2390625 0.01796875 0.009375
0 0.38046875 0.2390625 0.015625 0.009375
0 0.415625 0.23984375 0.0140625 0.009375
0 0.4640625 0.24609375 0.015625 0.009375
0 0.5109375 0.24453125 0.015625 0.00859375
0 0.5453125 0.24453125 0.01953125 0.009375
0 0.58046875 0.24609375 0.0140625 0.009375
0 0.62734375 0.25546875 0.015625 0.009375
0 0.67421875 0.25546875 0.01953125 0.009375
0 0.70859375 0.25546875 0.01953125 0.009375
0 0.74609375 0.25625 0.01796875 0.009375
0 0.79296875 0.24296875 0.0140625 0.009375
0 0.8390625 0.2421875 0.015625 0.009375
0 0.875 0.2421875 0.015625 0.00859375
0 0.909375 0.2421875 0.01953125 0.009375
0 0.2140625 0.34140625 0.015625 0.0125
0 0.21484375 0.35625 0.015625 0.0109375
0 0.26484375 0.3421875 0.015625 0.009375
0 0.26484375 0.35703125 0.0125 0.0125
0 0.2984375 0.3453125 0.0140625 0.00859375
0 0.3203125 0.3421875 0.0140625 0.00703125
0 0.34609375 0.3421875 0.015625 0.00859375
0 0.34453125 0.35546875 0.0125 0.00703125
0 0.39453125 0.34140625 0.015625 0.009375
0 0.39453125 0.3546875 0.015625 0.00859375
0 0.4203125 0.3421875 0.015625 0.0125
0 0.44375 0.34296875 0.01796875 0.009375
0 0.48828125 0.34296875 0.01953125 0.009375
0 0.52578125 0.34921875 0.015625 0.00859375
0 0.52578125 0.35546875 0.0140625 0.009375
0 0.57578125 0.3484375 0.015625 0.009375
0 0.57578125 0.36015625 0.015625 0.0125
0 0.6609375 0.3453125 0.01796875 0.009375
0 0.68515625 0.34140625 0.01796875 0.0109375
0 0.709375 0.3421875 0.015625 0.0109375
0 0.76015625 0.3453125 0.015625 0.00703125
0 0.75859375 0.359375 0.015625 0.00859375
0 0.78203125 0.3484375 0.0140625 0.0109375
0 0.80625 0.34453125 0.0140625 0.009375
0 0.85234375 0.34296875 0.015625 0.0109375
0 0.87734375 0.34453125 0.0140625 0.0109375
0 0.89921875 0.34921875 0.015625 0.0140625
0 0.92109375 0.34765625 0.015625 0.0109375
0 0.21484375 0.40390625 0.02109375 0.0125
0 0.2140625 0.4171875 0.02109375 0.00703125
0 0.265625 0.403125 0.01953125 0.009375
0 0.265625 0.4171875 0.01796875 0.009375
0 0.29921875 0.40390625 0.02109375 0.009375
0 0.29765625 0.4171875 0.015625 0.0109375
0 0.34375 0.40390625 0.02265625 0.0109375
0 0.34453125 0.4171875 0.01953125 0.00859375
0 0.39609375 0.409375 0.01796875 0.0125
0 0.39765625 0.4234375 0.0140625 0.0109375
0 0.459375 0.4109375 0.01953125 0.009375
0 0.4609375 0.42421875 0.01796875 0.0140625
0 0.48828125 0.409375 0.015625 0.009375
0 0.4890625 0.4234375 0.015625 0.0109375
0 0.52578125 0.409375 0.02109375 0.0109375
0 0.52578125 0.42421875 0.01953125 0.0125
0 0.57578125 0.4203125 0.01953125 0.00859375
0 0.57578125 0.43359375 0.01796875 0.0125
0 0.62578125 0.41875 0.01953125 0.0109375
0 0.62734375 0.43203125 0.015625 0.009375
0 0.66171875 0.41953125 0.01796875 0.009375
0 0.66171875 0.4328125 0.015625 0.009375
0 0.70859375 0.41875 0.01796875 0.009375
0 0.70859375 0.4328125 0.015625 0.00859375
0 0.76015625 0.40625 0.01953125 0.00859375
0 0.76015625 0.4203125 0.015625 0.009375
0 0.825 0.40625 0.015625 0.00859375
0 0.82578125 0.4203125 0.015625 0.00859375
0 0.853125 0.4078125 0.02109375 0.009375
0 0.85234375 0.4203125 0.0140625 0.0125
0 0.9 0.40390625 0.02109375 0.0125
0 0.90078125 0.41953125 0.01953125 0.009375
0 0.2140625 0.5328125 0.01796875 0.0125
0 0.26953125 0.5328125 0.01796875 0.0109375
0 0.30234375 0.52265625 0.01796875 0.009375
0 0.32890625 0.51953125 0.01796875 0.009375
0 0.36953125 0.515625 0.01796875 0.0109375
0 0.41484375 0.515625 0.02265625 0.0109375
0 0.49453125 0.51953125 0.015625 0.009375
0 0.49375 0.5265625 0.015625 0.009375
0 0.5203125 0.525 0.015625 0.009375
0 0.590625 0.5140625 0.015625 0.009375
0 0.5921875 0.52578125 0.01796875 0.0109375
0 0.678125 0.51796875 0.01953125 0.00859375
0 0.67890625 0.5359375 0.02109375 0.0125
0 0.70625 0.525 0.01796875 0.009375
0 0.778125 0.521875 0.015625 0.0125
0 0.7796875 0.53671875 0.0140625 0.0125
0 0.8171875 0.521875 0.01953125 0.0125
0 0.8625 0.51953125 0.01953125 0.009375
0 0.8890625 0.52265625 0.01953125 0.009375
0 0.215625 0.5796875 0.02109375 0.009375
0 0.21484375 0.59453125 0.01796875 0.009375
0 0.26953125 0.58046875 0.025 0.0109375
0 0.26796875 0.59453125 0.01953125 0.00703125
0 0.30390625 0.5796875 0.0265625 0.009375
0 0.30390625 0.59453125 0.01953125 0.009375
0 0.3484375 0.58046875 0.02109375 0.009375
0 0.3484375 0.59453125 0.01796875 0.00859375
0 0.41484375 0.58671875 0.015625 0.0109375
0 0.415625 0.6 0.0140625 0.0109375
0 0.46875 0.58515625 0.015625 0.0125
0 0.4953125 0.58671875 0.015625 0.009375
0 0.46796875 0.59921875 0.015625 0.009375
0 0.49609375 0.6 0.015625 0.0125
0 0.5375 0.58515625 0.015625 0.0140625
0 0.53828125 0.60078125 0.015625 0.009375
0 0.5890625 0.5953125 0.015625 0.0109375
0 0.58828125 0.6109375 0.015625 0.009375
0 0.64375 0.59765625 0.01953125 0.009375
0 0.64140625 0.61015625 0.01796875 0.009375
0 0.68046875 0.596875 0.015625 0.0109375
0 0.67890625 0.61015625 0.01796875 0.009375
0 0.725 0.609375 0.015625 0.009375
0 0.725 0.59609375 0.015625 0.00703125
0 0.77890625 0.58203125 0.015625 0.009375
0 0.7796875 0.59609375 0.0140625 0.00859375
0 0.8359375 0.584375 0.01953125 0.00859375
0 0.8375 0.596875 0.015625 0.00703125
0 0.86640625 0.59609375 0.015625 0.00859375
0 0.86484375 0.58359375 0.015625 0.00859375
0 0.90625 0.58359375 0.01796875 0.009375
0 0.90859375 0.596875 0.015625 0.00703125
0 0.2171875 0.709375 0.01953125 0.009375
0 0.29609375 0.6984375 0.015625 0.0109375
0 0.31875 0.6953125 0.0140625 0.00859375
0 0.34140625 0.69609375 0.015625 0.00859375
0 0.3421875 0.709375 0.0140625 0.00703125
0 0.390625 0.6953125 0.01796875 0.009375
0 0.390625 0.70234375 0.01796875 0.009375
0 0.4140625 0.69921875 0.015625 0.0109375
0 0.43828125 0.696875 0.01796875 0.0109375
0 0.48203125 0.696875 0.015625 0.0109375
0 0.50625 0.69921875 0.015625 0.0109375
0 0.528125 0.7171875 0.0140625 0.0125
0 0.52734375 0.70078125 0.0125 0.009375
0 0.5515625 0.703125 0.015625 0.009375
0 0.584375 0.7125 0.01953125 0.0125
0 0.66875 0.69921875 0.01796875 0.0109375
0 0.69140625 0.6953125 0.0140625 0.009375
0 0.7171875 0.69609375 0.01953125 0.00859375
0 0.7640625 0.68984375 0.01796875 0.009375
0 0.76484375 0.69921875 0.015625 0.009375
0 0.78671875 0.6921875 0.015625 0.009375
0 0.8109375 0.69609375 0.01796875 0.00703125
0 0.85546875 0.696875 0.01953125 0.009375
0 0.87890625 0.69921875 0.0140625 0.009375
0 0.9015625 0.7015625 0.015625 0.00859375
0 0.8984375 0.7125 0.01953125 0.0109375
0 0.92265625 0.70234375 0.0140625 0.009375
0 0.215625 0.75703125 0.01953125 0.009375
0 0.215625 0.77109375 0.015625 0.00859375
0 0.2640625 0.75625 0.02265625 0.0109375
0 0.2625 0.77109375 0.02109375 0.00859375
0 0.2953125 0.75703125 0.02265625 0.00859375
0 0.29765625 0.77109375 0.015625 0.009375
0 0.3421875 0.7578125 0.025 0.00859375
0 0.3421875 0.77109375 0.01953125 0.0109375
0 0.390625 0.76328125 0.01953125 0.0125
0 0.390625 0.77734375 0.01953125 0.009375
0 0.4546875 0.7640625 0.01796875 0.009375
0 0.4546875 0.77734375 0.01953125 0.0125
0 0.4828125 0.765625 0.015625 0.0125
0 0.4828125 0.77734375 0.0140625 0.009375
0 0.52578125 0.76328125 0.01953125 0.0125
0 0.52734375 0.778125 0.01953125 0.0125
0 0.58125 0.77265625 0.025 0.009375
0 0.58125 0.78828125 0.01953125 0.0140625
0 0.63125 0.78671875 0.01953125 0.0125
0 0.6328125 0.771875 0.01953125 0.00859375
0 0.66796875 0.77265625 0.01953125 0.00859375
0 0.66796875 0.7875 0.01953125 0.009375
0 0.71484375 0.771875 0.0125 0.009375
0 0.7140625 0.78671875 0.015625 0.009375
0 0.76484375 0.77265625 0.015625 0.0109375
0 0.76484375 0.759375 0.015625 0.009375
0 0.828125 0.7609375 0.01796875 0.009375
0 0.82890625 0.7734375 0.015625 0.009375
0 0.85546875 0.7609375 0.015625 0.009375
0 0.85625 0.77265625 0.015625 0.00859375
0 0.90078125 0.7609375 0.015625 0.0140625
0 0.9015625 0.7734375 0.0140625 0.00859375
2 0.3078125 0.365625 0.0421875 0.00703125
2 0.4125 0.3203125 0.03515625 0.009375
2 0.66640625 0.36484375 0.04453125 0.00703125
2 0.77421875 0.3265625 0.04453125 0.009375
2 0.890625 0.31875 0.08125 0.0125
2 0.29921875 0.7203125 0.04453125 0.0109375
2 0.3984375 0.72265625 0.0421875 0.009375
2 0.5171875 0.6734375 0.09375 0.00859375
2 0.675 0.71796875 0.04453125 0.009375
2 0.77265625 0.71796875 0.0390625 0.009375
2 0.45546875 0.7890625 0.015625 0.0140625
2 0.8953125 0.6734375 0.08828125 0.00859375
1 0.5625 0.1546875 0.7734375 0.00390625
1 0.5609375 0.16171875 0.77734375 0.00546875
1 0.56015625 0.16875 0.775 0.00546875
1 0.559375 0.175 0.775 0.00546875
1 0.55859375 0.18046875 0.77890625 0.00546875
1 0.5578125 0.2328125 0.76796875 0.00703125
1 0.5578125 0.2390625 0.78046875 0.00546875
1 0.55859375 0.24453125 0.77734375 0.00546875
1 0.5609375 0.2515625 0.784375 0.00546875
1 0.56015625 0.25859375 0.78046875 0.00546875
1 0.528125 0.33046875 0.83203125 0.009375
1 0.52890625 0.3390625 0.83203125 0.00703125
1 0.528125 0.3453125 0.83046875 0.00546875
1 0.53125 0.35234375 0.83359375 0.00703125
1 0.53046875 0.3578125 0.83046875 0.00703125
1 0.528125 0.409375 0.83046875 0.00390625
1 0.52890625 0.415625 0.828125 0.00390625
1 0.53046875 0.421875 0.83203125 0.00390625
1 0.53203125 0.4296875 0.83359375 0.00546875
1 0.53125 0.43671875 0.83203125 0.00859375
1 0.528125 0.50859375 0.8265625 0.00546875
1 0.528125 0.515625 0.828125 0.00703125
1 0.53046875 0.5234375 0.828125 0.00703125
1 0.528125 0.5296875 0.83046875 0.00546875
1 0.52890625 0.534375 0.83359375 0.00390625