0 0.31171875 0.1703125 0.01953125 0.0109375
0 0.33984375 0.1703125 0.01796875 0.01015625
0 0.36640625 0.1703125 0.0140625 0.0109375
0 0.41875 0.1703125 0.02109375 0.0125
0 0.48671875 0.1703125 0.02109375 0.01015625
0 0.51484375 0.1703125 0.01796875 0.0109375
0 0.5421875 0.1703125 0.01953125 0.0125
0 0.5875 0.1703125 0.01796875 0.0125
0 0.66796875 0.1703125 0.02109375 0.0109375
0 0.69453125 0.1703125 0.015625 0.0109375
0 0.721875 0.1703125 0.015625 0.01015625
0 0.759375 0.16328125 0.01953125 0.00859375
0 0.7609375 0.1703125 0.0140625 0.01015625
0 0.7890625 0.1625 0.01953125 0.01015625
0 0.79140625 0.1703125 0.015625 0.01015625
0 0.8078125 0.16328125 0.0140625 0.0109375
0 0.8078125 0.1703125 0.0125 0.0140625
0 0.8265625 0.16015625 0.015625 0.01484375
0 0.82578125 0.17109375 0.0125 0.0125
0 0.8421875 0.16171875 0.02109375 0.0125
0 0.84140625 0.1703125 0.015625 0.0125
0 0.87421875 0.16171875 0.0109375 0.0125
0 0.87265625 0.1703125 0.01796875 0.0109375
0 0.89296875 0.16171875 0.01953125 0.0109375
0 0.8921875 0.171875 0.01796875 0.0125
0 0.909375 0.171875 0.01953125 0.0125
0 0.9109375 0.1578125 0.015625 0.0140625
0 0.14921875 0.33203125 0.0140625 0.0109375
0 0.14765625 0.34140625 0.01953125 0.00859375
0 0.14921875 0.3484375 0.01796875 0.01015625
0 0.18125 0.3328125 0.01796875 0.01015625
0 0.18125 0.34140625 0.01796875 0.01015625
0 0.18125 0.3484375 0.0140625 0.0109375
0 0.2015625 0.33203125 0.015625 0.0109375
0 0.2 0.33984375 0.0125 0.01015625
0 0.2015625 0.3484375 0.0140625 0.0109375
0 0.22109375 0.3484375 0.0140625 0.01015625
0 0.221875 0.3390625 0.015625 0.00859375
0 0.221875 0.33046875 0.015625 0.01484375
0 0.23984375 0.34921875 0.0125 0.0109375
0 0.23984375 0.33984375 0.015625 0.00859375
0 0.23984375 0.3328125 0.015625 0.0125
0 0.27421875 0.33203125 0.0140625 0.01015625
0 0.271875 0.34140625 0.01953125 0.00859375
0 0.2734375 0.34921875 0.01796875 0.01015625
0 0.2953125 0.33203125 0.0125 0.0109375
0 0.29296875 0.340625 0.01796875 0.0078125
0 0.2921875 0.34765625 0.0140625 0.01015625
0 0.31328125 0.3484375 0.01796875 0.0078125
0 0.3140625 0.340625 0.01953125 0.0078125
0 0.3140625 0.33359375 0.01796875 0.00859375
0 0.35859375 0.3234375 0.01796875 0.01015625
0 0.43046875 0.3265625 0.01796875 0.0078125
0 0.49375 0.3359375 0.01796875 0.01015625
0 0.5453125 0.33046875 0.01953125 0.0109375
0 0.59140625 0.33359375 0.01953125 0.01015625
0 0.6375 0.33671875 0.02109375 0.0109375
0 0.6796875 0.3453125 0.01796875 0.0140625
0 0.7421875 0.34765625 0.01953125 0.0109375
0 0.8171875 0.3453125 0.01796875 0.0125
0 0.86640625 0.3578125 0.01953125 0.0109375
0 0.90234375 0.3453125 0.02265625 0.0109375
0 0.14921875 0.51796875 0.01796875 0.00859375
0 0.1828125 0.54921875 0.028125 0.0140625
0 0.20703125 0.5421875 0.0140625 0.0109375
0 0.23125 0.53515625 0.01796875 0.0125
0 0.25859375 0.52421875 0.01796875 0.01015625
0 0.284375 0.5171875 0.015625 0.0125
0 0.30703125 0.5109375 0.01796875 0.0125
0 0.353125 0.50078125 0.028125 0.01484375
0 0.425 0.50390625 0.01953125 0.00859375
0 0.4921875 0.51328125 0.015625 0.0125
0 0.54375 0.5078125 0.0265625 0.0125
0 0.590625 0.51015625 0.02109375 0.0140625
0 0.63515625 0.5140625 0.01953125 0.0109375
0 0.67890625 0.521875 0.01953125 0.0109375
0 0.74140625 0.52421875 0.02109375 0.0140625
0 0.81796875 0.51796875 0.01953125 0.0125
0 0.86640625 0.52109375 0.01796875 0.0109375
0 0.90234375 0.51796875 0.02109375 0.01015625
0 0.15078125 0.6984375 0.02109375 0.01015625
0 0.2046875 0.7015625 0.01953125 0.01015625
0 0.31171875 0.70078125 0.01953125 0.0125
0 0.36875 0.70078125 0.01953125 0.0125
0 0.42265625 0.7015625 0.01953125 0.01015625
0 0.46640625 0.69375 0.01953125 0.0109375
0 0.5 0.69765625 0.01953125 0.0125
0 0.53828125 0.70546875 0.015625 0.0109375
0 0.571875 0.7125 0.015625 0.0125
0 0.62109375 0.7125 0.01796875 0.0109375
0 0.66875 0.7015625 0.015625 0.01015625
0 0.6921875 0.7015625 0.0140625 0.00859375
0 0.74140625 0.69453125 0.01953125 0.01015625
0 0.78125 0.69453125 0.01953125 0.01015625
0 0.81484375 0.69765625 0.01953125 0.0109375
0 0.853125 0.7046875 0.01796875 0.0109375
0 0.88828125 0.7125 0.015625 0.00859375
0 0.15234375 0.88984375 0.01953125 0.0125
0 0.20859375 0.87109375 0.01796875 0.01015625
0 0.2421875 0.8703125 0.01953125 0.0109375
0 0.29765625 0.8640625 0.02109375 0.01015625
0 0.35234375 0.8640625 0.02109375 0.0125
0 0.4265625 0.86796875 0.015625 0.0109375
0 0.478125 0.87265625 0.01953125 0.0109375
0 0.54453125 0.87421875 0.02109375 0.01015625
0 0.5875 0.878125 0.015625 0.00859375
0 0.615625 0.871875 0.01953125 0.01015625
0 0.634375 0.87421875 0.01953125 0.00859375
0 0.67578125 0.8859375 0.01796875 0.00859375
0 0.709375 0.878125 0.01953125 0.01015625
0 0.73984375 0.8828125 0.01953125 0.0109375
0 0.784375 0.8625 0.02109375 0.0125
0 0.83125 0.8609375 0.028125 0.0109375
0 0.871875 0.8578125 0.028125 0.0125
2 0.33125 0.1953125 0.07421875 0.01015625
2 0.5078125 0.19453125 0.07421875 0.00625
2 0.6921875 0.19296875 0.08125 0.0046875
2 0.8 0.190625 0.0546875 0.00625
2 0.88515625 0.190625 0.06171875 0.0078125
2 0.1953125 0.3671875 0.053125 0.0078125
2 0.290625 0.3671875 0.07265625 0.00859375
2 0.8875 0.325 0.04765625 0.01484375
2 0.2671875 0.5546875 0.0921875 0.01484375
2 0.20234375 0.52265625 0.03515625 0.01640625
2 0.87890625 0.5390625 0.05625 0.01484375
2 0.59453125 0.8953125 0.0390625 0.01640625
2 0.7 0.85703125 0.0421875 0.01484375