0 0.3015625 0.1984375 0.01953125 0.0109375
0 0.36796875 0.1984375 0.01953125 0.0125
0 0.471875 0.1953125 0.01953125 0.0140625
0 0.553125 0.1984375 0.02109375 0.0125
0 0.6328125 0.1859375 0.02265625 0.0140625
0 0.746875 0.19140625 0.01953125 0.0140625
0 0.89296875 0.1984375 0.02109375 0.0125
0 0.946875 0.1984375 0.02265625 0.0109375
0 0.30078125 0.27734375 0.01953125 0.0140625
0 0.3671875 0.27578125 0.01953125 0.01484375
0 0.46953125 0.284375 0.01953125 0.0125
0 0.55078125 0.28515625 0.02109375 0.01640625
0 0.6328125 0.28359375 0.02109375 0.01640625
0 0.7453125 0.28828125 0.01953125 0.0125
0 0.8921875 0.2875 0.025 0.0125
0 0.9484375 0.28671875 0.02265625 0.0140625
0 0.30234375 0.3375 0.01953125 0.0109375
0 0.3671875 0.3390625 0.02109375 0.0125
0 0.47109375 0.3515625 0.01953125 0.0109375
0 0.55078125 0.3515625 0.02109375 0.01015625
0 0.6328125 0.34375 0.01953125 0.0109375
0 0.7453125 0.33671875 0.01953125 0.0109375
0 0.89296875 0.3546875 0.015625 0.0140625
0 0.94765625 0.3546875 0.015625 0.0125
0 0.1046875 0.44375 0.01796875 0.0109375
0 0.1984375 0.446875 0.01953125 0.0125
0 0.290625 0.4328125 0.01953125 0.0140625
0 0.4125 0.4375 0.01953125 0.0125
0 0.49296875 0.4375 0.01953125 0.0125
0 0.57578125 0.4296875 0.02265625 0.0140625
0 0.6328125 0.428125 0.02109375 0.0125
0 0.72734375 0.42265625 0.025 0.01015625
0 0.81875 0.4296875 0.01953125 0.0109375
0 0.9109375 0.43671875 0.01953125 0.01015625
0 0.10546875 0.53671875 0.02109375 0.0125
0 0.19453125 0.54296875 0.025 0.0109375
0 0.2890625 0.54453125 0.015625 0.0109375
0 0.409375 0.5328125 0.02109375 0.0109375
0 0.49375 0.5328125 0.01953125 0.01484375
0 0.57421875 0.52578125 0.01953125 0.0109375
0 0.63125 0.52578125 0.02265625 0.0109375
0 0.72890625 0.5328125 0.01953125 0.0140625
0 0.81796875 0.525 0.015625 0.0125
0 0.909375 0.5328125 0.01953125 0.0140625
0 0.1046875 0.5859375 0.01953125 0.0109375
0 0.19609375 0.58671875 0.02109375 0.01015625
0 0.2921875 0.58671875 0.0140625 0.01015625
0 0.41484375 0.58125 0.01796875 0.01484375
0 0.49296875 0.5828125 0.01953125 0.0125
0 0.575 0.6015625 0.0265625 0.0109375
0 0.63359375 0.6015625 0.02265625 0.0109375
0 0.728125 0.6015625 0.02109375 0.01015625
0 0.81796875 0.60078125 0.01953125 0.0109375
0 0.91171875 0.60078125 0.0140625 0.01015625
0 0.09609375 0.6890625 0.01953125 0.01015625
0 0.15859375 0.69296875 0.01953125 0.01015625
0 0.21484375 0.675 0.01953125 0.0125
0 0.2625 0.675 0.01953125 0.0109375
0 0.33203125 0.6796875 0.01953125 0.0109375
0 0.4015625 0.6859375 0.025 0.0109375
0 0.4671875 0.6828125 0.01953125 0.01015625
0 0.559375 0.68671875 0.015625 0.0109375
0 0.61953125 0.68671875 0.01953125 0.0109375
0 0.6734375 0.69609375 0.01796875 0.0140625
0 0.71484375 0.696875 0.01953125 0.0109375
0 0.79140625 0.6859375 0.01796875 0.0109375
0 0.846875 0.6859375 0.01953125 0.0109375
0 0.09765625 0.7796875 0.02109375 0.0109375
0 0.1578125 0.77890625 0.01953125 0.0109375
0 0.21484375 0.771875 0.02109375 0.01015625
0 0.2609375 0.77109375 0.01796875 0.01015625
0 0.33046875 0.775 0.02109375 0.01015625
0 0.40078125 0.77578125 0.01796875 0.01015625
0 0.46640625 0.7671875 0.01953125 0.0125
0 0.55859375 0.7828125 0.01953125 0.0109375
0 0.61875 0.7828125 0.02109375 0.0140625
0 0.67265625 0.77421875 0.01953125 0.0140625
0 0.71484375 0.77578125 0.0140625 0.01015625
0 0.7890625 0.7828125 0.01796875 0.0109375
0 0.84765625 0.7828125 0.01796875 0.0125
0 0.09765625 0.84765625 0.01953125 0.0109375
0 0.1578125 0.84609375 0.02265625 0.0109375
0 0.215625 0.846875 0.01953125 0.0140625
0 0.26015625 0.84609375 0.02109375 0.01015625
0 0.33046875 0.85 0.02265625 0.0109375
0 0.39921875 0.84375 0.02265625 0.01015625
0 0.46484375 0.8609375 0.0265625 0.01015625
0 0.56015625 0.84921875 0.02109375 0.01015625
0 0.61953125 0.85 0.01796875 0.0109375
0 0.67265625 0.8359375 0.02265625 0.0125
0 0.715625 0.8359375 0.025 0.0125
0 0.790625 0.85 0.02109375 0.0109375
0 0.84609375 0.85 0.0265625 0.0125
2 0.33515625 0.1734375 0.09765625 0.01015625
2 0.92265625 0.17421875 0.0796875 0.0078125
2 0.33828125 0.25390625 0.09375 0.00859375
2 0.92578125 0.2640625 0.08125 0.00859375
2 0.328125 0.3609375 0.09375 0.0078125
2 0.92265625 0.33125 0.08671875 0.0078125
2 0.59453125 0.45234375 0.0828125 0.00859375
2 0.6078125 0.5015625 0.0796875 0.00859375
2 0.60625 0.57734375 0.0796875 0.01015625
2 0.23125 0.7 0.07578125 0.0078125
2 0.7 0.67265625 0.065625 0.0078125
2 0.24140625 0.7484375 0.07265625 0.00859375
2 0.70234375 0.7515625 0.0671875 0.00859375
2 0.6859375 0.86015625 0.0640625 0.0109375
2 0.2375 0.86953125 0.0828125 0.00859375