0 0.2515625 0.1703125 0.02109375 0.0140625
0 0.28515625 0.17109375 0.02265625 0.0140625
0 0.31796875 0.16953125 0.01953125 0.0140625
0 0.3515625 0.16640625 0.01796875 0.0140625
0 0.384375 0.16171875 0.01953125 0.0140625
0 0.4171875 0.16171875 0.02109375 0.0140625
0 0.46953125 0.1625 0.01953125 0.0109375
0 0.53984375 0.17109375 0.01953125 0.0140625
0 0.59296875 0.1671875 0.01796875 0.0140625
0 0.63203125 0.16328125 0.01796875 0.0109375
0 0.67109375 0.16328125 0.01953125 0.01015625
0 0.728125 0.1625 0.01796875 0.01015625
0 0.76015625 0.1671875 0.01953125 0.0140625
0 0.79296875 0.16640625 0.02265625 0.01015625
0 0.825 0.16953125 0.015625 0.01015625
0 0.871875 0.1703125 0.01796875 0.01015625
0 0.90703125 0.1734375 0.0265625 0.0109375
0 0.93984375 0.1703125 0.02109375 0.0109375
0 0.1421875 0.359375 0.01796875 0.01015625
0 0.1984375 0.36015625 0.015625 0.0125
0 0.340625 0.35859375 0.01796875 0.0125
0 0.4671875 0.3609375 0.01953125 0.0140625
0 0.5046875 0.3609375 0.025 0.0140625
0 0.5390625 0.3609375 0.015625 0.0125
0 0.57578125 0.35625 0.01953125 0.0140625
0 0.61171875 0.35234375 0.01953125 0.01015625
0 0.6484375 0.35390625 0.01953125 0.0140625
0 0.70703125 0.35234375 0.01953125 0.0140625
0 0.784375 0.36015625 0.02109375 0.00859375
0 0.8421875 0.35546875 0.01796875 0.0109375
0 0.884375 0.35390625 0.01796875 0.0109375
0 0.92890625 0.35234375 0.01953125 0.0109375
0 0.12890625 0.5421875 0.01953125 0.0109375
0 0.165625 0.5453125 0.01953125 0.01015625
0 0.2015625 0.54609375 0.015625 0.0125
0 0.2390625 0.55078125 0.01953125 0.01015625
0 0.2890625 0.54921875 0.01796875 0.01484375
0 0.32578125 0.553125 0.028125 0.0140625
0 0.36015625 0.54921875 0.02265625 0.0109375
0 0.43046875 0.55078125 0.01953125 0.0125
0 0.48671875 0.55078125 0.01796875 0.0109375
0 0.62734375 0.55078125 0.02265625 0.0140625
0 0.784375 0.5421875 0.02265625 0.0125
0 0.8265625 0.5421875 0.01953125 0.0109375
0 0.86796875 0.5390625 0.01796875 0.0125
0 0.91171875 0.5359375 0.01796875 0.01015625
0 0.1390625 0.7203125 0.01953125 0.0109375
0 0.24609375 0.72578125 0.01796875 0.0109375
0 0.34375 0.7296875 0.02109375 0.0109375
0 0.421875 0.7296875 0.02109375 0.0140625
0 0.49609375 0.73671875 0.01953125 0.0140625
0 0.540625 0.73671875 0.01796875 0.0140625
0 0.58203125 0.7328125 0.01796875 0.0140625
0 0.62265625 0.728125 0.01796875 0.01484375
0 0.70234375 0.7265625 0.015625 0.0109375
0 0.73984375 0.72890625 0.01953125 0.0140625
0 0.778125 0.7328125 0.015625 0.0140625
0 0.81171875 0.728125 0.01953125 0.0140625
0 0.8640625 0.7328125 0.02265625 0.0140625
0 0.9 0.73671875 0.015625 0.0140625
0 0.934375 0.73203125 0.01953125 0.0109375
0 0.1328125 0.92109375 0.01953125 0.01015625
0 0.20859375 0.93125 0.01953125 0.0125
0 0.253125 0.9296875 0.01796875 0.0140625
0 0.29375 0.92578125 0.0140625 0.01640625
0 0.3359375 0.921875 0.015625 0.0109375
0 0.4265625 0.92265625 0.01953125 0.0125
0 0.5671875 0.921875 0.01953125 0.01015625
0 0.62578125 0.9265625 0.01953125 0.0109375
0 0.70390625 0.92421875 0.015625 0.0125
0 0.775 0.92578125 0.01953125 0.01015625
0 0.81484375 0.92109375 0.01796875 0.0109375
0 0.8546875 0.925 0.01796875 0.0140625
0 0.8921875 0.934375 0.0265625 0.01484375
0 0.93203125 0.9296875 0.01953125 0.01015625
2 0.27265625 0.1453125 0.06015625 0.0078125
2 0.378125 0.14375 0.12421875 0.01484375
2 0.63515625 0.140625 0.10078125 0.0109375
2 0.76171875 0.1421875 0.0921875 0.0125
2 0.90703125 0.146875 0.08515625 0.0078125
2 0.49140625 0.33671875 0.05625 0.01015625
2 0.60078125 0.33125 0.134375 0.00859375
2 0.8890625 0.33046875 0.11875 0.00859375
2 0.16875 0.5203125 0.09375 0.0140625
2 0.328125 0.525 0.0921875 0.00859375
2 0.85546875 0.51484375 0.05859375 0.01015625
2 0.56484375 0.709375 0.0640625 0.0109375
2 0.740625 0.70390625 0.09765625 0.01640625
2 0.90546875 0.71015625 0.09765625 0.0078125
2 0.278125 0.903125 0.06015625 0.0109375
2 0.59921875 0.89921875 0.078125 0.01484375
2 0.87890625 0.9015625 0.13125 0.0140625