0 0.18671875 0.13125 0.01953125 0.0109375
0 0.21484375 0.1359375 0.01953125 0.0109375
0 0.23828125 0.1296875 0.01953125 0.0125
0 0.2625 0.134375 0.015625 0.0125
0 0.2921875 0.13046875 0.015625 0.01015625
0 0.309375 0.13984375 0.01796875 0.0125
0 0.35625 0.1453125 0.01796875 0.0140625
0 0.43203125 0.1421875 0.01953125 0.00859375
0 0.46640625 0.1375 0.015625 0.0125
0 0.515625 0.13359375 0.01796875 0.00859375
0 0.5453125 0.13828125 0.0140625 0.0125
0 0.56640625 0.134375 0.0140625 0.0109375
0 0.5921875 0.13828125 0.01796875 0.0109375
0 0.6203125 0.134375 0.01953125 0.0109375
0 0.6390625 0.14375 0.01796875 0.01015625
0 0.684375 0.14921875 0.02109375 0.0109375
0 0.7609375 0.1453125 0.02265625 0.0109375
0 0.79609375 0.14296875 0.01796875 0.0140625
0 0.84609375 0.13671875 0.01953125 0.01015625
0 0.875 0.14296875 0.01796875 0.01484375
0 0.89765625 0.13828125 0.01796875 0.0140625
0 0.92421875 0.1421875 0.01953125 0.0140625
0 0.94921875 0.1390625 0.02109375 0.0140625
0 0.97578125 0.1484375 0.01796875 0.0140625
0 0.1 0.228125 0.02109375 0.0140625
0 0.16171875 0.2265625 0.02109375 0.0125
0 0.19296875 0.22421875 0.01796875 0.0140625
0 0.22734375 0.2203125 0.01953125 0.0125
0 0.29453125 0.22265625 0.01796875 0.0109375
0 0.50546875 0.21640625 0.01953125 0.01015625
0 0.534375 0.2171875 0.01796875 0.0125
0 0.56640625 0.215625 0.01953125 0.0140625
0 0.59609375 0.21171875 0.01796875 0.0125
0 0.64609375 0.2109375 0.01953125 0.0125
0 0.68828125 0.209375 0.01953125 0.0109375
0 0.71796875 0.20859375 0.01796875 0.01015625
0 0.74921875 0.20859375 0.01953125 0.0109375
0 0.78046875 0.20859375 0.01796875 0.0125
0 0.8265625 0.19140625 0.01953125 0.0125
0 0.85546875 0.18984375 0.01953125 0.0109375
0 0.88515625 0.190625 0.01953125 0.0125
0 0.9140625 0.190625 0.01796875 0.0125
0 0.94375 0.18984375 0.015625 0.01015625
0 0.97265625 0.190625 0.01953125 0.01015625
0 0.1015625 0.2703125 0.0140625 0.01015625
0 0.1828125 0.2765625 0.01796875 0.0125
0 0.321875 0.26953125 0.01953125 0.0109375
0 0.3515625 0.2703125 0.01796875 0.0125
0 0.38046875 0.265625 0.01953125 0.0109375
0 0.41484375 0.26953125 0.02109375 0.0109375
0 0.459375 0.2734375 0.015625 0.0140625
0 0.48828125 0.27265625 0.01796875 0.0125
0 0.515625 0.2734375 0.01796875 0.01015625
0 0.54609375 0.2734375 0.01796875 0.0109375
0 0.57265625 0.2734375 0.015625 0.01015625
0 0.60234375 0.27734375 0.01796875 0.01015625
0 0.64375 0.2734375 0.01953125 0.01015625
0 0.67265625 0.2734375 0.02109375 0.01015625
0 0.7 0.27421875 0.015625 0.01015625
0 0.72890625 0.27578125 0.015625 0.01015625
0 0.75546875 0.2703125 0.01796875 0.0109375
0 0.78515625 0.27265625 0.01796875 0.0109375
0 0.8453125 0.2828125 0.02109375 0.0140625
0 0.1671875 0.3546875 0.01796875 0.00859375
0 0.2 0.35859375 0.01796875 0.01015625
0 0.23203125 0.35859375 0.01796875 0.01015625
0 0.28046875 0.36171875 0.01796875 0.0140625
0 0.33984375 0.36171875 0.02109375 0.01015625
0 0.37734375 0.3609375 0.02109375 0.0125
0 0.4109375 0.35859375 0.015625 0.0109375
0 0.46484375 0.3546875 0.02109375 0.0109375
0 0.52421875 0.340625 0.01796875 0.0125
0 0.55859375 0.340625 0.02109375 0.0125
0 0.59453125 0.34375 0.02265625 0.01015625
0 0.6515625 0.34765625 0.02265625 0.01015625
0 0.7203125 0.3578125 0.025 0.0125
0 0.87421875 0.346875 0.02109375 0.0140625
0 0.90546875 0.34765625 0.015625 0.0140625
0 0.934375 0.346875 0.02109375 0.0125
0 0.96875 0.3515625 0.01796875 0.01015625
0 0.0953125 0.41953125 0.02265625 0.0125
0 0.140625 0.4265625 0.01796875 0.01015625
0 0.16796875 0.41875 0.02109375 0.01015625
0 0.20390625 0.4265625 0.015625 0.0125
0 0.22890625 0.43359375 0.02265625 0.01015625
0 0.2796875 0.4296875 0.015625 0.01015625
0 0.321875 0.4328125 0.02109375 0.01015625
0 0.35234375 0.4328125 0.0140625 0.0109375
0 0.384375 0.43671875 0.01953125 0.01015625
0 0.4125 0.44140625 0.02109375 0.0109375
0 0.47890625 0.43359375 0.01953125 0.0125
0 0.71796875 0.42109375 0.01953125 0.0109375
0 0.74921875 0.42265625 0.01953125 0.01015625
0 0.7796875 0.4265625 0.01953125 0.0140625
0 0.8265625 0.4296875 0.02109375 0.0109375
0 0.85625 0.43046875 0.01953125 0.0125
0 0.88671875 0.43671875 0.01796875 0.0109375
0 0.91484375 0.4375 0.01796875 0.0109375
0 0.94375 0.43671875 0.01796875 0.0109375
0 0.97265625 0.43359375 0.02109375 0.01015625
0 0.09296875 0.5046875 0.02109375 0.01015625
0 0.12421875 0.5046875 0.01953125 0.0109375
0 0.15078125 0.4890625 0.01796875 0.0125
0 0.1796875 0.4890625 0.01953125 0.0125
0 0.20703125 0.490625 0.01796875 0.0125
0 0.23515625 0.49453125 0.02109375 0.0109375
0 0.2828125 0.496875 0.02109375 0.0109375
0 0.365625 0.5078125 0.02109375 0.0109375
0 0.53359375 0.49609375 0.01796875 0.0109375
0 0.56484375 0.4984375 0.01953125 0.0109375
0 0.59765625 0.5015625 0.01796875 0.0109375
0 0.64375 0.49375 0.01796875 0.01015625
0 0.67109375 0.49453125 0.01953125 0.01015625
0 0.70078125 0.50078125 0.015625 0.01015625
0 0.72890625 0.49453125 0.015625 0.0109375
0 0.75625 0.5015625 0.01953125 0.0109375
0 0.784375 0.5078125 0.01953125 0.0109375
0 0.82890625 0.5046875 0.01796875 0.0109375
0 0.85625 0.5078125 0.01953125 0.0109375
0 0.88671875 0.5078125 0.015625 0.01015625
0 0.91328125 0.50859375 0.01953125 0.0125
0 0.94375 0.5125 0.01953125 0.0109375
0 0.97265625 0.5078125 0.02109375 0.01015625
0 0.11328125 0.5828125 0.01953125 0.0125
0 0.32421875 0.57265625 0.01953125 0.0109375
0 0.35234375 0.57265625 0.01796875 0.0109375
0 0.384375 0.57265625 0.015625 0.0125
0 0.41484375 0.5765625 0.01796875 0.0109375
0 0.459375 0.5796875 0.01796875 0.00859375
0 0.490625 0.5796875 0.01796875 0.0109375
0 0.51875 0.57890625 0.015625 0.0125
0 0.5453125 0.5796875 0.01953125 0.0125
0 0.57265625 0.57890625 0.01953125 0.01015625
0 0.60078125 0.5828125 0.02109375 0.0125
0 0.64375 0.5796875 0.01796875 0.0109375
0 0.6734375 0.57890625 0.01953125 0.0125
0 0.7 0.5640625 0.02265625 0.0109375
0 0.72890625 0.5640625 0.01953125 0.0125
0 0.7546875 0.56328125 0.01796875 0.0140625
0 0.78671875 0.56875 0.02109375 0.0109375
0 0.83359375 0.57109375 0.01953125 0.01015625
0 0.91875 0.58359375 0.02109375 0.01015625
0 0.1375 0.646875 0.025 0.01015625
0 0.16953125 0.646875 0.01796875 0.01015625
0 0.1984375 0.646875 0.01953125 0.01015625
0 0.23125 0.646875 0.01796875 0.01015625
0 0.275 0.6390625 0.02109375 0.01015625
0 0.30625 0.640625 0.01953125 0.01015625
0 0.3328125 0.64765625 0.01953125 0.0078125
0 0.36015625 0.63984375 0.02265625 0.00859375
0 0.3890625 0.646875 0.015625 0.00859375
0 0.41953125 0.63984375 0.01953125 0.0109375
0 0.459375 0.64375 0.015625 0.0109375
0 0.48671875 0.64296875 0.015625 0.01015625
0 0.515625 0.6515625 0.01953125 0.01015625
0 0.54140625 0.646875 0.01796875 0.0109375
0 0.56640625 0.64375 0.02109375 0.0140625
0 0.5953125 0.6515625 0.01953125 0.01015625
0 0.6953125 0.64609375 0.01953125 0.0109375
0 0.87265625 0.6390625 0.025 0.0125
0 0.90234375 0.6390625 0.01796875 0.01015625
0 0.9375 0.6421875 0.02109375 0.01015625
0 0.96953125 0.646875 0.02109375 0.0125
0 0.10234375 0.7078125 0.028125 0.01015625
0 0.13359375 0.70625 0.025 0.0140625
0 0.16015625 0.70703125 0.01953125 0.0109375
0 0.18828125 0.70625 0.0265625 0.0140625
0 0.215625 0.7046875 0.02265625 0.01484375
0 0.2453125 0.709375 0.01953125 0.0125
0 0.284375 0.7109375 0.02109375 0.01015625
0 0.315625 0.71015625 0.02109375 0.01015625
0 0.346875 0.71015625 0.02109375 0.01015625
0 0.37890625 0.70390625 0.03046875 0.01015625
0 0.42109375 0.7078125 0.03046875 0.01015625
0 0.46796875 0.7140625 0.025 0.01015625
0 0.5140625 0.7203125 0.02109375 0.01015625
0 0.54375 0.7203125 0.02109375 0.0109375
0 0.5734375 0.721875 0.02109375 0.01015625
0 0.60234375 0.7171875 0.01953125 0.0125
0 0.64765625 0.7140625 0.01953125 0.0109375
0 0.67578125 0.7140625 0.01796875 0.0109375
0 0.70234375 0.71484375 0.01953125 0.0109375
0 0.73046875 0.70546875 0.025 0.0109375
0 0.76015625 0.70703125 0.025 0.0109375
0 0.78828125 0.71171875 0.02109375 0.01015625
0 0.83125 0.715625 0.01953125 0.0109375
0 0.859375 0.71796875 0.01953125 0.01015625
0 0.8890625 0.7171875 0.02265625 0.0140625
0 0.91484375 0.71875 0.01796875 0.0125
0 0.94375 0.7171875 0.01953125 0.01015625
0 0.975 0.72109375 0.01953125 0.01015625
0 0.1015625 0.796875 0.01796875 0.00859375
0 0.13125 0.79765625 0.01796875 0.0109375
0 0.15859375 0.796875 0.01796875 0.0109375
0 0.1859375 0.796875 0.01953125 0.0125
0 0.21484375 0.78515625 0.01953125 0.0109375
0 0.24140625 0.7859375 0.01796875 0.01015625
0 0.30234375 0.7890625 0.01953125 0.0109375
0 0.51171875 0.7890625 0.01953125 0.0109375
0 0.540625 0.78984375 0.01953125 0.01015625
0 0.57421875 0.79375 0.02109375 0.0125
0 0.6015625 0.79609375 0.015625 0.0109375
0 0.65078125 0.78125 0.03046875 0.0109375
0 0.7140625 0.78125 0.03359375 0.01015625
0 0.746875 0.7796875 0.025 0.0140625
0 0.78125 0.7859375 0.01796875 0.0125
0 0.83125 0.7859375 0.025 0.00859375
0 0.865625 0.7859375 0.02265625 0.01015625
0 0.89921875 0.78046875 0.03046875 0.0109375
0 0.92890625 0.77890625 0.02109375 0.0125
0 0.96640625 0.7828125 0.03203125 0.00859375
0 0.10625 0.8640625 0.01953125 0.01015625
0 0.16953125 0.8703125 0.01796875 0.01015625
0 0.2046875 0.871875 0.02109375 0.0109375
0 0.2359375 0.86796875 0.01953125 0.01015625
0 0.284375 0.8640625 0.01796875 0.01015625
0 0.31328125 0.8640625 0.01796875 0.0125
0 0.3390625 0.8609375 0.015625 0.01640625
0 0.3671875 0.853125 0.03203125 0.0125
0 0.39765625 0.85703125 0.01953125 0.01015625
0 0.4265625 0.85390625 0.0265625 0.0140625
0 0.46875 0.8578125 0.0265625 0.01015625
0 0.52890625 0.85703125 0.03359375 0.00859375
0 0.565625 0.8546875 0.0265625 0.0109375
0 0.59921875 0.85625 0.02265625 0.0109375
0 0.6453125 0.8609375 0.02109375 0.00859375
0 0.67578125 0.8640625 0.01953125 0.0125
0 0.70625 0.8640625 0.02109375 0.01015625
0 0.73203125 0.86875 0.01796875 0.01015625
0 0.7609375 0.8640625 0.02265625 0.00859375
0 0.7875 0.871875 0.01953125 0.0109375
0 0.846875 0.871875 0.01953125 0.0125
2 0.2 0.109375 0.040625 0.00859375
2 0.253125 0.11015625 0.04609375 0.01015625
2 0.30625 0.10859375 0.0390625 0.0171875
2 0.4515625 0.11640625 0.04921875 0.01015625
2 0.53125 0.11328125 0.04453125 0.0109375
2 0.5828125 0.1109375 0.0390625 0.0125
2 0.63125 0.1140625 0.0390625 0.01484375
2 0.78125 0.11796875 0.04921875 0.0125
2 0.8609375 0.115625 0.04921875 0.0109375
2 0.9140625 0.11484375 0.040625 0.0109375
2 0.96640625 0.11640625 0.04453125 0.0140625
2 0.21484375 0.19765625 0.0515625 0.01015625
2 0.525 0.19140625 0.04609375 0.01015625
2 0.58671875 0.190625 0.04453125 0.0109375
2 0.709375 0.18515625 0.053125 0.01015625
2 0.76796875 0.184375 0.04921875 0.01015625
2 0.8359375 0.2140625 0.040625 0.00859375
2 0.89453125 0.2140625 0.0375 0.01015625
2 0.953125 0.2140625 0.040625 0.0109375
2 0.33046875 0.29296875 0.04609375 0.0109375
2 0.3921875 0.290625 0.0421875 0.0140625
2 0.4671875 0.2953125 0.0390625 0.00859375
2 0.52109375 0.29609375 0.04609375 0.01015625
2 0.58046875 0.2984375 0.040625 0.01015625
2 0.65234375 0.296875 0.0390625 0.00859375
2 0.709375 0.2984375 0.040625 0.01015625
2 0.765625 0.29453125 0.0390625 0.0109375
2 0.22265625 0.33359375 0.0375 0.0125
2 0.3984375 0.3359375 0.04609375 0.0078125
2 0.57109375 0.36484375 0.0375 0.01015625
2 0.884375 0.37109375 0.0390625 0.01015625
2 0.94609375 0.371875 0.04609375 0.01015625
2 0.15078125 0.4453125 0.0375 0.01484375
2 0.21328125 0.453125 0.03515625 0.0125
2 0.34375 0.409375 0.04453125 0.01015625
2 0.4078125 0.41484375 0.03515625 0.00859375
2 0.71953125 0.43828125 0.015625 0.0203125
2 0.759375 0.446875 0.03359375 0.0125
2 0.83828125 0.4515625 0.0375 0.00859375
2 0.9078125 0.41328125 0.0390625 0.0109375
2 0.9625 0.41015625 0.0421875 0.0109375
2 0.10234375 0.52734375 0.0390625 0.00859375
2 0.16171875 0.5140625 0.03359375 0.01015625
2 0.2171875 0.5171875 0.03359375 0.01015625
2 0.575 0.5234375 0.0375 0.0125
2 0.65234375 0.5171875 0.03359375 0.01015625
2 0.709375 0.52109375 0.03203125 0.0171875
2 0.76640625 0.52734375 0.03359375 0.0140625
2 0.84921875 0.48203125 0.04609375 0.0140625
2 0.90625 0.484375 0.0375 0.00859375
2 0.96484375 0.484375 0.040625 0.01015625
2 0.3328125 0.59609375 0.03203125 0.0078125
2 0.39375 0.59765625 0.0265625 0.01015625
2 0.46875 0.60234375 0.03515625 0.00859375
2 0.5265625 0.60234375 0.03515625 0.0078125
2 0.59609375 0.55546875 0.0375 0.0125
2 0.65234375 0.6015625 0.0390625 0.01015625
2 0.70703125 0.5890625 0.040625 0.01015625
2 0.7625 0.590625 0.0375 0.01015625
2 0.14921875 0.6703125 0.03359375 0.0109375
2 0.209375 0.6703125 0.03515625 0.00859375
2 0.2859375 0.6640625 0.03359375 0.00859375
2 0.3453125 0.6671875 0.03203125 0.01484375
2 0.40078125 0.66640625 0.03359375 0.01640625
2 0.46875 0.6671875 0.03359375 0.01015625
2 0.52421875 0.671875 0.03046875 0.0109375
2 0.575 0.67109375 0.028125 0.01640625
2 0.8859375 0.6640625 0.0390625 0.01015625
2 0.94921875 0.6703125 0.03515625 0.0109375
2 0.1125 0.73125 0.03515625 0.01015625
2 0.16953125 0.7296875 0.03359375 0.00859375
2 0.22578125 0.73203125 0.03203125 0.0125
2 0.29609375 0.734375 0.040625 0.01015625
2 0.52421875 0.7453125 0.0375 0.00859375
2 0.58203125 0.74453125 0.03515625 0.0125
2 0.65859375 0.7390625 0.03359375 0.0109375
2 0.71328125 0.734375 0.03203125 0.0140625
2 0.7671875 0.7328125 0.03046875 0.01015625
2 0.83984375 0.740625 0.03515625 0.0109375
2 0.89453125 0.7421875 0.03359375 0.00625
2 0.94921875 0.74375 0.0390625 0.0109375
2 0.1109375 0.8203125 0.03359375 0.00859375
2 0.16640625 0.8203125 0.03515625 0.01015625
2 0.22265625 0.809375 0.03359375 0.0109375
2 0.52109375 0.81328125 0.03515625 0.01015625
2 0.58125 0.81796875 0.03359375 0.0109375
2 0.76015625 0.8078125 0.0390625 0.00859375
2 0.84609375 0.809375 0.0390625 0.01015625
2 0.2171875 0.8953125 0.0375 0.0171875
2 0.29375 0.890625 0.0390625 0.0171875
2 0.346875 0.88515625 0.040625 0.0171875
2 0.4046875 0.878125 0.0375 0.0140625
2 0.57890625 0.878125 0.0421875 0.0125
2 0.65390625 0.8859375 0.0390625 0.01015625
2 0.709375 0.8890625 0.0375 0.01015625
2 0.7671875 0.890625 0.0421875 0.0109375