0 0.28203125 0.16953125 0.025 0.0125
0 0.3046875 0.1609375 0.015625 0.0125
0 0.32265625 0.15546875 0.0140625 0.0125
0 0.3390625 0.1515625 0.015625 0.0109375
0 0.375 0.16484375 0.025 0.0109375
0 0.52578125 0.16875 0.028125 0.01015625
0 0.54921875 0.16171875 0.02265625 0.00859375
0 0.56875 0.15546875 0.01953125 0.0140625
0 0.584375 0.1515625 0.01796875 0.0140625
0 0.61953125 0.14921875 0.02109375 0.01015625
0 0.7734375 0.15234375 0.01953125 0.0125
0 0.79296875 0.1484375 0.015625 0.0109375
0 0.81171875 0.1453125 0.02109375 0.0140625
0 0.82890625 0.140625 0.01796875 0.0109375
0 0.859375 0.1390625 0.01953125 0.0140625
0 0.89609375 0.1390625 0.02109375 0.0109375
0 0.915625 0.1421875 0.0140625 0.01484375
0 0.93359375 0.1453125 0.01796875 0.0140625
0 0.9546875 0.1484375 0.01796875 0.0140625
0 0.1140625 0.27109375 0.01953125 0.01015625
0 0.1578125 0.2625 0.015625 0.01015625
0 0.1828125 0.26484375 0.01796875 0.01015625
0 0.20078125 0.27109375 0.01796875 0.0140625
0 0.225 0.278125 0.01953125 0.0125
0 0.2609375 0.28203125 0.02265625 0.01015625
0 0.4453125 0.2875 0.028125 0.00859375
0 0.46796875 0.28046875 0.02265625 0.0109375
0 0.4890625 0.27421875 0.01796875 0.01015625
0 0.51171875 0.2703125 0.015625 0.00859375
0 0.55234375 0.28359375 0.025 0.0140625
0 0.73203125 0.28828125 0.0265625 0.0140625
0 0.7578125 0.28203125 0.025 0.0140625
0 0.77734375 0.27421875 0.01796875 0.0125
0 0.7984375 0.27265625 0.01953125 0.01484375
0 0.83203125 0.26953125 0.01953125 0.0125
0 0.878125 0.26640625 0.02109375 0.0109375
0 0.90078125 0.26875 0.015625 0.0140625
0 0.92578125 0.2640625 0.01953125 0.01015625
0 0.94609375 0.2578125 0.015625 0.0109375
0 0.58671875 0.39296875 0.01796875 0.0125
0 0.609375 0.38828125 0.015625 0.0125
0 0.634375 0.38359375 0.01953125 0.01015625
0 0.65546875 0.3796875 0.02109375 0.01015625
0 0.69765625 0.37734375 0.025 0.0125
0 0.87890625 0.396875 0.01953125 0.0125
0 0.90625 0.3953125 0.01796875 0.0171875
0 0.92578125 0.390625 0.02109375 0.0125
0 0.94765625 0.3765625 0.015625 0.0125
0 0.4078125 0.3921875 0.01796875 0.0125
0 0.36796875 0.384375 0.01953125 0.0109375
0 0.3453125 0.38828125 0.01796875 0.0125
0 0.325 0.38203125 0.01796875 0.01015625
0 0.32265625 0.5078125 0.0125 0.0109375
0 0.34609375 0.5046875 0.015625 0.0109375
0 0.36953125 0.5015625 0.0140625 0.0109375
0 0.40234375 0.4984375 0.015625 0.0109375
0 0.446875 0.496875 0.01796875 0.0109375
0 0.46953125 0.5015625 0.015625 0.0140625
0 0.4890625 0.5046875 0.01796875 0.0125
0 0.5109375 0.5078125 0.015625 0.0140625
0 0.54375 0.5109375 0.015625 0.0125
0 0.58515625 0.51171875 0.01796875 0.0125
0 0.60625 0.50625 0.01796875 0.0109375
0 0.62734375 0.50390625 0.01796875 0.0109375
0 0.6484375 0.5109375 0.01796875 0.0125
0 0.71953125 0.50703125 0.02265625 0.01015625
0 0.87734375 0.52421875 0.0265625 0.01484375
0 0.9015625 0.5171875 0.01796875 0.0109375
0 0.92734375 0.5109375 0.0140625 0.0109375
0 0.94765625 0.5078125 0.02109375 0.01015625
0 0.32578125 0.6375 0.0140625 0.0125
0 0.3453125 0.6296875 0.0140625 0.0125
0 0.36796875 0.62734375 0.015625 0.0109375
0 0.4078125 0.6234375 0.01953125 0.01015625
0 0.58671875 0.628125 0.02265625 0.0109375
0 0.60859375 0.62265625 0.0140625 0.0125
0 0.63515625 0.6203125 0.01796875 0.0109375
0 0.65546875 0.61796875 0.01796875 0.0125
0 0.68828125 0.6140625 0.015625 0.0125
0 0.7328125 0.6140625 0.015625 0.0109375
0 0.75625 0.61796875 0.0140625 0.0171875
0 0.775 0.6203125 0.015625 0.0140625
0 0.7984375 0.62421875 0.015625 0.01484375
0 0.83359375 0.6265625 0.01796875 0.01484375
0 0.88125 0.6171875 0.01796875 0.0125
0 0.9 0.62109375 0.015625 0.01484375
0 0.92421875 0.6234375 0.015625 0.0125
0 0.946875 0.62734375 0.02109375 0.0125
0 0.32421875 0.7578125 0.01953125 0.0125
0 0.3453125 0.75 0.01796875 0.0125
0 0.3671875 0.74609375 0.015625 0.0125
0 0.40703125 0.7609375 0.025 0.0109375
0 0.58828125 0.76171875 0.0265625 0.0109375
0 0.61328125 0.7578125 0.01796875 0.0109375
0 0.634375 0.75 0.01796875 0.0109375
0 0.65859375 0.74765625 0.01796875 0.0109375
0 0.6890625 0.74375 0.02109375 0.0125
0 0.73125 0.74140625 0.015625 0.0109375
0 0.7546875 0.7453125 0.015625 0.0109375
0 0.77734375 0.74140625 0.015625 0.01484375
0 0.7984375 0.7359375 0.0140625 0.01484375
0 0.83203125 0.746875 0.01953125 0.0109375
0 0.87734375 0.74609375 0.01953125 0.0109375
0 0.9046875 0.75078125 0.01796875 0.0140625
0 0.93046875 0.746875 0.02109375 0.01015625
0 0.95078125 0.740625 0.015625 0.0109375
0 0.44453125 0.86015625 0.01953125 0.01015625
0 0.46796875 0.86328125 0.015625 0.01015625
0 0.4921875 0.859375 0.01796875 0.0109375
0 0.5140625 0.8546875 0.015625 0.01484375
0 0.5453125 0.86640625 0.01953125 0.0125
0 0.58828125 0.8671875 0.02109375 0.01015625
0 0.6109375 0.8703125 0.01796875 0.0125
0 0.634375 0.865625 0.015625 0.01015625
0 0.65546875 0.86015625 0.015625 0.0109375
0 0.6890625 0.87890625 0.0265625 0.0125
0 0.7328125 0.859375 0.01953125 0.0109375
0 0.75546875 0.85625 0.0140625 0.0125
0 0.77734375 0.86328125 0.01796875 0.0109375
0 0.79921875 0.859375 0.01796875 0.01015625
0 0.83984375 0.86484375 0.02265625 0.0109375
0 0.11328125 0.3921875 0.02265625 0.0125
0 0.15859375 0.3921875 0.01953125 0.0109375
0 0.18203125 0.3953125 0.01796875 0.0109375
0 0.20234375 0.390625 0.01796875 0.0125
0 0.2265625 0.38515625 0.01796875 0.01015625
0 0.25625 0.40390625 0.0265625 0.0140625
0 0.3015625 0.38515625 0.01953125 0.01015625
0 0.3015625 0.51171875 0.015625 0.01015625
0 0.3015625 0.64296875 0.02265625 0.0140625
0 0.12265625 0.640625 0.0265625 0.0125
0 0.11953125 0.75546875 0.01796875 0.0140625
0 0.29921875 0.76328125 0.02109375 0.01015625
0 0.1140625 0.8796875 0.025 0.00859375
0 0.15625 0.8609375 0.01953125 0.01015625
0 0.1828125 0.85703125 0.015625 0.01015625
0 0.20234375 0.8640625 0.015625 0.0125
0 0.2265625 0.86015625 0.0140625 0.01015625
0 0.26484375 0.8671875 0.02109375 0.01015625
2 0.3140625 0.134375 0.07265625 0.0109375
2 0.19609375 0.24296875 0.0828125 0.01484375
2 0.48125 0.253125 0.08125 0.0125
2 0.34140625 0.3625 0.0796875 0.00859375
2 0.19765625 0.3671875 0.08125 0.0140625
2 0.340625 0.48359375 0.08125 0.0140625
2 0.48515625 0.48046875 0.08125 0.0140625
2 0.3390625 0.60859375 0.08515625 0.0140625
2 0.3390625 0.728125 0.0796875 0.0125
2 0.1875 0.884375 0.08828125 0.0109375
2 0.4734375 0.88046875 0.0796875 0.0140625
2 0.76171875 0.88359375 0.08515625 0.0125
2 0.63125 0.8421875 0.0828125 0.0125
2 0.62734375 0.72890625 0.0828125 0.0125
2 0.759375 0.7625 0.08515625 0.01484375
2 0.91953125 0.7234375 0.08828125 0.0109375
2 0.625 0.59921875 0.078125 0.01640625
2 0.7625 0.6421875 0.08125 0.0140625
2 0.9203125 0.5984375 0.08125 0.01484375
2 0.915625 0.490625 0.08515625 0.01484375
2 0.62109375 0.484375 0.07421875 0.00859375
2 0.62578125 0.3640625 0.08515625 0.01484375
2 0.921875 0.3578125 0.09375 0.0125
2 0.56015625 0.13359375 0.078125 0.01484375
2 0.80703125 0.1234375 0.06875 0.0125
2 0.92890625 0.1203125 0.07578125 0.0125
2 0.76953125 0.25390625 0.078125 0.0125
2 0.91953125 0.2421875 0.0796875 0.01484375