0 0.290625 0.1453125 0.01796875 0.0109375
0 0.31328125 0.13984375 0.01796875 0.0125
0 0.3390625 0.1375 0.01953125 0.0140625
0 0.3734375 0.13359375 0.01953125 0.0125
0 0.4078125 0.1484375 0.02109375 0.0125
0 0.44375 0.1359375 0.02109375 0.0140625
0 0.47578125 0.1515625 0.02109375 0.0109375
0 0.52578125 0.13984375 0.01953125 0.01640625
0 0.5578125 0.15546875 0.01796875 0.0140625
0 0.59375 0.14375 0.01796875 0.0109375
0 0.6265625 0.1578125 0.01796875 0.01484375
0 0.6734375 0.14765625 0.02265625 0.0140625
0 0.70625 0.165625 0.02109375 0.01484375
0 0.734375 0.15078125 0.01953125 0.01640625
0 0.859375 0.159375 0.0265625 0.0140625
0 0.76484375 0.16953125 0.02109375 0.0125
0 0.7859375 0.1515625 0.01796875 0.0125
0 0.80078125 0.15546875 0.01953125 0.01484375
0 0.6515625 0.2328125 0.02109375 0.0171875
0 0.715625 0.2109375 0.01796875 0.0125
0 0.76015625 0.2140625 0.02109375 0.0109375
0 0.48046875 0.3 0.01953125 0.01484375
0 0.5421875 0.27890625 0.01953125 0.01640625
0 0.584375 0.28046875 0.01953125 0.0171875
0 0.7578125 0.63046875 0.02109375 0.01015625
0 0.790625 0.63046875 0.01796875 0.01015625
0 0.80859375 0.6296875 0.0140625 0.01015625
0 0.8328125 0.63046875 0.015625 0.01015625
0 0.8453125 0.6296875 0.015625 0.0109375
0 0.26640625 0.1484375 0.01796875 0.0125
2 0.30234375 0.1671875 0.09765625 0.0140625
2 0.78828125 0.1328125 0.053125 0.01484375
2 0.80546875 0.65234375 0.05625 0.01640625