0 0.10390625 0.16875 0.02109375 0.0109375
0 0.14609375 0.1640625 0.01796875 0.0109375
0 0.18828125 0.1609375 0.02109375 0.00859375
0 0.228125 0.15703125 0.01796875 0.0109375
0 0.2671875 0.1609375 0.01796875 0.0109375
0 0.28828125 0.1609375 0.015625 0.0125
0 0.3640625 0.1609375 0.01796875 0.01015625
0 0.4984375 0.1671875 0.015625 0.0109375
0 0.53515625 0.1640625 0.015625 0.0140625
0 0.58046875 0.1609375 0.015625 0.01484375
0 0.62421875 0.1578125 0.015625 0.0109375
0 0.68828125 0.15390625 0.015625 0.01015625
0 0.88046875 0.15390625 0.0140625 0.0109375
0 0.94375 0.15703125 0.01953125 0.0109375
0 0.24375 0.83359375 0.02109375 0.0109375
0 0.24375 0.80859375 0.0125 0.0109375
0 0.28828125 0.8046875 0.015625 0.0109375
0 0.28828125 0.834375 0.02109375 0.0109375
0 0.16484375 0.80859375 0.015625 0.01015625
0 0.1625 0.82421875 0.02109375 0.01484375
0 0.0875 0.82421875 0.01953125 0.0109375
0 0.0890625 0.80859375 0.015625 0.01015625
0 0.32890625 0.8109375 0.015625 0.0078125
0 0.328125 0.8328125 0.015625 0.0109375
0 0.3625 0.8125 0.0140625 0.0109375
0 0.36484375 0.8328125 0.015625 0.0140625
0 0.54453125 0.80859375 0.02109375 0.0109375
0 0.54453125 0.834375 0.02265625 0.0125
0 0.6 0.8328125 0.02109375 0.0109375
0 0.60078125 0.8046875 0.01953125 0.0109375
0 0.634375 0.809375 0.01796875 0.0109375
0 0.6359375 0.83125 0.02109375 0.01484375
0 0.66875 0.83046875 0.01796875 0.0109375
0 0.665625 0.8109375 0.015625 0.0140625
0 0.71953125 0.81953125 0.01796875 0.0109375
0 0.7203125 0.828125 0.015625 0.0109375
0 0.77421875 0.8203125 0.01953125 0.0078125
0 0.7734375 0.828125 0.01796875 0.0109375
0 0.83359375 0.82734375 0.02109375 0.0109375
0 0.8328125 0.8171875 0.01796875 0.0140625
0 0.17421875 0.73125 0.01796875 0.0125
0 0.178125 0.740625 0.02109375 0.0109375
0 0.22109375 0.7296875 0.015625 0.00859375
0 0.22109375 0.73984375 0.01796875 0.0109375
0 0.2625 0.72578125 0.0125 0.0109375
0 0.26484375 0.734375 0.015625 0.0109375
0 0.3125 0.721875 0.01796875 0.0125
0 0.3125 0.73359375 0.02265625 0.01015625
0 0.3796875 0.71796875 0.01953125 0.0125
0 0.38046875 0.7375 0.01953125 0.0109375
0 0.490625 0.7234375 0.01796875 0.0109375
0 0.4890625 0.7375 0.015625 0.0125
0 0.53203125 0.71875 0.01953125 0.0125
0 0.53359375 0.7359375 0.01796875 0.0109375
0 0.578125 0.71953125 0.01953125 0.0125
0 0.57578125 0.7359375 0.01796875 0.0109375
0 0.6453125 0.7265625 0.01953125 0.0125
0 0.64609375 0.7453125 0.01796875 0.0140625
0 0.68828125 0.71953125 0.015625 0.0125
0 0.6875 0.73828125 0.01796875 0.0109375
0 0.7515625 0.71484375 0.015625 0.0109375
0 0.75234375 0.73359375 0.015625 0.0109375
0 0.8046875 0.71953125 0.01953125 0.01015625
0 0.8046875 0.7375 0.015625 0.0140625
0 0.17265625 0.6515625 0.01796875 0.01015625
0 0.1734375 0.63515625 0.015625 0.0109375
0 0.20859375 0.63828125 0.015625 0.0109375
0 0.2078125 0.65546875 0.01953125 0.0109375
0 0.24375 0.640625 0.015625 0.00859375
0 0.240625 0.65859375 0.01953125 0.0109375
0 0.27734375 0.66015625 0.01796875 0.00859375
0 0.27421875 0.640625 0.0125 0.0125
0 0.2984375 0.63828125 0.0140625 0.0125
0 0.29765625 0.6515625 0.01796875 0.01015625
0 0.3421875 0.63828125 0.01796875 0.0109375
0 0.34375 0.6515625 0.015625 0.0109375
0 0.41328125 0.6375 0.01953125 0.0109375
0 0.4140625 0.6515625 0.01953125 0.01015625
0 0.48828125 0.6375 0.01953125 0.0109375
0 0.4890625 0.66171875 0.02109375 0.0109375
0 0.53125 0.634375 0.01953125 0.00859375
0 0.53203125 0.6625 0.01796875 0.0109375
0 0.57109375 0.6375 0.01796875 0.0109375
0 0.57109375 0.65859375 0.015625 0.0140625
0 0.6046875 0.64140625 0.01796875 0.0109375
0 0.60625 0.65859375 0.01796875 0.0109375
0 0.6734375 0.646875 0.01953125 0.00859375
0 0.67265625 0.65703125 0.01953125 0.0125
0 0.815625 0.63671875 0.01796875 0.0109375
0 0.81484375 0.6609375 0.01796875 0.0125
0 0.584375 0.24296875 0.02109375 0.0125
0 0.4625 0.24296875 0.02109375 0.0109375
0 0.4203125 0.24609375 0.01953125 0.0125
0 0.353125 0.24375 0.01796875 0.0109375
0 0.28046875 0.23984375 0.01796875 0.0109375
0 0.22109375 0.24375 0.01953125 0.0109375
0 0.1734375 0.2390625 0.015625 0.0109375
0 0.67734375 0.24921875 0.02109375 0.01015625
0 0.71484375 0.246875 0.01953125 0.01015625
0 0.74609375 0.24375 0.01796875 0.0109375
0 0.78125 0.2390625 0.02109375 0.01015625
0 0.81328125 0.24296875 0.01953125 0.01015625
0 0.8359375 0.24296875 0.01796875 0.00859375
0 0.16015625 0.3203125 0.01953125 0.0125
0 0.19296875 0.31796875 0.015625 0.0109375
0 0.359375 0.31796875 0.01953125 0.0109375
0 0.41484375 0.321875 0.01796875 0.0109375
0 0.484375 0.31875 0.0140625 0.0125
0 0.53984375 0.32109375 0.015625 0.0109375
0 0.60625 0.32578125 0.01796875 0.0140625
0 0.66796875 0.321875 0.015625 0.0109375
0 0.7140625 0.325 0.01953125 0.01015625
0 0.7578125 0.328125 0.015625 0.01015625
0 0.79296875 0.32421875 0.01953125 0.0109375
0 0.25390625 0.3140625 0.02109375 0.0125
0 0.19140625 0.55625 0.01953125 0.0125
0 0.1921875 0.56640625 0.02109375 0.0125
0 0.2453125 0.55390625 0.025 0.0140625
0 0.2453125 0.56328125 0.02109375 0.0109375
0 0.29921875 0.54921875 0.01796875 0.0125
0 0.30078125 0.5578125 0.015625 0.0125
0 0.3484375 0.5484375 0.01953125 0.0109375
0 0.353125 0.5578125 0.02109375 0.0125
0 0.44375 0.54296875 0.01796875 0.0125
0 0.4421875 0.5609375 0.01953125 0.0125
0 0.62265625 0.54609375 0.01796875 0.0125
0 0.62265625 0.5625 0.01796875 0.0140625
0 0.6984375 0.54375 0.015625 0.0109375
0 0.7015625 0.5609375 0.01953125 0.0109375
0 0.7734375 0.56171875 0.01796875 0.0109375
0 0.77421875 0.5421875 0.01953125 0.0125
0 0.81796875 0.4921875 0.02109375 0.01015625
0 0.81875 0.4671875 0.015625 0.0125
0 0.7171875 0.478125 0.01796875 0.0109375
0 0.715625 0.4859375 0.015625 0.0125
0 0.64921875 0.4890625 0.01953125 0.00859375
0 0.65078125 0.4703125 0.0140625 0.0109375
0 0.6078125 0.4671875 0.02109375 0.0109375
0 0.609375 0.4875 0.01796875 0.0125
0 0.56015625 0.49375 0.01953125 0.0140625
0 0.559375 0.4640625 0.01953125 0.0125
0 0.49765625 0.46796875 0.01796875 0.0109375
0 0.49765625 0.4921875 0.0125 0.01015625
0 0.434375 0.48203125 0.01953125 0.0125
0 0.43359375 0.46640625 0.01953125 0.0109375
0 0.3546875 0.48203125 0.01953125 0.00859375
0 0.3546875 0.4671875 0.01796875 0.0109375
0 0.28203125 0.48203125 0.01796875 0.0125
0 0.28125 0.4671875 0.01953125 0.00859375
0 0.246875 0.4703125 0.01796875 0.01015625
0 0.24921875 0.4796875 0.015625 0.0125
0 0.190625 0.4671875 0.015625 0.0125
0 0.1328125 0.471875 0.01953125 0.0109375
0 0.13515625 0.4640625 0.01953125 0.0125
0 0.078125 0.46015625 0.02109375 0.0125
0 0.078125 0.47265625 0.02109375 0.0125
0 0.09921875 0.23671875 0.02109375 0.0125
0 0.07265625 0.3328125 0.01953125 0.0125
0 0.1 0.32890625 0.01796875 0.0140625
0 0.1265625 0.3234375 0.01953125 0.01484375
0 0.42578125 0.81875 0.01953125 0.0125
0 0.42578125 0.8296875 0.015625 0.0140625
0 0.0828125 0.7328125 0.01953125 0.00859375
0 0.084375 0.74140625 0.01796875 0.0140625
0 0.07734375 0.6484375 0.025 0.0109375
0 0.078125 0.6296875 0.025 0.0140625
0 0.12421875 0.63359375 0.01796875 0.0140625
0 0.125 0.653125 0.02265625 0.0109375
0 0.08828125 0.55625 0.01953125 0.00859375
0 0.08828125 0.5640625 0.01796875 0.0125
0 0.4625 0.39140625 0.01796875 0.0109375
0 0.46171875 0.40625 0.01953125 0.0140625
0 0.4015625 0.4015625 0.02109375 0.00859375
0 0.40078125 0.39296875 0.01796875 0.0109375
0 0.31796875 0.4015625 0.025 0.0109375
0 0.315625 0.3921875 0.01796875 0.0140625
0 0.24453125 0.40546875 0.01953125 0.0109375
0 0.24375 0.3953125 0.01796875 0.0140625
0 0.19375 0.409375 0.025 0.0109375
0 0.19140625 0.40078125 0.01953125 0.0125
0 0.1515625 0.4140625 0.0265625 0.0109375
0 0.153125 0.40390625 0.02265625 0.0125
0 0.11796875 0.4171875 0.01796875 0.00859375
0 0.11796875 0.4078125 0.01953125 0.01015625
0 0.07734375 0.41953125 0.02109375 0.00859375
0 0.07734375 0.41015625 0.025 0.0109375
0 0.89765625 0.83203125 0.02265625 0.01484375
0 0.89609375 0.8125 0.025 0.0109375
0 0.853125 0.73671875 0.01953125 0.0109375
0 0.853125 0.71796875 0.01796875 0.0125
0 0.8875 0.7234375 0.01953125 0.0125
0 0.8875 0.74140625 0.01953125 0.01015625
0 0.92421875 0.7265625 0.015625 0.0125
0 0.921875 0.74453125 0.01796875 0.01015625
0 0.95859375 0.7453125 0.015625 0.0109375
0 0.959375 0.7265625 0.01796875 0.0140625
0 0.98203125 0.7234375 0.0140625 0.0109375
0 0.9828125 0.7390625 0.01796875 0.0125
0 0.87734375 0.66171875 0.02109375 0.0140625
0 0.878125 0.63359375 0.02109375 0.0125
0 0.9203125 0.6375 0.01796875 0.0109375
0 0.91875 0.65859375 0.01953125 0.0125
0 0.9609375 0.640625 0.01796875 0.0109375
0 0.959375 0.65859375 0.02109375 0.0140625
0 0.559375 0.3953125 0.01796875 0.0109375
0 0.559375 0.38515625 0.01953125 0.01484375
0 0.68125 0.3890625 0.015625 0.0125
0 0.68125 0.3984375 0.01796875 0.0109375
0 0.734375 0.3953125 0.01953125 0.0109375
0 0.734375 0.3859375 0.01796875 0.0125
0 0.79140625 0.39609375 0.02109375 0.0125
0 0.7890625 0.3859375 0.01796875 0.0125
0 0.90546875 0.4046875 0.01953125 0.01015625
0 0.9046875 0.39375 0.01953125 0.0109375
0 0.95390625 0.39453125 0.02109375 0.00859375
0 0.953125 0.3859375 0.01953125 0.00859375
0 0.9 0.56875 0.01796875 0.0109375
0 0.8984375 0.55078125 0.02265625 0.0109375
0 0.9515625 0.5421875 0.01953125 0.0109375
0 0.9515625 0.56171875 0.01953125 0.0109375
0 0.878125 0.4921875 0.01953125 0.0109375
0 0.875 0.4640625 0.02109375 0.0109375
0 0.93125 0.4671875 0.02109375 0.0109375
0 0.93125 0.4890625 0.01953125 0.0109375
0 0.9671875 0.4703125 0.01796875 0.0125
0 0.9625 0.4890625 0.01953125 0.0125
2 0.67265625 0.6984375 0.06171875 0.01015625
2 0.92265625 0.7 0.1453125 0.01640625
2 0.6125 0.790625 0.13984375 0.01640625
2 0.9203125 0.584375 0.06875 0.0109375
2 0.653125 0.57890625 0.09765625 0.01484375
2 0.553125 0.61796875 0.1359375 0.01640625
2 0.50546875 0.75703125 0.05859375 0.0171875
2 0.31328125 0.7890625 0.12890625 0.0203125
2 0.24765625 0.7015625 0.159375 0.0125
2 0.24375 0.6140625 0.13828125 0.01640625
2 0.26875 0.58203125 0.18046875 0.01640625
2 0.23203125 0.49765625 0.11328125 0.0109375
0 0.1890625 0.47578125 0.01953125 0.0109375
2 0.5796875 0.446875 0.16640625 0.0203125
2 0.7015625 0.4171875 0.065625 0.0140625
2 0.16640625 0.21875 0.1359375 0.02265625
2 0.35625 0.221875 0.1625 0.025
2 0.2515625 0.1390625 0.05625 0.0171875
2 0.54921875 0.2984375 0.1359375 0.025
2 0.71796875 0.3046875 0.09765625 0.02265625
2 0.39140625 0.2984375 0.07578125 0.0171875
2 0.91796875 0.1359375 0.07265625 0.01640625
2 0.80390625 0.2203125 0.04921875 0.01640625
2 0.934375 0.3640625 0.0671875 0.0125
2 0.89609375 0.4484375 0.16640625 0.01640625
2 0.8921875 0.6171875 0.1609375 0.01640625