0 0.16171875 0.1734375 0.015625 0.0109375
0 0.18671875 0.17578125 0.0140625 0.0125
0 0.20078125 0.17578125 0.0140625 0.0140625
0 0.22578125 0.18046875 0.015625 0.0125
0 0.28046875 0.17265625 0.025 0.0125
0 0.4171875 0.1734375 0.01796875 0.01484375
0 0.09296875 0.27578125 0.01796875 0.0109375
0 0.1421875 0.27734375 0.01953125 0.009375
0 0.16640625 0.2796875 0.0140625 0.0140625
0 0.18125 0.28046875 0.0140625 0.0125
0 0.20546875 0.28359375 0.015625 0.0109375
0 0.2546875 0.26875 0.02265625 0.0109375
0 0.4 0.2671875 0.01796875 0.0140625
0 0.4546875 0.26875 0.01796875 0.0140625
0 0.08828125 0.39375 0.015625 0.0109375
0 0.128125 0.39921875 0.01953125 0.0109375
0 0.153125 0.39453125 0.01796875 0.0109375
0 0.17421875 0.39921875 0.0140625 0.0109375
0 0.18828125 0.3984375 0.015625 0.009375
0 0.209375 0.4015625 0.01796875 0.0125
0 0.25390625 0.39453125 0.01953125 0.0125
0 0.3984375 0.39375 0.01796875 0.0125
0 0.44921875 0.3984375 0.015625 0.0109375
0 0.0671875 0.4984375 0.01796875 0.009375
0 0.08671875 0.49453125 0.01796875 0.0109375
0 0.10546875 0.4984375 0.01796875 0.009375
0 0.125 0.5015625 0.01796875 0.009375
0 0.13984375 0.50625 0.0140625 0.009375
0 0.1625 0.503125 0.02265625 0.0125
0 0.17890625 0.50390625 0.01953125 0.0109375
0 0.1953125 0.509375 0.015625 0.0109375
0 0.22265625 0.51328125 0.01796875 0.0125
0 0.2421875 0.50859375 0.01796875 0.0109375
0 0.2609375 0.50625 0.01953125 0.0109375
0 0.28125 0.50234375 0.015625 0.0125
0 0.29921875 0.49765625 0.015625 0.009375
0 0.3171875 0.50234375 0.015625 0.0140625
0 0.334375 0.50546875 0.015625 0.0109375
0 0.35234375 0.5015625 0.015625 0.0125
0 0.39140625 0.50625 0.01953125 0.0140625
0 0.440625 0.51796875 0.01953125 0.0125
0 0.0734375 0.609375 0.01953125 0.009375
0 0.14453125 0.6109375 0.0140625 0.0109375
0 0.22890625 0.60625 0.01953125 0.0109375
0 0.29921875 0.603125 0.01953125 0.0109375
0 0.39453125 0.5984375 0.025 0.0125
0 0.078125 0.7171875 0.02109375 0.0125
0 0.14453125 0.72109375 0.01796875 0.0109375
0 0.2265625 0.72109375 0.01796875 0.0109375
0 0.25078125 0.72421875 0.015625 0.0109375
0 0.28046875 0.7265625 0.0140625 0.0125
0 0.30390625 0.73203125 0.0140625 0.0125
0 0.3265625 0.72734375 0.0140625 0.0140625
0 0.3484375 0.72421875 0.015625 0.009375
0 0.3875 0.728125 0.01796875 0.0125
0 0.440625 0.728125 0.01796875 0.0140625
0 0.07890625 0.84296875 0.015625 0.0109375
0 0.11875 0.83515625 0.0140625 0.0109375
0 0.16015625 0.83203125 0.01953125 0.0140625
0 0.19765625 0.83203125 0.0140625 0.0140625
0 0.2390625 0.82109375 0.02109375 0.0125
0 0.31796875 0.8203125 0.01953125 0.0140625
0 0.40078125 0.8390625 0.01796875 0.0125
0 0.44453125 0.84375 0.015625 0.0125
0 0.46640625 0.1734375 0.01953125 0.0125
0 0.49296875 0.1765625 0.0140625 0.0109375
0 0.52109375 0.1796875 0.01953125 0.0125
0 0.56875 0.17265625 0.02265625 0.0140625
0 0.48125 0.26953125 0.0125 0.0140625
0 0.51328125 0.26953125 0.0140625 0.0125
0 0.54921875 0.2609375 0.015625 0.01484375
0 0.47265625 0.4015625 0.0140625 0.0109375
0 0.48828125 0.4015625 0.0140625 0.0109375
0 0.5125 0.3984375 0.01796875 0.0109375
0 0.5625 0.4015625 0.02109375 0.0125
0 0.7046875 0.4015625 0.02109375 0.0109375
0 0.5875 0.50546875 0.01796875 0.0109375
0 0.6125 0.50234375 0.015625 0.0109375
0 0.6375 0.4984375 0.01796875 0.0109375
0 0.6609375 0.49453125 0.015625 0.009375
0 0.69375 0.49140625 0.015625 0.0109375
0 0.7125 0.49453125 0.015625 0.0140625
0 0.73125 0.4984375 0.0140625 0.0125
0 0.74921875 0.50703125 0.0140625 0.0125
0 0.47421875 0.73203125 0.01796875 0.009375
0 0.5015625 0.728125 0.01796875 0.009375
0 0.48515625 0.83828125 0.01953125 0.0125
0 0.55390625 0.83203125 0.015625 0.0109375
0 0.63515625 0.83203125 0.02109375 0.0125
0 0.67734375 0.84296875 0.01796875 0.0125
0 0.72109375 0.8390625 0.015625 0.0109375
0 0.54375 0.70859375 0.01953125 0.0125
0 0.59921875 0.71328125 0.01796875 0.0109375
0 0.62734375 0.709375 0.01796875 0.0109375
0 0.6578125 0.71328125 0.01796875 0.0109375
0 0.70078125 0.7171875 0.015625 0.0125
0 0.75625 0.71953125 0.01796875 0.0125
0 0.78515625 0.7171875 0.0140625 0.0125
0 0.53984375 0.59765625 0.015625 0.0109375
0 0.5640625 0.60234375 0.0140625 0.0140625
0 0.59375 0.60546875 0.01953125 0.0109375
0 0.6171875 0.609375 0.015625 0.0109375
0 0.6390625 0.6171875 0.01953125 0.0109375
0 0.6609375 0.62421875 0.0140625 0.0140625
0 0.70078125 0.628125 0.0140625 0.0109375
0 0.74140625 0.628125 0.015625 0.0109375
0 0.784375 0.6203125 0.015625 0.0109375
0 0.76796875 0.509375 0.0140625 0.0125
0 0.78671875 0.50546875 0.0140625 0.0125
0 0.71171875 0.1734375 0.0140625 0.0109375
0 0.5953125 0.26484375 0.01796875 0.0109375
0 0.61953125 0.26875 0.01796875 0.0109375
0 0.6421875 0.271875 0.015625 0.0109375
0 0.6671875 0.2609375 0.01953125 0.0109375
0 0.70234375 0.27265625 0.01796875 0.0109375
0 0.74765625 0.27578125 0.0140625 0.0109375
0 0.771875 0.27265625 0.015625 0.0109375
0 0.7578125 0.16484375 0.0140625 0.0109375
0 0.7828125 0.16953125 0.0140625 0.0125
0 0.79765625 0.1703125 0.015625 0.0140625
0 0.8203125 0.17265625 0.015625 0.0109375
0 0.86875 0.165625 0.02109375 0.0109375
0 0.79609375 0.27734375 0.015625 0.0109375
0 0.8203125 0.26484375 0.01796875 0.009375
0 0.8546875 0.27578125 0.0140625 0.0109375
0 0.89765625 0.2796875 0.015625 0.0109375
0 0.91953125 0.28046875 0.0140625 0.0109375
0 0.9421875 0.28359375 0.0140625 0.00859375
0 0.9578125 0.284375 0.0140625 0.0109375
0 0.98046875 0.27265625 0.01796875 0.009375
0 0.75078125 0.39453125 0.01796875 0.0109375
0 0.77578125 0.3984375 0.0140625 0.0109375
0 0.78828125 0.3984375 0.0140625 0.009375
0 0.8109375 0.40234375 0.015625 0.0109375
0 0.85625 0.40234375 0.015625 0.0125
0 0.89375 0.37890625 0.015625 0.0125
0 0.9125 0.37578125 0.01796875 0.0140625
0 0.93359375 0.3796875 0.0140625 0.0125
0 0.953125 0.384375 0.0140625 0.0109375
0 0.80703125 0.50234375 0.0140625 0.0109375
0 0.821875 0.4984375 0.0140625 0.009375
0 0.85078125 0.4953125 0.01796875 0.0109375
0 0.87109375 0.490625 0.01953125 0.0109375
0 0.890625 0.49453125 0.015625 0.0125
0 0.90625 0.50546875 0.01953125 0.009375
0 0.9265625 0.49765625 0.0140625 0.0125
0 0.946875 0.5015625 0.015625 0.0109375
0 0.9671875 0.50625 0.01796875 0.0109375
0 0.984375 0.509375 0.0140625 0.0109375
0 0.8609375 0.61328125 0.01796875 0.0125
0 0.92890625 0.6015625 0.01796875 0.0125
0 0.81328125 0.7203125 0.01796875 0.0109375
0 0.8578125 0.72421875 0.01796875 0.0109375
0 0.90703125 0.728125 0.01796875 0.009375
0 0.9328125 0.725 0.01796875 0.009375
0 0.95078125 0.72421875 0.015625 0.0109375
0 0.97734375 0.72734375 0.01953125 0.0109375
0 0.79765625 0.84765625 0.02265625 0.0125
2 0.17890625 0.15234375 0.03515625 0.01640625
2 0.21953125 0.1546875 0.03203125 0.01484375
2 0.19765625 0.25859375 0.040625 0.01484375
2 0.1515625 0.30234375 0.03515625 0.01796875
2 0.16796875 0.375 0.03515625 0.01953125
2 0.2046875 0.3765625 0.03359375 0.01484375
2 0.46640625 0.37890625 0.03203125 0.01953125
2 0.090625 0.525 0.07265625 0.0125
2 0.1734375 0.47890625 0.065625 0.0140625
2 0.259375 0.48046875 0.0671875 0.01484375
2 0.31953125 0.52734375 0.0671875 0.0140625
2 0.4921875 0.70625 0.040625 0.0125
2 0.9265625 0.703125 0.040625 0.01484375
2 0.97109375 0.70234375 0.0390625 0.0125
2 0.6203125 0.528125 0.0828125 0.01640625
2 0.71484375 0.5265625 0.07109375 0.01796875
2 0.8 0.4765625 0.07109375 0.01640625
2 0.871875 0.52578125 0.06875 0.01640625
2 0.9609375 0.4765625 0.07109375 0.0140625
2 0.91796875 0.40703125 0.0671875 0.01953125
2 0.7671875 0.3734375 0.040625 0.01953125
2 0.8078125 0.3765625 0.03515625 0.01484375
2 0.76484375 0.190625 0.03203125 0.01640625
2 0.81484375 0.14609375 0.03359375 0.0140625
2 0.9375 0.25859375 0.0375 0.01953125
2 0.9640625 0.309375 0.03203125 0.0234375