0 0.15390625 0.2140625 0.01953125 0.0125
0 0.1890625 0.20078125 0.025 0.01015625
0 0.225 0.190625 0.025 0.01015625
0 0.25546875 0.18125 0.025 0.0125
0 0.29140625 0.2265625 0.025 0.0125
0 0.3265625 0.21171875 0.01953125 0.01015625
0 0.35859375 0.19921875 0.02109375 0.0125
0 0.39375 0.19296875 0.02109375 0.0125
0 0.4421875 0.2234375 0.015625 0.0140625
0 0.478125 0.20859375 0.02109375 0.0125
0 0.5125 0.196875 0.01796875 0.0125
0 0.54375 0.1890625 0.025 0.0125
0 0.57890625 0.23359375 0.028125 0.0125
0 0.6125 0.21875 0.01953125 0.0125
0 0.64453125 0.20859375 0.01796875 0.0125
0 0.67890625 0.20078125 0.02109375 0.01015625
0 0.72890625 0.2296875 0.01953125 0.01484375
0 0.765625 0.21484375 0.02109375 0.0109375
0 0.79765625 0.20390625 0.01796875 0.0109375
0 0.83046875 0.196875 0.01953125 0.0109375
0 0.8671875 0.23984375 0.03203125 0.01015625
0 0.89921875 0.22421875 0.01953125 0.0125
0 0.10078125 0.8984375 0.01796875 0.0140625
0 0.1390625 0.88515625 0.02109375 0.0125
0 0.17265625 0.87265625 0.025 0.0140625
0 0.2078125 0.86640625 0.025 0.0109375
0 0.246875 0.90859375 0.02109375 0.01484375
0 0.28046875 0.8953125 0.02265625 0.0140625
0 0.31796875 0.88359375 0.02109375 0.01484375
0 0.93359375 0.2140625 0.02109375 0.0109375
0 0.96796875 0.2078125 0.015625 0.0109375
0 0.1 0.40078125 0.02265625 0.01640625
0 0.13984375 0.3859375 0.02109375 0.0140625
0 0.17265625 0.375 0.01953125 0.0125
0 0.20859375 0.3671875 0.0140625 0.0125
0 0.2453125 0.39609375 0.01796875 0.0125
0 0.28125 0.3828125 0.01796875 0.0125
0 0.31796875 0.37109375 0.01953125 0.0125
0 0.3515625 0.3640625 0.02109375 0.0125
0 0.40703125 0.3859375 0.0140625 0.0109375
0 0.44453125 0.371875 0.01796875 0.0109375
0 0.4796875 0.3609375 0.0265625 0.01015625
0 0.51796875 0.353125 0.028125 0.00859375
0 0.55078125 0.39609375 0.02109375 0.0140625
0 0.58671875 0.3828125 0.02109375 0.0109375
0 0.62265625 0.37109375 0.02265625 0.0140625
0 0.6578125 0.3640625 0.02109375 0.0125
0 0.7140625 0.39375 0.02109375 0.0125
0 0.75234375 0.37890625 0.01953125 0.0125
0 0.78515625 0.3671875 0.01953125 0.0140625
0 0.821875 0.3609375 0.0265625 0.0125
0 0.859375 0.40390625 0.0265625 0.01015625
0 0.89453125 0.390625 0.02109375 0.01015625
0 0.928125 0.3796875 0.02109375 0.0109375
0 0.10078125 0.47734375 0.01796875 0.0125
0 0.2453125 0.4828125 0.01796875 0.0125
0 0.4078125 0.4765625 0.01796875 0.0140625
0 0.55078125 0.4734375 0.02109375 0.0109375
0 0.71171875 0.46171875 0.01953125 0.01015625
0 0.71171875 0.471875 0.01796875 0.0125
0 0.71171875 0.48203125 0.01953125 0.0125
0 0.85859375 0.465625 0.01953125 0.01015625
0 0.8546875 0.47421875 0.01796875 0.01015625
0 0.85859375 0.48359375 0.01953125 0.0125
0 0.353125 0.878125 0.02265625 0.0109375
0 0.40546875 0.9046875 0.02265625 0.0140625
0 0.44453125 0.890625 0.01796875 0.0140625
0 0.4796875 0.88046875 0.01796875 0.0109375
0 0.51484375 0.87265625 0.02265625 0.0125
0 0.55234375 0.91796875 0.02265625 0.01640625
0 0.58671875 0.9015625 0.01796875 0.0109375
0 0.62265625 0.8921875 0.01796875 0.00859375
0 0.65859375 0.8859375 0.01796875 0.0125
0 0.71171875 0.91171875 0.01953125 0.01015625
0 0.74921875 0.89921875 0.01796875 0.0125
0 0.7859375 0.8875 0.02109375 0.0125
0 0.8203125 0.8796875 0.02265625 0.0125
0 0.8546875 0.92421875 0.03515625 0.0125
0 0.89375 0.909375 0.01953125 0.0125
0 0.93046875 0.89921875 0.01796875 0.0125
0 0.1015625 0.81328125 0.01796875 0.0109375
0 0.175 0.8046875 0.01796875 0.0125
0 0.2453125 0.8 0.025 0.0140625
0 0.3171875 0.8015625 0.01796875 0.0140625
0 0.40625 0.80625 0.01796875 0.0125
0 0.4796875 0.81328125 0.01796875 0.0109375
0 0.55078125 0.80546875 0.01796875 0.0125
0 0.62578125 0.8109375 0.01796875 0.0140625
0 0.71328125 0.8109375 0.01953125 0.01484375
0 0.78515625 0.81953125 0.01953125 0.0109375
0 0.85859375 0.81328125 0.02265625 0.01640625
0 0.93125 0.8046875 0.01796875 0.0125
0 0.10078125 0.734375 0.01796875 0.0109375
0 0.1390625 0.7203125 0.01796875 0.0140625
0 0.17265625 0.70859375 0.02109375 0.0125
0 0.209375 0.7015625 0.02265625 0.0125
0 0.24765625 0.74609375 0.02265625 0.0125
0 0.28046875 0.73125 0.01953125 0.0125
0 0.31875 0.72109375 0.025 0.0125
0 0.35078125 0.7125 0.01953125 0.0140625
0 0.409375 0.7421875 0.01796875 0.0125
0 0.44453125 0.72890625 0.01953125 0.0140625
0 0.4796875 0.71796875 0.01953125 0.01015625
0 0.5140625 0.709375 0.01796875 0.0125
0 0.55390625 0.75234375 0.03359375 0.01640625
0 0.5875 0.7390625 0.025 0.01015625
0 0.62265625 0.7265625 0.02265625 0.01015625
0 0.65546875 0.7203125 0.0265625 0.0125
0 0.71328125 0.7421875 0.01953125 0.01484375
0 0.74921875 0.7265625 0.01796875 0.0125
0 0.78515625 0.71640625 0.015625 0.01484375
0 0.821875 0.709375 0.01796875 0.0125
0 0.86015625 0.7390625 0.01953125 0.0125
0 0.89375 0.725 0.02265625 0.0109375
0 0.93046875 0.7140625 0.02109375 0.0125
0 0.1015625 0.571875 0.01953125 0.0125
0 0.13828125 0.55625 0.01796875 0.00859375
0 0.17578125 0.54609375 0.01953125 0.0125
0 0.2078125 0.53828125 0.01796875 0.0109375
0 0.2484375 0.5828125 0.0265625 0.01015625
0 0.28046875 0.5671875 0.01796875 0.01640625
0 0.31953125 0.5578125 0.02109375 0.01015625
0 0.353125 0.5484375 0.01796875 0.01484375
0 0.40859375 0.571875 0.02109375 0.0125
0 0.4453125 0.55625 0.01796875 0.01015625
0 0.48046875 0.5453125 0.01796875 0.0125
0 0.51796875 0.5390625 0.01796875 0.0125
0 0.55234375 0.56796875 0.01796875 0.0109375
0 0.5875 0.55390625 0.02265625 0.0125
0 0.62265625 0.5421875 0.0265625 0.0109375
0 0.65859375 0.5328125 0.02109375 0.0140625
0 0.71171875 0.5578125 0.01953125 0.0125
0 0.74921875 0.54296875 0.01953125 0.0125
0 0.78515625 0.53125 0.028125 0.0125
0 0.82265625 0.52265625 0.028125 0.0125
0 0.85859375 0.5671875 0.01953125 0.0125
0 0.89453125 0.553125 0.01796875 0.0109375
0 0.93125 0.5421875 0.01953125 0.0125
0 0.965625 0.8921875 0.02109375 0.0125
0 0.9640625 0.70703125 0.01796875 0.0140625
0 0.965625 0.53515625 0.025 0.0125
0 0.965625 0.37109375 0.01796875 0.0125
0 0.10078125 0.6421875 0.0140625 0.01015625
0 0.10234375 0.64921875 0.02109375 0.01015625
0 0.10234375 0.6609375 0.01796875 0.0125
0 0.246875 0.6453125 0.01953125 0.00859375
0 0.24609375 0.65234375 0.01796875 0.01015625
0 0.24765625 0.66015625 0.015625 0.01640625
0 0.4078125 0.6484375 0.02109375 0.00859375
0 0.4078125 0.65546875 0.02265625 0.0109375
0 0.40703125 0.665625 0.01796875 0.0125
0 0.55234375 0.653125 0.02109375 0.0109375
0 0.55234375 0.6609375 0.015625 0.01015625
0 0.5515625 0.66796875 0.02109375 0.0140625
0 0.71328125 0.6484375 0.01953125 0.00859375
0 0.7125 0.65703125 0.01953125 0.0109375
0 0.71484375 0.665625 0.01796875 0.01015625
0 0.86015625 0.6453125 0.015625 0.0109375
0 0.8578125 0.65390625 0.01796875 0.0125
0 0.8578125 0.6640625 0.0140625 0.01015625
0 0.40625 0.2921875 0.01953125 0.00859375
0 0.55234375 0.29609375 0.01796875 0.0125
0 0.7125 0.29921875 0.01796875 0.0125
0 0.8578125 0.3046875 0.01796875 0.0109375
2 0.2015625 0.23515625 0.11328125 0.02109375
2 0.3390625 0.2453125 0.11875 0.0171875
2 0.49140625 0.240625 0.109375 0.01484375
2 0.63203125 0.18203125 0.121875 0.0140625
2 0.78828125 0.178125 0.12578125 0.01640625
2 0.92265625 0.1859375 0.11875 0.01640625
2 0.1640625 0.34921875 0.12421875 0.01875
2 0.29375 0.4171875 0.14140625 0.01484375
2 0.45546875 0.40390625 0.1359375 0.01484375
2 0.6 0.415625 0.13125 0.01875
2 0.7640625 0.4140625 0.12734375 0.0203125
2 0.9171875 0.3515625 0.11875 0.0171875
2 0.1640625 0.5171875 0.14375 0.01484375
2 0.30625 0.52890625 0.13125 0.01640625
2 0.465625 0.51875 0.13125 0.01640625
2 0.60078125 0.5875 0.12421875 0.01640625
2 0.76171875 0.57578125 0.13125 0.01640625
2 0.90703125 0.58671875 0.121875 0.01875
2 0.1546875 0.75390625 0.12890625 0.0125
2 0.30703125 0.69296875 0.121875 0.01484375
2 0.46953125 0.68984375 0.12421875 0.01640625
2 0.6125 0.7 0.12578125 0.0171875
2 0.778125 0.69140625 0.12578125 0.01484375
2 0.90625 0.75703125 0.134375 0.01484375
2 0.14765625 0.91953125 0.12578125 0.01875
2 0.2953125 0.92890625 0.1203125 0.01875
2 0.45546875 0.9265625 0.12578125 0.01640625
2 0.6140625 0.8640625 0.1171875 0.0171875
2 0.77421875 0.86015625 0.1328125 0.01640625
2 0.9140625 0.871875 0.12734375 0.01875