0 0.19921875 0.2703125 0.0125 0.00859375
0 0.225 0.28125 0.01953125 0.00859375
0 0.2515625 0.275 0.01953125 0.00625
0 0.27578125 0.2828125 0.01796875 0.00859375
0 0.27578125 0.26640625 0.01796875 0.00625
0 0.3015625 0.27109375 0.01796875 0.00859375
0 0.328125 0.27421875 0.01796875 0.00625
0 0.36171875 0.27109375 0.01796875 0.00859375
0 0.390625 0.28046875 0.01953125 0.01015625
0 0.415625 0.27421875 0.01796875 0.00859375
0 0.44140625 0.27890625 0.01796875 0.00859375
0 0.43984375 0.2640625 0.0140625 0.00625
0 0.465625 0.2703125 0.015625 0.00859375
0 0.4921875 0.27578125 0.025 0.00859375
0 0.52734375 0.27109375 0.015625 0.0078125
0 0.55234375 0.28203125 0.01953125 0.00859375
0 0.578125 0.275 0.02109375 0.00859375
0 0.60390625 0.28203125 0.015625 0.01015625
0 0.60625 0.26640625 0.0140625 0.00859375
0 0.63125 0.27109375 0.0140625 0.00859375
0 0.65546875 0.27578125 0.01953125 0.00859375
0 0.19921875 0.3203125 0.0125 0.00859375
0 0.27578125 0.3203125 0.0140625 0.00859375
0 0.32734375 0.321875 0.0125 0.00859375
0 0.3625 0.3234375 0.0125 0.0078125
0 0.44140625 0.32421875 0.0140625 0.00859375
0 0.49140625 0.32265625 0.0125 0.00859375
0 0.5265625 0.31953125 0.0125 0.00859375
0 0.60546875 0.31953125 0.0125 0.00859375
0 0.65546875 0.321875 0.0140625 0.0078125
0 0.690625 0.3234375 0.0140625 0.00859375
0 0.69140625 0.271875 0.0125 0.00859375
0 0.1875 0.7109375 0.015625 0.00859375
0 0.18828125 0.7 0.0125 0.00859375
0 0.35546875 0.709375 0.015625 0.0109375
0 0.3546875 0.69921875 0.015625 0.00859375
0 0.521875 0.7015625 0.0125 0.01015625
0 0.60078125 0.70078125 0.0125 0.00859375
0 0.6265625 0.7140625 0.01796875 0.01015625
0 0.653125 0.7109375 0.0140625 0.01015625
0 0.68671875 0.7078125 0.01953125 0.01015625
0 0.1875 0.6578125 0.0125 0.0109375
0 0.2171875 0.66640625 0.015625 0.0109375
0 0.24140625 0.66171875 0.01796875 0.0078125
0 0.26640625 0.6671875 0.01796875 0.00859375
0 0.2671875 0.6515625 0.0125 0.00859375
0 0.29375 0.65625 0.015625 0.0109375
0 0.3203125 0.66171875 0.0140625 0.0078125
0 0.35625 0.6609375 0.015625 0.01015625
0 0.38046875 0.66953125 0.015625 0.00859375
0 0.4078125 0.66328125 0.015625 0.01015625
0 0.434375 0.6640625 0.015625 0.00859375
0 0.43359375 0.65234375 0.0140625 0.00859375
0 0.46171875 0.6609375 0.015625 0.00859375
0 0.48671875 0.6640625 0.01796875 0.00859375
0 0.521875 0.65859375 0.0125 0.00859375
0 0.546875 0.66875 0.01953125 0.01015625
0 0.575 0.66171875 0.01796875 0.00859375
0 0.6015625 0.65390625 0.0125 0.00859375
0 0.62734375 0.6578125 0.0140625 0.0078125
0 0.65390625 0.66328125 0.01953125 0.00859375
0 0.6890625 0.6609375 0.01796875 0.00859375
0 0.71328125 0.66796875 0.0125 0.0078125
0 0.1890625 0.5921875 0.0140625 0.00859375
0 0.215625 0.59140625 0.015625 0.00625
0 0.26796875 0.5921875 0.0109375 0.00859375
0 0.29453125 0.59140625 0.0109375 0.00625
0 0.3203125 0.5921875 0.0125 0.0078125
0 0.35546875 0.5921875 0.0140625 0.00859375
0 0.40703125 0.59375 0.0125 0.0078125
0 0.434375 0.59375 0.0125 0.0078125
0 0.46015625 0.59375 0.0109375 0.00625
0 0.521875 0.59375 0.0140625 0.0078125
0 0.5484375 0.59375 0.0125 0.00625
0 0.6015625 0.59375 0.0125 0.00625
0 0.20234375 0.51015625 0.0125 0.00859375
0 0.28125 0.51015625 0.0125 0.0078125
0 0.33125 0.5125 0.0140625 0.0078125
0 0.365625 0.51484375 0.0140625 0.00625
0 0.4453125 0.51484375 0.0140625 0.0078125
0 0.4953125 0.51328125 0.0109375 0.00625
0 0.53203125 0.5109375 0.0140625 0.0078125
0 0.6125 0.5109375 0.0109375 0.0078125
0 0.6640625 0.51328125 0.0109375 0.00625
0 0.69921875 0.51484375 0.0125 0.00859375
0 0.20234375 0.4671875 0.0109375 0.0078125
0 0.22734375 0.47734375 0.0125 0.00859375
0 0.253125 0.47109375 0.0125 0.0078125
0 0.2796875 0.47734375 0.0125 0.00859375
0 0.28046875 0.4625 0.00859375 0.0078125
0 0.30625 0.4671875 0.0140625 0.01015625
0 0.33125 0.47109375 0.0140625 0.0078125
0 0.3671875 0.4671875 0.0109375 0.00859375
0 0.39140625 0.47578125 0.0125 0.00859375
0 0.4203125 0.471875 0.015625 0.00859375
0 0.44609375 0.4765625 0.015625 0.00625
0 0.44453125 0.459375 0.0140625 0.0078125
0 0.47109375 0.4671875 0.0125 0.0078125
0 0.49609375 0.47109375 0.0125 0.0078125
0 0.53203125 0.4671875 0.0109375 0.00859375
0 0.5578125 0.47734375 0.0125 0.00625
0 0.58671875 0.471875 0.0140625 0.0078125
0 0.61171875 0.4765625 0.015625 0.00859375
0 0.61328125 0.46171875 0.0125 0.0078125
0 0.6390625 0.4671875 0.0125 0.0078125
0 0.6640625 0.471875 0.0125 0.00859375
0 0.6984375 0.4671875 0.0125 0.00859375
0 0.2015625 0.40234375 0.0109375 0.0046875
0 0.25390625 0.403125 0.0125 0.0078125
0 0.2796875 0.403125 0.0125 0.00625
0 0.33203125 0.40234375 0.0125 0.0078125
0 0.36640625 0.4015625 0.0109375 0.0078125
0 0.3921875 0.4 0.0125 0.00859375
0 0.41953125 0.40078125 0.0125 0.00859375
0 0.44453125 0.4015625 0.0125 0.00859375
0 0.49765625 0.4078125 0.0125 0.00859375
0 0.53125 0.40234375 0.0140625 0.0078125
0 0.55625 0.40234375 0.0109375 0.00625
0 0.5859375 0.403125 0.0125 0.00859375
0 0.61328125 0.40390625 0.0140625 0.0078125
0 0.63828125 0.403125 0.0125 0.00625
0 0.6625 0.40234375 0.0125 0.00625
0 0.69921875 0.40078125 0.0125 0.00625
0 0.8203125 0.22109375 0.0140625 0.00625
0 0.7171875 0.27890625 0.0125 0.0078125
0 0.7421875 0.27421875 0.0140625 0.0078125
0 0.76796875 0.2796875 0.0125 0.00625
0 0.76875 0.26484375 0.0109375 0.0078125
0 0.79453125 0.27109375 0.0125 0.0078125
0 0.8203125 0.27578125 0.0125 0.0078125
0 0.76875 0.3234375 0.0125 0.00625
0 0.81953125 0.32109375 0.0125 0.0078125
0 0.74921875 0.40078125 0.0125 0.0078125
0 0.77578125 0.4015625 0.0125 0.00625
0 0.8015625 0.403125 0.0125 0.00625
0 0.82734375 0.403125 0.0109375 0.0046875
0 0.72578125 0.47578125 0.015625 0.00859375
0 0.75078125 0.47109375 0.0140625 0.00859375
0 0.77578125 0.4609375 0.0140625 0.0078125
0 0.77578125 0.47578125 0.0140625 0.00625
0 0.8015625 0.4671875 0.00859375 0.0046875
0 0.8265625 0.47109375 0.0140625 0.0046875
0 0.81953125 0.60859375 0.0125 0.00859375
2 0.5578125 0.2578125 0.05859375 0.00859375
2 0.634375 0.25546875 0.05625 0.0109375
2 0.72109375 0.2578125 0.05859375 0.00859375
2 0.79921875 0.2546875 0.06015625 0.01015625
2 0.5625 0.390625 0.06171875 0.00625
2 0.6421875 0.390625 0.0546875 0.0078125
2 0.80546875 0.38984375 0.05859375 0.00625
2 0.5640625 0.4546875 0.06015625 0.00859375
2 0.64375 0.45234375 0.06015625 0.00859375
2 0.72890625 0.4546875 0.05625 0.0078125
2 0.80625 0.45078125 0.06015625 0.0109375
2 0.553125 0.6453125 0.06015625 0.00859375
2 0.63125 0.64296875 0.06171875 0.0125
2 0.71875 0.6484375 0.0640625 0.01015625
2 0.79765625 0.6421875 0.06171875 0.0109375
2 0.63125 0.6921875 0.0640625 0.01015625
2 0.4640625 0.6421875 0.06171875 0.0109375
2 0.3859375 0.6484375 0.06015625 0.00859375
2 0.29765625 0.64140625 0.06171875 0.0109375
2 0.21875 0.6453125 0.06015625 0.0125
2 0.29765625 0.57734375 0.06015625 0.00625
2 0.47578125 0.45078125 0.05859375 0.0109375
2 0.39609375 0.4546875 0.06171875 0.0109375
2 0.3109375 0.4515625 0.06015625 0.0125
2 0.23125 0.4546875 0.0640625 0.01015625
2 0.39765625 0.38671875 0.0640625 0.0078125
2 0.47109375 0.25390625 0.05859375 0.0109375
2 0.3921875 0.2578125 0.06015625 0.00859375
2 0.30625 0.25546875 0.05859375 0.0125
2 0.23125 0.2578125 0.06171875 0.0078125