0 0.172528 0.123394 0.015823 0.010244
0 0.219339 0.123394 0.019779 0.010244
0 0.264172 0.127119 0.017142 0.010244
0 0.301093 0.122928 0.017142 0.009313
0 0.347904 0.123394 0.018461 0.010244
0 0.392737 0.120134 0.018461 0.011175
0 0.428999 0.117340 0.022416 0.009313
0 0.512731 0.116409 0.021098 0.009313
0 0.558223 0.116875 0.017142 0.010244
0 0.603056 0.123859 0.014505 0.011175
0 0.640637 0.127119 0.015823 0.010244
0 0.688107 0.126187 0.015823 0.012107
0 0.750741 0.123859 0.019779 0.009313
0 0.794915 0.119668 0.021098 0.010244
0 0.841066 0.123394 0.015823 0.010244
0 0.888537 0.127584 0.021098 0.011175
0 0.146156 0.214193 0.021098 0.009313
0 0.195604 0.213261 0.019779 0.009313
0 0.240437 0.217918 0.022416 0.009313
0 0.278018 0.212796 0.015823 0.010244
0 0.324169 0.212796 0.018461 0.012107
0 0.371639 0.210933 0.018461 0.012107
0 0.405923 0.206277 0.021098 0.012107
0 0.487678 0.205811 0.021098 0.011175
0 0.538444 0.205811 0.022416 0.011175
0 0.582618 0.215124 0.021098 0.013038
0 0.616902 0.218849 0.021098 0.013038
0 0.666350 0.217918 0.019779 0.011175
0 0.699975 0.216986 0.015823 0.009313
0 0.748104 0.217452 0.019779 0.010244
0 0.797552 0.214658 0.015823 0.010244
0 0.842385 0.217918 0.015823 0.011175
0 0.880625 0.221177 0.026372 0.012107
0 0.147475 0.292419 0.021098 0.011175
0 0.196264 0.293816 0.015823 0.010244
0 0.243074 0.292885 0.017142 0.010244
0 0.281314 0.291954 0.017142 0.012107
0 0.330762 0.293816 0.018461 0.013969
0 0.376255 0.300801 0.014505 0.011175
0 0.411198 0.304060 0.023735 0.012107
0 0.500204 0.297076 0.022416 0.009313
0 0.610309 0.292419 0.021098 0.013038
0 0.656460 0.293816 0.015823 0.008381
0 0.701293 0.293351 0.015823 0.011175
0 0.737555 0.292419 0.019779 0.011175
0 0.769861 0.286366 0.015823 0.008381
0 0.801508 0.290557 0.018461 0.009313
0 0.835792 0.293351 0.018461 0.007450
0 0.882603 0.296610 0.022416 0.013969
0 0.161320 0.477277 0.022416 0.010244
0 0.148134 0.567610 0.019779 0.010244
0 0.247690 0.556901 0.018461 0.009313
0 0.293182 0.556435 0.019779 0.010244
0 0.335377 0.556435 0.017142 0.012107
0 0.369661 0.555038 0.017142 0.013038
0 0.416472 0.557366 0.018461 0.012107
0 0.457349 0.560160 0.018461 0.013969
0 0.490974 0.563420 0.019779 0.011175
0 0.571410 0.572267 0.017142 0.010244
0 0.616902 0.564351 0.018461 0.013038
0 0.671624 0.566679 0.019779 0.010244
0 0.719095 0.575061 0.019779 0.012107
0 0.758653 0.580648 0.017142 0.012107
0 0.790959 0.577389 0.015823 0.009313
0 0.831177 0.574129 0.019779 0.012107
0 0.864802 0.578320 0.015823 0.013038
0 0.903701 0.582511 0.019779 0.013969
0 0.252305 0.476811 0.017142 0.013038
0 0.289226 0.484262 0.014505 0.013038
0 0.323510 0.476811 0.022416 0.013038
0 0.374277 0.467499 0.018461 0.011175
0 0.413835 0.471224 0.023735 0.013038
0 0.505479 0.469827 0.019779 0.012107
0 0.624814 0.481468 0.023735 0.013038
0 0.716457 0.481468 0.017142 0.011175
0 0.759312 0.488452 0.021098 0.013969
0 0.788981 0.480071 0.014505 0.012107
0 0.836451 0.474018 0.019779 0.009313
0 0.875350 0.478208 0.023735 0.010244
0 0.147475 0.392997 0.021098 0.011175
0 0.196923 0.394394 0.019779 0.008381
0 0.237800 0.399050 0.019779 0.012107
0 0.272743 0.395325 0.018461 0.012107
0 0.320213 0.394859 0.018461 0.013038
0 0.363068 0.390203 0.019779 0.011175
0 0.396693 0.387409 0.018461 0.009313
0 0.483062 0.388806 0.019779 0.012107
0 0.531851 0.394394 0.019779 0.010244
0 0.575365 0.393928 0.014505 0.011175
0 0.614265 0.398584 0.018461 0.014900
0 0.663053 0.397188 0.018461 0.012107
0 0.710524 0.398119 0.018461 0.010244
0 0.745467 0.398119 0.019779 0.013969
0 0.794915 0.393928 0.018461 0.013038
0 0.844363 0.399981 0.017142 0.013969
0 0.889855 0.399516 0.021098 0.011175