0 0.39921875 0.22109375 0.01796875 0.0140625
0 0.475 0.2171875 0.01796875 0.0140625
0 0.56640625 0.2125 0.01796875 0.0125
0 0.6 0.20859375 0.01796875 0.0140625
0 0.69140625 0.2203125 0.0140625 0.0109375
0 0.74453125 0.21796875 0.01796875 0.0140625
0 0.784375 0.21328125 0.01953125 0.0140625
0 0.80546875 0.20859375 0.01796875 0.0125
0 0.846875 0.19609375 0.01953125 0.0125
0 0.10859375 0.31171875 0.015625 0.01484375
0 0.19296875 0.31171875 0.01953125 0.0125
0 0.22578125 0.315625 0.02109375 0.01484375
0 0.25859375 0.31953125 0.01953125 0.01484375
0 0.2921875 0.32734375 0.02109375 0.0140625
0 0.31796875 0.33203125 0.01796875 0.01484375
0 0.34375 0.328125 0.01953125 0.01484375
0 0.4203125 0.32734375 0.02265625 0.0140625
0 0.6515625 0.33203125 0.02109375 0.01484375
0 0.71796875 0.328125 0.02109375 0.0140625
0 0.8203125 0.3234375 0.01953125 0.0140625
0 0.8609375 0.3203125 0.015625 0.01484375
0 0.96484375 0.33203125 0.02109375 0.0140625
0 0.1109375 0.44921875 0.01953125 0.0125
0 0.15546875 0.44453125 0.015625 0.0125
0 0.18203125 0.44140625 0.01953125 0.0125
0 0.22421875 0.43671875 0.015625 0.0109375
0 0.25234375 0.4328125 0.01953125 0.01484375
0 0.29296875 0.440625 0.02109375 0.0140625
0 0.3203125 0.4328125 0.01953125 0.0125
0 0.36484375 0.421875 0.02109375 0.0140625
0 0.440625 0.4203125 0.02109375 0.01640625
0 0.72890625 0.4203125 0.02109375 0.0140625
0 0.94921875 0.453125 0.015625 0.0140625
0 0.10625 0.56171875 0.02109375 0.01484375
0 0.209375 0.55703125 0.02109375 0.0125
0 0.24921875 0.553125 0.02109375 0.0125
0 0.353125 0.56484375 0.01953125 0.01484375
0 0.4125 0.5609375 0.01953125 0.0125
0 0.45859375 0.55703125 0.01953125 0.0140625
0 0.48515625 0.55234375 0.01953125 0.01484375
0 0.52578125 0.54140625 0.01953125 0.0140625
0 0.55390625 0.5453125 0.01796875 0.01484375
0 0.59375 0.56171875 0.02109375 0.01640625
0 0.62421875 0.55234375 0.01953125 0.0125
0 0.66640625 0.54453125 0.02109375 0.01484375
0 0.74375 0.54375 0.02109375 0.0140625
0 0.10625 0.6484375 0.01953125 0.0140625
0 0.1921875 0.64765625 0.01796875 0.0125
0 0.22421875 0.6515625 0.02109375 0.01640625
0 0.25625 0.65625 0.02109375 0.01484375
0 0.2890625 0.6640625 0.02109375 0.01640625
0 0.315625 0.66796875 0.01953125 0.01796875
0 0.3390625 0.66328125 0.015625 0.01484375
0 0.428125 0.66328125 0.02109375 0.0140625
0 0.7171875 0.6640625 0.02265625 0.01484375
0 0.78046875 0.63515625 0.02109375 0.01484375
0 0.82578125 0.6390625 0.01953125 0.0140625
0 0.853125 0.646875 0.01953125 0.01640625
0 0.9 0.65078125 0.02109375 0.0140625
0 0.928125 0.65625 0.015625 0.01484375
0 0.96953125 0.66328125 0.01953125 0.01640625
0 0.1078125 0.75625 0.01796875 0.01484375
0 0.134375 0.7609375 0.015625 0.01796875
0 0.1796875 0.75546875 0.01953125 0.01640625
0 0.2046875 0.7609375 0.015625 0.01640625
0 0.2484375 0.75546875 0.01796875 0.01484375
0 0.27421875 0.7609375 0.015625 0.0140625
0 0.3203125 0.75625 0.01796875 0.0125
0 0.34453125 0.7609375 0.01953125 0.0140625
0 0.4109375 0.765625 0.01953125 0.0125
0 0.4453125 0.7734375 0.01953125 0.01484375
0 0.47890625 0.77734375 0.02109375 0.0140625
0 0.521875 0.77265625 0.02109375 0.01484375
0 0.56484375 0.77265625 0.02109375 0.0125
0 0.60703125 0.7734375 0.02265625 0.0125
0 0.73046875 0.7734375 0.02265625 0.01484375
0 0.10234375 0.87265625 0.015625 0.0140625
0 0.13046875 0.88203125 0.01953125 0.01484375
0 0.15546875 0.8859375 0.01796875 0.0125
0 0.184375 0.88125 0.02109375 0.0140625
0 0.21484375 0.88125 0.025 0.0140625
0 0.24765625 0.88125 0.02109375 0.0109375
0 0.340625 0.88125 0.02109375 0.0140625
0 0.559375 0.8734375 0.01796875 0.0140625
0 0.58671875 0.88125 0.01796875 0.01640625
0 0.61328125 0.884375 0.01953125 0.0140625
0 0.6390625 0.88125 0.01953125 0.0140625
0 0.671875 0.88125 0.02109375 0.01484375
0 0.70546875 0.88125 0.02109375 0.01640625
0 0.7890625 0.88046875 0.02109375 0.01484375
0 0.9578125 0.88515625 0.01953125 0.0140625
2 0.77109375 0.18984375 0.0515625 0.01796875
2 0.83203125 0.1765625 0.053125 0.01640625
2 0.8953125 0.18203125 0.04921875 0.025
2 0.96171875 0.17890625 0.0515625 0.01796875
2 0.23125 0.28984375 0.0796875 0.01953125
2 0.32265625 0.3015625 0.05859375 0.009375
2 0.1390625 0.421875 0.053125 0.01796875
2 0.209375 0.41484375 0.0546875 0.01640625
2 0.28046875 0.41328125 0.0546875 0.0203125
2 0.3390625 0.45390625 0.05625 0.021875
2 0.440625 0.534375 0.0515625 0.01640625
2 0.51171875 0.52109375 0.0515625 0.021875
2 0.5796875 0.525 0.04921875 0.0234375
2 0.653125 0.52421875 0.0546875 0.021875
2 0.23046875 0.6265625 0.07578125 0.01484375
2 0.32109375 0.6375 0.05859375 0.0109375
2 0.7984375 0.665625 0.0515625 0.01953125
2 0.88203125 0.625 0.0546875 0.01796875
2 0.95625 0.6359375 0.04921875 0.0234375
2 0.1265625 0.73515625 0.0390625 0.01640625
2 0.19765625 0.73359375 0.03359375 0.01640625
2 0.2671875 0.73359375 0.03515625 0.01796875
2 0.3390625 0.73359375 0.0390625 0.0140625
2 0.45078125 0.74453125 0.0828125 0.01640625
2 0.55078125 0.7484375 0.053125 0.0109375
2 0.13359375 0.8515625 0.06171875 0.01484375
2 0.20546875 0.8546875 0.040625 0.0125
2 0.59140625 0.853125 0.0640625 0.01796875
2 0.66015625 0.8546875 0.0421875 0.0109375