0 0.1828125 0.1671875 0.02109375 0.01015625
0 0.26875 0.16796875 0.02109375 0.01015625
0 0.32734375 0.1703125 0.025 0.0109375
0 0.37421875 0.16796875 0.01953125 0.0125
0 0.44375 0.159375 0.02265625 0.0109375
0 0.58828125 0.1640625 0.01953125 0.0125
0 0.7109375 0.16796875 0.02265625 0.0140625
0 0.1609375 0.24140625 0.01796875 0.0109375
0 0.21953125 0.2359375 0.01953125 0.0125
0 0.24140625 0.23984375 0.015625 0.01015625
0 0.26171875 0.2453125 0.02109375 0.0109375
0 0.29765625 0.24765625 0.01953125 0.0125
0 0.33046875 0.2515625 0.01953125 0.0109375
0 0.365625 0.24765625 0.01953125 0.01015625
0 0.43359375 0.24453125 0.01953125 0.0109375
0 0.5796875 0.2375 0.02265625 0.0109375
0 0.68125 0.2375 0.015625 0.0125
0 0.72265625 0.23828125 0.02265625 0.0109375
0 0.7546875 0.240625 0.01953125 0.0109375
0 0.77265625 0.2453125 0.01796875 0.0125
0 0.80078125 0.2484375 0.015625 0.0125
0 0.83125 0.25234375 0.01953125 0.0125
0 0.8609375 0.2375 0.01953125 0.0109375
0 0.90703125 0.2328125 0.01953125 0.0125
0 0.165625 0.3171875 0.02109375 0.0109375
0 0.26875 0.3171875 0.01796875 0.01015625
0 0.3515625 0.3265625 0.01953125 0.01015625
0 0.41875 0.32109375 0.01953125 0.0125
0 0.475 0.32421875 0.01796875 0.0125
0 0.50703125 0.32734375 0.01953125 0.0109375
0 0.534375 0.32109375 0.01796875 0.0109375
0 0.56484375 0.3171875 0.01796875 0.0125
0 0.58515625 0.3140625 0.015625 0.0109375
0 0.6109375 0.32109375 0.01953125 0.0140625
0 0.6375 0.32890625 0.01953125 0.0109375
0 0.684375 0.325 0.01953125 0.0140625
0 0.775 0.32421875 0.01796875 0.0109375
0 0.83515625 0.3171875 0.02109375 0.0140625
0 0.88125 0.3203125 0.02109375 0.0125
0 0.15625 0.3984375 0.01953125 0.0125
0 0.21171875 0.40625 0.01953125 0.0125
0 0.24375 0.41015625 0.01796875 0.0109375
0 0.26875 0.4015625 0.01796875 0.01015625
0 0.29453125 0.3953125 0.01953125 0.0109375
0 0.32109375 0.3875 0.01953125 0.0109375
0 0.3484375 0.3953125 0.01953125 0.0109375
0 0.3734375 0.40390625 0.01796875 0.0125
0 0.41953125 0.39921875 0.01796875 0.0140625
0 0.4875 0.39921875 0.01953125 0.0125
0 0.5171875 0.41015625 0.01953125 0.0109375
0 0.546875 0.40546875 0.01953125 0.0109375
0 0.57578125 0.40234375 0.01796875 0.00859375
0 0.60234375 0.40546875 0.02109375 0.0109375
0 0.63203125 0.409375 0.01953125 0.01015625
0 0.684375 0.4125 0.01953125 0.0125
0 0.77578125 0.41328125 0.01953125 0.0109375
0 0.88671875 0.4140625 0.01953125 0.0109375
0 0.16015625 0.478125 0.01953125 0.0109375
0 0.22734375 0.47734375 0.01953125 0.0109375
0 0.26484375 0.47734375 0.01953125 0.0109375
0 0.30390625 0.48125 0.015625 0.0109375
0 0.33203125 0.4765625 0.01796875 0.01015625
0 0.36875 0.4734375 0.025 0.01015625
0 0.42421875 0.47734375 0.01796875 0.01015625
0 0.465625 0.47421875 0.02109375 0.0125
0 0.49453125 0.48125 0.01796875 0.0140625
0 0.54921875 0.48203125 0.01953125 0.0109375
0 0.621875 0.49140625 0.01953125 0.0109375
0 0.68046875 0.4765625 0.01796875 0.0109375
0 0.7375 0.47734375 0.01953125 0.0125
0 0.76875 0.47734375 0.01796875 0.0109375
0 0.79609375 0.48203125 0.01796875 0.0109375
0 0.821875 0.4765625 0.015625 0.01015625
0 0.8484375 0.4703125 0.01796875 0.0109375
0 0.87421875 0.4734375 0.015625 0.0109375
0 0.90078125 0.4765625 0.01796875 0.0109375
0 0.16640625 0.56875 0.02109375 0.0125
0 0.3171875 0.56875 0.01796875 0.0140625
0 0.41953125 0.565625 0.015625 0.0109375
0 0.4796875 0.56484375 0.01796875 0.01015625
0 0.515625 0.56171875 0.01953125 0.0109375
0 0.55234375 0.5609375 0.01953125 0.01015625
0 0.58046875 0.5609375 0.01796875 0.0125
0 0.60625 0.56484375 0.01796875 0.0109375
0 0.6359375 0.5625 0.01953125 0.0125
0 0.6859375 0.553125 0.02109375 0.0125
0 0.7453125 0.559375 0.02265625 0.0140625
0 0.80625 0.55703125 0.01953125 0.0125
0 0.884375 0.575 0.01953125 0.01015625
0 0.15390625 0.6484375 0.02109375 0.0109375
0 0.1984375 0.653125 0.02109375 0.0109375
0 0.22578125 0.65625 0.01796875 0.0109375
0 0.26015625 0.659375 0.01953125 0.0109375
0 0.2890625 0.65625 0.02109375 0.00859375
0 0.32109375 0.6484375 0.01796875 0.0109375
0 0.3484375 0.653125 0.01796875 0.0140625
0 0.37421875 0.65625 0.01796875 0.0125
0 0.4375 0.653125 0.02265625 0.0140625
0 0.684375 0.65625 0.02109375 0.01015625
0 0.77421875 0.65703125 0.025 0.01015625
0 0.83515625 0.65859375 0.02109375 0.01015625
0 0.8796875 0.6578125 0.02265625 0.0109375
0 0.184375 0.7375 0.01796875 0.01015625
0 0.4046875 0.740625 0.02265625 0.01015625
0 0.5953125 0.7453125 0.028125 0.0125
2 0.3453125 0.19375 0.05625 0.0109375
2 0.22734375 0.2609375 0.03203125 0.01875
2 0.31328125 0.27265625 0.11484375 0.0125
2 0.74375 0.2640625 0.06015625 0.02265625
2 0.82109375 0.2265625 0.0421875 0.0125
2 0.88046875 0.25625 0.0515625 0.0171875
2 0.53046875 0.346875 0.065625 0.01640625
2 0.6078125 0.3453125 0.0640625 0.01640625
2 0.85390625 0.3421875 0.05625 0.0140625
2 0.265625 0.42890625 0.0640625 0.0140625
2 0.34375 0.42109375 0.06015625 0.0140625
2 0.51171875 0.428125 0.06875 0.0140625
2 0.59921875 0.428125 0.0640625 0.01640625
2 0.7921875 0.50390625 0.065625 0.00859375
2 0.871875 0.49609375 0.06171875 0.0140625
2 0.60390625 0.58828125 0.0671875 0.00859375
2 0.20703125 0.678125 0.040625 0.01484375
2 0.271875 0.68046875 0.0375 0.0125
2 0.34375 0.675 0.0640625 0.01640625
2 0.85234375 0.68125 0.0515625 0.0109375