0 0.23984375 0.15234375 0.01796875 0.0109375
0 0.26484375 0.1515625 0.01796875 0.0109375
0 0.2875 0.14375 0.01953125 0.0125
0 0.33203125 0.1453125 0.01796875 0.0125
0 0.34921875 0.15 0.015625 0.0125
0 0.36875 0.14921875 0.015625 0.01015625
0 0.39921875 0.1484375 0.01796875 0.0109375
0 0.41953125 0.15625 0.01953125 0.0109375
0 0.4390625 0.1484375 0.02109375 0.0125
0 0.4546875 0.15625 0.01953125 0.0109375
0 0.48515625 0.1484375 0.01953125 0.0125
0 0.5453125 0.1484375 0.01953125 0.0109375
0 0.5671875 0.15859375 0.01796875 0.0109375
0 0.58828125 0.15546875 0.015625 0.0125
0 0.609375 0.1484375 0.015625 0.0140625
0 0.6421875 0.1484375 0.01796875 0.01640625
0 0.6609375 0.153125 0.015625 0.0140625
0 0.68046875 0.15390625 0.01953125 0.0140625
0 0.71328125 0.153125 0.01953125 0.0125
0 0.73359375 0.15625 0.0140625 0.0125
0 0.75234375 0.153125 0.0140625 0.0140625
0 0.7734375 0.15625 0.015625 0.0109375
0 0.8046875 0.16328125 0.01953125 0.0109375
0 0.90625 0.16171875 0.01953125 0.0109375
0 0.9328125 0.1671875 0.01796875 0.0109375
0 0.3328125 0.26484375 0.02109375 0.0109375
0 0.38046875 0.265625 0.015625 0.0109375
0 0.4015625 0.26640625 0.01953125 0.0109375
0 0.484375 0.25546875 0.01796875 0.01015625
0 0.52265625 0.25625 0.01796875 0.0109375
0 0.54609375 0.25625 0.01796875 0.0109375
0 0.64140625 0.2453125 0.01796875 0.0109375
0 0.69453125 0.2453125 0.01796875 0.0109375
0 0.7140625 0.2453125 0.015625 0.0140625
0 0.80234375 0.26328125 0.028125 0.0109375
0 0.8484375 0.26171875 0.025 0.00859375
0 0.87578125 0.2625 0.025 0.0140625
0 0.13984375 0.3234375 0.01796875 0.00859375
0 0.159375 0.3296875 0.01796875 0.0125
0 0.178125 0.33046875 0.015625 0.01015625
0 0.21328125 0.3296875 0.0140625 0.0109375
0 0.23359375 0.3296875 0.015625 0.01015625
0 0.25390625 0.321875 0.01953125 0.0109375
0 0.2734375 0.3296875 0.01796875 0.0109375
0 0.30859375 0.32578125 0.01796875 0.0109375
0 0.38125 0.33359375 0.01796875 0.01015625
0 0.421875 0.33046875 0.01796875 0.0140625
0 0.47109375 0.3421875 0.0265625 0.0140625
0 0.634375 0.340625 0.01953125 0.0125
0 0.71328125 0.315625 0.015625 0.01015625
0 0.73515625 0.315625 0.0140625 0.01015625
0 0.75625 0.3078125 0.01796875 0.00859375
0 0.80078125 0.3265625 0.01796875 0.0109375
0 0.8796875 0.33359375 0.01796875 0.0109375
0 0.915625 0.3171875 0.01953125 0.0109375
0 0.140625 0.428125 0.025 0.0109375
0 0.19296875 0.4296875 0.01796875 0.0125
0 0.21328125 0.4296875 0.015625 0.0125
0 0.30703125 0.41875 0.01953125 0.0109375
0 0.35390625 0.41875 0.01953125 0.0125
0 0.38125 0.41953125 0.01796875 0.0140625
0 0.471875 0.4328125 0.025 0.0109375
0 0.51796875 0.43359375 0.03046875 0.01015625
0 0.54921875 0.43359375 0.028125 0.0109375
0 0.63203125 0.4140625 0.02109375 0.0109375
0 0.67109375 0.415625 0.01796875 0.0125
0 0.69375 0.415625 0.01796875 0.0125
0 0.80078125 0.41953125 0.01796875 0.01015625
0 0.8484375 0.4203125 0.02109375 0.0125
0 0.87890625 0.41875 0.01796875 0.01015625
0 0.14453125 0.4859375 0.025 0.0109375
0 0.30546875 0.4859375 0.02109375 0.0109375
0 0.3890625 0.49296875 0.02109375 0.0109375
0 0.4125 0.4859375 0.01796875 0.0109375
0 0.434375 0.4953125 0.015625 0.0109375
0 0.46875 0.48671875 0.025 0.0109375
0 0.55390625 0.49453125 0.02109375 0.0109375
0 0.578125 0.48671875 0.015625 0.0109375
0 0.5984375 0.49453125 0.01796875 0.0125
0 0.63359375 0.490625 0.01796875 0.0109375
0 0.6515625 0.49140625 0.01796875 0.0140625
0 0.6734375 0.490625 0.015625 0.0125
0 0.72578125 0.49765625 0.01796875 0.01015625
0 0.74921875 0.48984375 0.015625 0.0125
0 0.7671875 0.496875 0.015625 0.01015625
0 0.79609375 0.490625 0.02109375 0.0125
0 0.8859375 0.496875 0.01796875 0.0109375
0 0.91171875 0.48984375 0.02109375 0.0109375
0 0.9328125 0.4984375 0.01953125 0.0109375
0 0.1421875 0.57109375 0.015625 0.0109375
0 0.1921875 0.571875 0.01796875 0.0109375
0 0.21953125 0.57265625 0.01953125 0.0109375
0 0.30625 0.578125 0.01796875 0.0140625
0 0.34453125 0.5796875 0.02109375 0.0125
0 0.36953125 0.57890625 0.025 0.0109375
0 0.46953125 0.59296875 0.02109375 0.0140625
0 0.5109375 0.59296875 0.01953125 0.0125
0 0.53515625 0.59375 0.02265625 0.0125
0 0.6328125 0.5828125 0.01953125 0.0125
0 0.6859375 0.58203125 0.01953125 0.0140625
0 0.70625 0.5828125 0.01953125 0.0109375
0 0.79765625 0.5890625 0.02265625 0.0125
0 0.8390625 0.5890625 0.0265625 0.0109375
0 0.8640625 0.59140625 0.025 0.0140625
0 0.1390625 0.65703125 0.01953125 0.01015625
0 0.15859375 0.65703125 0.0140625 0.0125
0 0.17890625 0.6578125 0.01953125 0.0140625
0 0.2328125 0.6578125 0.01796875 0.0125
0 0.2546875 0.65078125 0.0140625 0.0109375
0 0.2734375 0.6578125 0.015625 0.0125
0 0.3046875 0.65 0.01953125 0.0125
0 0.390625 0.6578125 0.01796875 0.0125
0 0.41171875 0.65078125 0.015625 0.0125
0 0.43359375 0.6578125 0.01953125 0.0140625
0 0.47265625 0.65390625 0.01953125 0.0125
0 0.54375 0.6578125 0.01953125 0.0125
0 0.56953125 0.6546875 0.01953125 0.0125
0 0.5953125 0.65859375 0.01953125 0.01640625
0 0.63359375 0.66875 0.01953125 0.0140625
0 0.6578125 0.66875 0.01796875 0.01484375
0 0.6828125 0.66875 0.01796875 0.0140625
0 0.7984375 0.66875 0.02265625 0.0140625
0 0.88671875 0.65859375 0.01953125 0.0125
0 0.91171875 0.65078125 0.015625 0.0109375
0 0.9328125 0.6578125 0.01796875 0.0140625
0 0.13984375 0.74375 0.015625 0.0140625
0 0.19296875 0.74296875 0.01796875 0.0125
0 0.21328125 0.74453125 0.01796875 0.0109375
0 0.3046875 0.75546875 0.02109375 0.0140625
0 0.34375 0.75703125 0.025 0.01484375
0 0.36796875 0.7578125 0.01796875 0.0125
0 0.47265625 0.74609375 0.01953125 0.0109375
0 0.51796875 0.746875 0.01796875 0.0109375
0 0.54375 0.74765625 0.01953125 0.0140625
0 0.634375 0.73671875 0.01953125 0.01484375
0 0.69765625 0.7359375 0.01953125 0.0125
0 0.71953125 0.7375 0.01796875 0.01640625
0 0.7984375 0.7421875 0.01953125 0.0125
0 0.83984375 0.7453125 0.01796875 0.01484375
0 0.8640625 0.74375 0.01953125 0.0140625
0 0.1421875 0.8140625 0.01953125 0.0109375
0 0.1640625 0.81484375 0.015625 0.0140625
0 0.18515625 0.8140625 0.01796875 0.01015625
0 0.2375 0.821875 0.01953125 0.0109375
0 0.25625 0.8140625 0.01953125 0.01015625
0 0.278125 0.82109375 0.01796875 0.01015625
0 0.309375 0.81796875 0.02109375 0.01015625
0 0.39375 0.82421875 0.01953125 0.0109375
0 0.41796875 0.81796875 0.015625 0.01015625
0 0.43984375 0.82578125 0.01796875 0.0109375
0 0.47265625 0.81796875 0.01953125 0.0109375
0 0.49296875 0.8171875 0.01796875 0.0109375
0 0.5140625 0.81796875 0.02109375 0.01015625
0 0.5671875 0.825 0.01796875 0.00859375
0 0.5875 0.81796875 0.01796875 0.01015625
0 0.60703125 0.82421875 0.01796875 0.0109375
0 0.640625 0.821875 0.01796875 0.0140625
0 0.74453125 0.821875 0.01953125 0.0140625
0 0.76640625 0.81484375 0.015625 0.01015625
0 0.80234375 0.81796875 0.01796875 0.0109375
0 0.821875 0.82265625 0.015625 0.01484375
0 0.8421875 0.82109375 0.015625 0.0125
0 0.89765625 0.82109375 0.01953125 0.0125
0 0.9171875 0.82109375 0.015625 0.0109375
0 0.9375 0.81484375 0.01796875 0.0140625
0 0.14375 0.92109375 0.02109375 0.0125
0 0.1984375 0.92109375 0.02109375 0.0140625
0 0.21875 0.92265625 0.01953125 0.0140625
0 0.309375 0.9109375 0.01953125 0.0140625
0 0.34921875 0.9109375 0.01953125 0.0109375
0 0.375 0.9109375 0.02109375 0.0140625
0 0.47109375 0.91796875 0.025 0.0109375
0 0.52578125 0.91796875 0.01953125 0.0140625
0 0.5515625 0.91953125 0.02265625 0.01484375
0 0.63984375 0.9078125 0.02109375 0.01484375
0 0.68203125 0.90703125 0.02265625 0.0109375
0 0.71171875 0.9078125 0.01953125 0.0125
0 0.8 0.9203125 0.025 0.0125
0 0.8546875 0.92109375 0.01953125 0.0140625
0 0.878125 0.92109375 0.02265625 0.0140625
2 0.26953125 0.17265625 0.03359375 0.0109375
2 0.3375 0.16796875 0.028125 0.0125
2 0.42109375 0.175 0.0640625 0.01484375
2 0.57265625 0.1828125 0.07265625 0.00859375
2 0.64609375 0.17265625 0.0265625 0.01015625
2 0.7375 0.17734375 0.0671875 0.0109375
2 0.92421875 0.140625 0.03515625 0.0125
2 0.1421875 0.35 0.025 0.01484375
2 0.246875 0.3015625 0.0671875 0.0109375
2 0.73984375 0.3359375 0.028125 0.01484375
2 0.4171875 0.5140625 0.03203125 0.01484375
2 0.58125 0.5125 0.03046875 0.01484375
2 0.63828125 0.5125 0.028125 0.01015625
2 0.76171875 0.4703125 0.028125 0.0171875
2 0.92578125 0.46875 0.0375 0.0171875
2 0.15625 0.63359375 0.03203125 0.01015625
2 0.2578125 0.6765625 0.03203125 0.01484375
2 0.4171875 0.678125 0.03203125 0.01484375
2 0.65234375 0.64453125 0.03203125 0.0109375
2 0.91484375 0.67734375 0.03359375 0.01484375
2 0.14765625 0.83671875 0.028125 0.01015625
2 0.2625 0.840625 0.03046875 0.01484375
2 0.434375 0.79765625 0.03515625 0.01640625
2 0.47890625 0.83984375 0.03046875 0.01015625
2 0.60078125 0.79765625 0.028125 0.0140625
2 0.76171875 0.79453125 0.040625 0.0140625
2 0.81953125 0.7953125 0.03046875 0.0140625
2 0.93203125 0.7953125 0.028125 0.01484375