0 0.18203125 0.2328125 0.0140625 0.00859375
0 0.20703125 0.225 0.01953125 0.00859375
0 0.23046875 0.22578125 0.01953125 0.01015625
0 0.2796875 0.225 0.01953125 0.00859375
0 0.3015625 0.2234375 0.0125 0.00859375
0 0.32109375 0.2234375 0.015625 0.00859375
0 0.3671875 0.221875 0.01953125 0.00859375
0 0.4203125 0.225 0.015625 0.0109375
0 0.4390625 0.2171875 0.0125 0.00859375
0 0.4859375 0.2171875 0.0125 0.0078125
0 0.50234375 0.221875 0.015625 0.01015625
0 0.52421875 0.2234375 0.015625 0.0109375
0 0.54609375 0.225 0.01796875 0.00859375
0 0.56953125 0.22578125 0.01953125 0.01015625
0 0.6640625 0.23125 0.01953125 0.00859375
0 0.69453125 0.22890625 0.015625 0.00859375
0 0.728125 0.2265625 0.01953125 0.01015625
0 0.7578125 0.2234375 0.015625 0.00625
0 0.79296875 0.22578125 0.02265625 0.00859375
0 0.825 0.22578125 0.01796875 0.00859375
0 0.85859375 0.225 0.01953125 0.00859375
0 0.87890625 0.2328125 0.01796875 0.0078125
0 0.90703125 0.2296875 0.02265625 0.00859375
0 0.115625 0.32421875 0.01953125 0.01015625
0 0.209375 0.32578125 0.01796875 0.00859375
0 0.246875 0.3265625 0.01796875 0.00859375
0 0.2671875 0.31953125 0.01796875 0.0109375
0 0.2875 0.31953125 0.01796875 0.00859375
0 0.32578125 0.31796875 0.01953125 0.0078125
0 0.34765625 0.3171875 0.0140625 0.00859375
0 0.36875 0.31640625 0.0140625 0.01015625
0 0.3953125 0.31640625 0.0140625 0.00859375
0 0.4203125 0.31640625 0.0140625 0.01015625
0 0.44375 0.31875 0.01796875 0.00859375
0 0.47265625 0.3109375 0.01796875 0.0078125
0 0.51953125 0.3109375 0.015625 0.00859375
0 0.53515625 0.31171875 0.0125 0.00859375
0 0.5515625 0.3171875 0.0140625 0.00859375
0 0.56796875 0.3203125 0.01953125 0.0109375
0 0.58671875 0.31953125 0.02109375 0.01015625
0 0.64609375 0.3265625 0.0140625 0.01015625
0 0.67578125 0.325 0.015625 0.01015625
0 0.69765625 0.3203125 0.01796875 0.00859375
0 0.71953125 0.31875 0.02109375 0.00859375
0 0.75625 0.3171875 0.01953125 0.0078125
0 0.77421875 0.31953125 0.0140625 0.0109375
0 0.7890625 0.31640625 0.0140625 0.01015625
0 0.8265625 0.31328125 0.01796875 0.0109375
0 0.8609375 0.31640625 0.0140625 0.00859375
0 0.90234375 0.31640625 0.0125 0.01015625
0 0.925 0.32578125 0.015625 0.01015625
0 0.1 0.40078125 0.015625 0.00859375
0 0.1203125 0.4046875 0.01796875 0.01015625
0 0.14375 0.4046875 0.0140625 0.00859375
0 0.1640625 0.40625 0.01796875 0.00859375
0 0.18203125 0.41171875 0.015625 0.0078125
0 0.2140625 0.4109375 0.02109375 0.01015625
0 0.23515625 0.41796875 0.01953125 0.00859375
0 0.253125 0.4171875 0.01953125 0.00625
0 0.30546875 0.4171875 0.01953125 0.0078125
0 0.3953125 0.4140625 0.015625 0.0109375
0 0.41875 0.41171875 0.01796875 0.01015625
0 0.43359375 0.40078125 0.015625 0.0078125
0 0.47734375 0.4015625 0.0140625 0.00859375
0 0.49921875 0.4140625 0.015625 0.01015625
0 0.51875 0.4171875 0.015625 0.01015625
0 0.5359375 0.41640625 0.015625 0.0109375
0 0.60234375 0.4171875 0.01953125 0.01015625
0 0.690625 0.39765625 0.0140625 0.0109375
0 0.70234375 0.4 0.015625 0.01015625
0 0.71875 0.40078125 0.0140625 0.00859375
0 0.76171875 0.40078125 0.0125 0.00859375
0 0.7953125 0.4015625 0.0140625 0.00859375
0 0.8125 0.3984375 0.015625 0.00859375
0 0.88046875 0.3984375 0.0125 0.00859375
0 0.89375 0.3953125 0.0125 0.00859375
0 0.909375 0.39375 0.0125 0.00859375
0 0.1 0.48671875 0.0140625 0.00859375
0 0.12265625 0.4859375 0.015625 0.00859375
0 0.14609375 0.4859375 0.0140625 0.01015625
0 0.165625 0.4890625 0.015625 0.00859375
0 0.190625 0.4890625 0.0125 0.0109375
0 0.221875 0.48984375 0.0140625 0.00859375
0 0.2515625 0.4890625 0.015625 0.00859375
0 0.26484375 0.4921875 0.015625 0.01015625
0 0.2828125 0.4921875 0.015625 0.01015625
0 0.30546875 0.4921875 0.015625 0.00859375
0 0.321875 0.49453125 0.015625 0.00859375
0 0.33984375 0.4953125 0.015625 0.01015625
0 0.378125 0.4859375 0.01953125 0.00859375
0 0.40078125 0.48671875 0.015625 0.00859375
0 0.421875 0.4859375 0.0140625 0.00859375
0 0.4375 0.48828125 0.015625 0.00859375
0 0.46640625 0.4890625 0.0125 0.00859375
0 0.5 0.48984375 0.0140625 0.00859375
0 0.5265625 0.4890625 0.0140625 0.00859375
0 0.540625 0.4921875 0.015625 0.01015625
0 0.56640625 0.4921875 0.015625 0.01015625
0 0.59765625 0.49140625 0.0140625 0.01015625
0 0.6140625 0.49453125 0.0140625 0.00859375
0 0.6390625 0.4953125 0.0140625 0.00859375
0 0.66484375 0.4921875 0.015625 0.00859375
0 0.70703125 0.49140625 0.0125 0.00859375
0 0.725 0.4921875 0.0140625 0.0109375
0 0.7453125 0.4921875 0.015625 0.01015625
0 0.76640625 0.49375 0.015625 0.00859375
0 0.784375 0.49453125 0.0140625 0.00859375
0 0.8046875 0.49453125 0.01796875 0.00859375
0 0.8328125 0.49375 0.015625 0.00859375
0 0.8484375 0.5046875 0.01953125 0.01015625
0 0.86875 0.5046875 0.01953125 0.01015625
0 0.89609375 0.50390625 0.02265625 0.00859375
0 0.91875 0.5046875 0.015625 0.0078125
0 0.10234375 0.584375 0.0125 0.00859375
0 0.12265625 0.584375 0.015625 0.0078125
0 0.14765625 0.584375 0.01796875 0.01015625
0 0.17734375 0.58671875 0.0125 0.00859375
0 0.19140625 0.5875 0.015625 0.00859375
0 0.20703125 0.5859375 0.015625 0.01015625
0 0.23828125 0.58828125 0.015625 0.00859375
0 0.2609375 0.58671875 0.015625 0.01015625
0 0.28671875 0.58515625 0.0140625 0.00859375
0 0.3109375 0.58359375 0.01796875 0.01015625
0 0.3390625 0.5828125 0.015625 0.0078125
0 0.384375 0.57890625 0.015625 0.00859375
0 0.4046875 0.57890625 0.015625 0.00859375
0 0.425 0.5796875 0.0140625 0.01015625
0 0.45078125 0.58203125 0.0140625 0.00859375
0 0.46484375 0.5828125 0.0140625 0.0109375
0 0.478125 0.5828125 0.0125 0.0109375
0 0.50703125 0.5828125 0.0125 0.00859375
0 0.51953125 0.584375 0.015625 0.00859375
0 0.53515625 0.58359375 0.015625 0.01015625
0 0.55625 0.58359375 0.015625 0.0109375
0 0.57734375 0.5859375 0.01796875 0.01015625
0 0.59375 0.58671875 0.01796875 0.0078125
0 0.61328125 0.5796875 0.015625 0.00859375
0 0.65078125 0.5796875 0.0140625 0.0109375
0 0.6671875 0.5796875 0.015625 0.00859375
0 0.6921875 0.5796875 0.015625 0.00859375
0 0.71484375 0.58125 0.0140625 0.00859375
0 0.73515625 0.58203125 0.015625 0.0078125
0 0.76015625 0.58203125 0.01796875 0.0078125
0 0.790625 0.58203125 0.015625 0.00859375
0 0.80625 0.58359375 0.015625 0.0078125
0 0.834375 0.58515625 0.015625 0.00859375
0 0.87578125 0.58515625 0.0140625 0.00859375
0 0.8953125 0.5875 0.015625 0.00859375
0 0.9171875 0.58671875 0.0125 0.00859375
0 0.10234375 0.678125 0.015625 0.01015625
0 0.12578125 0.67734375 0.0140625 0.00859375
0 0.153125 0.67890625 0.0140625 0.0109375
0 0.17421875 0.6796875 0.015625 0.00859375
0 0.19453125 0.6796875 0.015625 0.01015625
0 0.2125 0.6796875 0.015625 0.00859375
0 0.2578125 0.6796875 0.01796875 0.00859375
0 0.2734375 0.690625 0.01953125 0.00859375
0 0.29375 0.690625 0.01796875 0.0078125
0 0.3265625 0.68984375 0.02109375 0.00859375
0 0.34609375 0.690625 0.01953125 0.00859375
0 0.36796875 0.69140625 0.01953125 0.01015625
0 0.390625 0.678125 0.01796875 0.00859375
0 0.4140625 0.67734375 0.015625 0.00859375
0 0.42734375 0.67734375 0.015625 0.00859375
0 0.4421875 0.68046875 0.015625 0.0109375
0 0.4609375 0.6796875 0.015625 0.00859375
0 0.4828125 0.68125 0.015625 0.0109375
0 0.50546875 0.68046875 0.015625 0.00859375
0 0.5171875 0.6828125 0.0140625 0.00859375
0 0.534375 0.6828125 0.01796875 0.01015625
0 0.55078125 0.6859375 0.015625 0.00859375
0 0.57265625 0.68515625 0.015625 0.00859375
0 0.58671875 0.6875 0.0140625 0.00625
0 0.6 0.6875 0.015625 0.00625
0 0.64609375 0.6890625 0.015625 0.0078125
0 0.68046875 0.69140625 0.02109375 0.00859375
0 0.69921875 0.6859375 0.0125 0.0078125
0 0.7484375 0.6859375 0.01796875 0.00859375
0 0.790625 0.67734375 0.0140625 0.00859375
0 0.8078125 0.6796875 0.0140625 0.00859375
0 0.825 0.6796875 0.0140625 0.00859375
0 0.86953125 0.6796875 0.0140625 0.0109375
0 0.12578125 0.78125 0.0140625 0.00859375
0 0.15078125 0.784375 0.01796875 0.00859375
0 0.16953125 0.7828125 0.01796875 0.0078125
0 0.184375 0.77890625 0.0140625 0.00859375
0 0.23125 0.77890625 0.015625 0.0078125
0 0.2671875 0.78203125 0.01796875 0.00859375
0 0.30234375 0.78203125 0.015625 0.0078125
0 0.32890625 0.784375 0.01953125 0.00859375
0 0.34765625 0.78359375 0.01953125 0.01015625
0 0.3625 0.7796875 0.0140625 0.00859375
0 0.40625 0.77890625 0.01953125 0.00859375
0 0.446875 0.7796875 0.015625 0.0109375
0 0.48046875 0.7796875 0.01796875 0.00859375
0 0.50703125 0.7765625 0.0140625 0.01015625
0 0.52421875 0.78203125 0.0140625 0.00859375
0 0.56796875 0.78203125 0.015625 0.0078125
0 0.62421875 0.7796875 0.0140625 0.01015625
0 0.6453125 0.7765625 0.015625 0.01015625
0 0.66484375 0.78203125 0.015625 0.0109375
0 0.678125 0.7796875 0.015625 0.00859375
0 0.71484375 0.78125 0.01796875 0.00859375
0 0.746875 0.784375 0.01953125 0.00859375
0 0.7671875 0.78359375 0.01953125 0.01015625
0 0.80390625 0.7828125 0.01953125 0.00859375
0 0.82734375 0.77890625 0.015625 0.00859375
0 0.84375 0.78125 0.015625 0.00859375
0 0.88671875 0.78046875 0.015625 0.0078125
0 0.109375 0.87734375 0.01796875 0.01015625
0 0.153125 0.871875 0.01796875 0.0109375
0 0.1796875 0.875 0.01796875 0.00859375
0 0.21875 0.87578125 0.01796875 0.01015625
0 0.28515625 0.8765625 0.02109375 0.00859375
0 0.32265625 0.8765625 0.025 0.00859375
0 0.375 0.8765625 0.02109375 0.0078125
0 0.40703125 0.87421875 0.015625 0.00859375
0 0.42734375 0.8765625 0.01796875 0.00859375
0 0.44765625 0.87734375 0.02265625 0.01015625
0 0.528125 0.8765625 0.02265625 0.00859375
0 0.571875 0.878125 0.02265625 0.01015625
0 0.6109375 0.87109375 0.0140625 0.01015625
0 0.64140625 0.8703125 0.01796875 0.00859375
0 0.65625 0.87109375 0.01796875 0.00859375
0 0.6734375 0.8734375 0.015625 0.0109375
0 0.73515625 0.8765625 0.02109375 0.00859375
0 0.771875 0.87421875 0.0125 0.0078125
0 0.8125 0.8765625 0.02109375 0.00859375
0 0.84609375 0.8765625 0.01953125 0.01015625
2 0.20859375 0.21015625 0.0546875 0.0109375
2 0.3046875 0.2078125 0.04765625 0.0125
2 0.434375 0.20703125 0.028125 0.0109375
2 0.51953125 0.20625 0.0671875 0.0140625
2 0.684375 0.2109375 0.040625 0.00859375
2 0.76484375 0.2078125 0.07421875 0.0109375
2 0.8859375 0.2109375 0.06015625 0.01484375
2 0.26953125 0.30390625 0.04609375 0.0140625
2 0.34921875 0.3015625 0.04921875 0.0125
2 0.4484375 0.29921875 0.06015625 0.0109375
2 0.5484375 0.29921875 0.0546875 0.0125
2 0.70078125 0.30546875 0.04765625 0.0125
2 0.778125 0.3046875 0.040625 0.01015625
2 0.8484375 0.29921875 0.04609375 0.0109375
2 0.91875 0.30390625 0.03046875 0.0125
2 0.128125 0.38671875 0.053125 0.0140625
2 0.17578125 0.390625 0.0265625 0.00625
2 0.2484375 0.39609375 0.028125 0.0109375
2 0.43046875 0.3859375 0.0265625 0.0109375
2 0.5203125 0.396875 0.04609375 0.0140625
2 0.70859375 0.384375 0.040625 0.0125
2 0.8078125 0.38359375 0.0265625 0.01640625
2 0.890625 0.41171875 0.0390625 0.01484375
2 0.11953125 0.5015625 0.0546875 0.0109375
2 0.190625 0.50390625 0.0640625 0.0140625
2 0.28203125 0.47578125 0.06015625 0.0125
2 0.3328125 0.47734375 0.0265625 0.0109375
2 0.39375 0.5015625 0.04921875 0.0125
2 0.465625 0.5046875 0.07109375 0.0140625
2 0.56640625 0.4734375 0.0796875 0.0125
2 0.64375 0.478125 0.06015625 0.0125
2 0.73046875 0.4765625 0.04765625 0.0109375
2 0.790625 0.4796875 0.04453125 0.0109375
2 0.85390625 0.48046875 0.04453125 0.0109375
2 0.91328125 0.4890625 0.028125 0.0140625
2 0.13046875 0.56953125 0.0546875 0.00859375
2 0.19453125 0.571875 0.0390625 0.0140625
2 0.265625 0.5703125 0.0546875 0.0125
2 0.33046875 0.5671875 0.0375 0.0109375
2 0.4 0.59453125 0.04765625 0.0140625
2 0.4609375 0.596875 0.03515625 0.0109375
2 0.53515625 0.56796875 0.05625 0.0109375
2 0.6 0.56640625 0.04453125 0.01484375
2 0.66640625 0.5953125 0.04453125 0.01015625
2 0.7328125 0.59609375 0.04921875 0.0109375
2 0.83828125 0.56796875 0.090625 0.0125
2 0.909375 0.571875 0.028125 0.01015625
2 0.1328125 0.66328125 0.06015625 0.01015625
2 0.19765625 0.66484375 0.04765625 0.0109375
2 0.2796875 0.665625 0.040625 0.0125
2 0.34921875 0.67578125 0.04921875 0.0109375
2 0.4140625 0.66328125 0.0421875 0.0109375
2 0.46640625 0.665625 0.04609375 0.0109375
2 0.53125 0.6671875 0.0515625 0.0125
2 0.5921875 0.67265625 0.0390625 0.01015625
2 0.69453125 0.6703125 0.02265625 0.00859375
2 0.81328125 0.6640625 0.040625 0.0140625
2 0.1421875 0.76953125 0.028125 0.0125
2 0.17890625 0.76484375 0.02109375 0.00859375
2 0.32109375 0.76953125 0.03203125 0.0109375
2 0.35859375 0.7640625 0.02265625 0.0109375
2 0.51953125 0.76328125 0.025 0.01015625
2 0.665625 0.7640625 0.040625 0.0125
2 0.7609375 0.7671875 0.025 0.0046875
2 0.8390625 0.7625 0.02109375 0.0078125
2 0.16875 0.85625 0.03359375 0.0078125
2 0.4046875 0.85859375 0.06015625 0.0109375
2 0.63515625 0.85234375 0.0546875 0.0140625
2 0.79609375 0.86015625 0.04765625 0.0078125