0 0.21953125 0.21171875 0.01796875 0.0140625
0 0.2375 0.21171875 0.01796875 0.0109375
0 0.25390625 0.20078125 0.015625 0.0125
0 0.26875 0.20078125 0.015625 0.009375
0 0.3 0.2046875 0.0140625 0.0140625
0 0.31328125 0.20859375 0.015625 0.01484375
0 0.3421875 0.21171875 0.0140625 0.0125
0 0.3625 0.2125 0.015625 0.0140625
0 0.37734375 0.20078125 0.015625 0.0125
0 0.39609375 0.20078125 0.01796875 0.0140625
0 0.42109375 0.20546875 0.015625 0.0140625
0 0.45625 0.2078125 0.01953125 0.0125
0 0.484375 0.21171875 0.01796875 0.0140625
0 0.50546875 0.2109375 0.01796875 0.0140625
0 0.534375 0.2078125 0.01796875 0.0125
0 0.57578125 0.2078125 0.02109375 0.0140625
0 0.6890625 0.2109375 0.02265625 0.0140625
0 0.709375 0.21171875 0.015625 0.0140625
0 0.72734375 0.20078125 0.015625 0.0109375
0 0.74765625 0.20078125 0.01796875 0.0140625
0 0.77578125 0.20546875 0.01796875 0.0140625
0 0.7953125 0.209375 0.01953125 0.01484375
0 0.82265625 0.21171875 0.015625 0.01484375
0 0.8421875 0.21171875 0.015625 0.01484375
0 0.8640625 0.20078125 0.015625 0.0125
0 0.88203125 0.2 0.0140625 0.01484375
0 0.90703125 0.20546875 0.02109375 0.0140625
0 0.16953125 0.29296875 0.01953125 0.0125
0 0.20859375 0.29609375 0.01796875 0.0125
0 0.22890625 0.2953125 0.01796875 0.0125
0 0.24921875 0.29375 0.01796875 0.0140625
0 0.27265625 0.29609375 0.01796875 0.01484375
0 0.2921875 0.3 0.025 0.0125
0 0.45078125 0.28515625 0.015625 0.0125
0 0.46875 0.28515625 0.015625 0.0140625
0 0.48515625 0.27265625 0.015625 0.0125
0 0.50234375 0.2734375 0.015625 0.0140625
0 0.52890625 0.27734375 0.015625 0.0125
0 0.54609375 0.28125 0.015625 0.0125
0 0.571875 0.284375 0.01953125 0.0125
0 0.5890625 0.284375 0.0140625 0.0125
0 0.60546875 0.27421875 0.01796875 0.0125
0 0.62421875 0.2734375 0.01796875 0.0125
0 0.65078125 0.27734375 0.01796875 0.0109375
0 0.6875 0.28125 0.01953125 0.0109375
0 0.721875 0.284375 0.02109375 0.0109375
0 0.7484375 0.2859375 0.015625 0.0140625
0 0.76953125 0.2859375 0.01953125 0.01484375
0 0.7921875 0.28046875 0.0140625 0.0125
0 0.815625 0.28203125 0.015625 0.0125
0 0.19296875 0.38046875 0.01796875 0.0125
0 0.21171875 0.38203125 0.015625 0.01796875
0 0.2265625 0.36953125 0.0125 0.0140625
0 0.24453125 0.3703125 0.01953125 0.0140625
0 0.27109375 0.3734375 0.015625 0.0140625
0 0.2890625 0.378125 0.015625 0.0140625
0 0.3140625 0.38046875 0.01796875 0.0125
0 0.3328125 0.38203125 0.015625 0.0125
0 0.34765625 0.3703125 0.0140625 0.0125
0 0.36640625 0.36953125 0.01796875 0.0125
0 0.39296875 0.375 0.015625 0.01484375
0 0.4265625 0.378125 0.01953125 0.01484375
0 0.46015625 0.38046875 0.015625 0.0140625
0 0.48125 0.38203125 0.01953125 0.01484375
0 0.5015625 0.3703125 0.01796875 0.0109375
0 0.56875 0.365625 0.01953125 0.0140625
0 0.5984375 0.3703125 0.01796875 0.009375
0 0.61953125 0.3703125 0.015625 0.0125
0 0.6890625 0.36953125 0.01796875 0.0109375
0 0.76953125 0.3703125 0.01953125 0.0140625
0 0.81171875 0.3703125 0.01796875 0.0140625
0 0.8359375 0.365625 0.015625 0.0125
0 0.8890625 0.3703125 0.01796875 0.0125
0 0.1984375 0.44765625 0.015625 0.0109375
0 0.2171875 0.4421875 0.01796875 0.0140625
0 0.2328125 0.44765625 0.015625 0.01640625
0 0.2625 0.45078125 0.01953125 0.0140625
0 0.2953125 0.45390625 0.01796875 0.0125
0 0.32265625 0.4546875 0.01953125 0.0140625
0 0.34453125 0.44921875 0.015625 0.009375
0 0.378125 0.4546875 0.01953125 0.0125
0 0.4453125 0.45 0.01796875 0.0125
0 0.4640625 0.45 0.015625 0.0125
0 0.4828125 0.44609375 0.015625 0.0125
0 0.50390625 0.45078125 0.01953125 0.0140625
0 0.54609375 0.45390625 0.015625 0.0125
0 0.57734375 0.45390625 0.01796875 0.0125
0 0.59765625 0.45078125 0.015625 0.0140625
0 0.634375 0.45390625 0.015625 0.0125
0 0.70859375 0.44609375 0.01796875 0.0109375
0 0.72734375 0.4421875 0.01796875 0.0140625
0 0.74765625 0.44765625 0.01796875 0.0140625
0 0.775 0.45078125 0.01796875 0.0140625
0 0.80234375 0.4546875 0.01796875 0.0125
0 0.83125 0.45390625 0.015625 0.0140625
0 0.84765625 0.45 0.015625 0.0140625
0 0.88203125 0.45390625 0.015625 0.0125
0 0.9 0.45390625 0.01796875 0.0109375
0 0.18125 0.5359375 0.015625 0.0109375
0 0.19765625 0.53515625 0.015625 0.0125
0 0.2140625 0.53046875 0.015625 0.0109375
0 0.23125 0.5359375 0.015625 0.0125
0 0.26875 0.53046875 0.01953125 0.0125
0 0.29765625 0.52734375 0.015625 0.0125
0 0.3140625 0.53125 0.015625 0.0125
0 0.346875 0.52734375 0.015625 0.009375
0 0.3625 0.53046875 0.01796875 0.009375
0 0.42421875 0.5265625 0.015625 0.009375
0 0.44140625 0.53125 0.015625 0.0109375
0 0.46015625 0.528125 0.0140625 0.0109375
0 0.4796875 0.53203125 0.0140625 0.0125
0 0.5 0.5359375 0.0140625 0.0125
0 0.515625 0.5390625 0.015625 0.0125
0 0.56484375 0.53828125 0.015625 0.0109375
0 0.59765625 0.53515625 0.015625 0.0125
0 0.61484375 0.53828125 0.015625 0.0109375
0 0.63828125 0.54296875 0.01953125 0.0125
0 0.6671875 0.5390625 0.01796875 0.0125
0 0.7265625 0.53828125 0.01796875 0.0125
0 0.7609375 0.5390625 0.01796875 0.0109375
0 0.7796875 0.53125 0.015625 0.0125
0 0.80546875 0.5359375 0.01953125 0.0125
0 0.83515625 0.5390625 0.015625 0.0125
0 0.86015625 0.534375 0.01796875 0.0109375
0 0.2375 0.6234375 0.01796875 0.0109375
0 0.27109375 0.6234375 0.015625 0.0125
0 0.29296875 0.61953125 0.015625 0.0140625
0 0.32890625 0.6234375 0.015625 0.0125
0 0.4140625 0.61484375 0.015625 0.0125
0 0.4375 0.61171875 0.015625 0.0125
0 0.45625 0.615625 0.015625 0.0109375
0 0.48671875 0.61875 0.01953125 0.0125
0 0.52109375 0.62265625 0.01796875 0.0109375
0 0.553125 0.6234375 0.01796875 0.0109375
0 0.5734375 0.61953125 0.0140625 0.0125
0 0.6109375 0.6234375 0.01796875 0.009375
0 0.7 0.61953125 0.015625 0.0125
0 0.71953125 0.615625 0.01796875 0.0125
0 0.74453125 0.61953125 0.015625 0.0125
0 0.7921875 0.6234375 0.01953125 0.0125
0 0.82734375 0.6234375 0.015625 0.0125
0 0.8484375 0.61875 0.015625 0.0125
0 0.89296875 0.6234375 0.015625 0.0125
0 0.19140625 0.70078125 0.01796875 0.0109375
0 0.20546875 0.69765625 0.015625 0.0109375
0 0.22265625 0.70078125 0.01796875 0.009375
0 0.2484375 0.70546875 0.01796875 0.01484375
0 0.275 0.70859375 0.01796875 0.0125
0 0.3 0.7078125 0.0140625 0.0125
0 0.31796875 0.70390625 0.0140625 0.0125
0 0.34609375 0.70859375 0.015625 0.0125
0 0.365625 0.70859375 0.01796875 0.01484375
0 0.41953125 0.7046875 0.015625 0.0125
0 0.43515625 0.70546875 0.01796875 0.01484375
0 0.453125 0.7 0.015625 0.0125
0 0.47109375 0.7046875 0.01953125 0.0140625
0 0.509375 0.70078125 0.02109375 0.0140625
0 0.5359375 0.69609375 0.015625 0.0109375
0 0.55078125 0.70078125 0.015625 0.0140625
0 0.5828125 0.69609375 0.01796875 0.0125
0 0.59921875 0.7 0.015625 0.0125
0 0.6453125 0.70078125 0.015625 0.0125
0 0.6625 0.6953125 0.01796875 0.0140625
0 0.6828125 0.70078125 0.015625 0.01484375
0 0.6984375 0.696875 0.01953125 0.0140625
0 0.71953125 0.70078125 0.02109375 0.0140625
0 0.7359375 0.70390625 0.015625 0.0125
0 0.75390625 0.7078125 0.01796875 0.0140625
0 0.80234375 0.70859375 0.015625 0.0125
0 0.83515625 0.70546875 0.01796875 0.0109375
0 0.853125 0.7078125 0.01796875 0.0125
0 0.8796875 0.71171875 0.015625 0.0125
0 0.909375 0.70859375 0.0140625 0.0109375
0 0.1890625 0.7921875 0.0140625 0.0140625
0 0.21484375 0.7921875 0.01953125 0.0109375
0 0.2359375 0.78359375 0.015625 0.0109375
0 0.265625 0.78828125 0.015625 0.0125
0 0.2875 0.7921875 0.015625 0.0109375
0 0.31484375 0.78828125 0.01953125 0.0109375
0 0.43515625 0.78828125 0.015625 0.009375
0 0.45859375 0.78515625 0.01796875 0.0109375
0 0.484375 0.78828125 0.015625 0.0125
0 0.521875 0.7921875 0.015625 0.0125
0 0.54609375 0.7921875 0.015625 0.0140625
0 0.421875 0.8875 0.01953125 0.0125
0 0.446875 0.88828125 0.0140625 0.0125
0 0.46953125 0.87734375 0.015625 0.0109375
0 0.49296875 0.8765625 0.0140625 0.0125
0 0.53203125 0.88125 0.01796875 0.0140625
0 0.58125 0.8859375 0.01796875 0.0125
0 0.61796875 0.88828125 0.01953125 0.0125
0 0.6421875 0.8875 0.015625 0.0140625
0 0.665625 0.8765625 0.015625 0.0125
0 0.690625 0.8765625 0.015625 0.0140625
0 0.73515625 0.88125 0.01953125 0.0125
0 0.7578125 0.88671875 0.015625 0.01484375
0 0.79765625 0.88828125 0.01796875 0.0125
0 0.82421875 0.88828125 0.01953125 0.0140625
0 0.84765625 0.88515625 0.015625 0.0125
0 0.8875 0.88515625 0.01953125 0.0140625
2 0.2328125 0.18984375 0.02265625 0.0140625
2 0.28203125 0.18125 0.053125 0.01640625
2 0.34375 0.18671875 0.0515625 0.01796875
2 0.40234375 0.17890625 0.04921875 0.0140625
2 0.4859375 0.1875 0.05625 0.01796875
2 0.5609375 0.18359375 0.04765625 0.00859375
2 0.7046875 0.18984375 0.0265625 0.0140625
2 0.75546875 0.18046875 0.05625 0.01796875
2 0.82265625 0.1875 0.053125 0.01796875
2 0.89140625 0.18046875 0.053125 0.01796875
2 0.20546875 0.27265625 0.0640625 0.01953125
2 0.27578125 0.27265625 0.0515625 0.01953125
2 0.465625 0.2625 0.02265625 0.0140625
2 0.5015625 0.29765625 0.04921875 0.01640625
2 0.571875 0.26015625 0.04921875 0.01796875
2 0.621875 0.2984375 0.0546875 0.01953125
2 0.72265625 0.2609375 0.06875 0.01640625
2 0.7984375 0.2609375 0.053125 0.01953125
2 0.20625 0.36015625 0.0265625 0.0140625
2 0.253125 0.34921875 0.05625 0.01953125
2 0.31484375 0.35703125 0.04921875 0.01953125
2 0.37421875 0.34921875 0.0515625 0.0203125
2 0.45859375 0.3578125 0.06015625 0.01953125
2 0.5890625 0.34609375 0.040625 0.01796875
2 0.8078125 0.34375 0.07421875 0.01796875
2 0.20078125 0.46640625 0.028125 0.01484375
2 0.25390625 0.42421875 0.040625 0.0125
2 0.325 0.43046875 0.05625 0.0140625
2 0.46953125 0.42734375 0.04765625 0.01796875
2 0.578125 0.43046875 0.05859375 0.01640625
2 0.71171875 0.46640625 0.0265625 0.01640625
2 0.76484375 0.42578125 0.0375 0.01484375
2 0.83125 0.428125 0.0546875 0.021875
2 0.20546875 0.5109375 0.0421875 0.0203125
2 0.2828125 0.553125 0.0546875 0.01640625
2 0.3484375 0.55234375 0.02265625 0.01953125
2 0.4359375 0.553125 0.04609375 0.01640625
2 0.5015625 0.51171875 0.04453125 0.01796875
2 0.584375 0.5140625 0.04453125 0.01640625
2 0.64765625 0.5171875 0.06015625 0.01640625
2 0.746875 0.5171875 0.04921875 0.01640625
2 0.8125 0.51171875 0.06875 0.01484375
2 0.27109375 0.596875 0.065625 0.01484375
2 0.41953125 0.634375 0.03515625 0.01796875
2 0.47734375 0.59453125 0.0390625 0.0140625
2 0.553125 0.5984375 0.06015625 0.01640625
2 0.7171875 0.59609375 0.03203125 0.01796875
2 0.828125 0.5984375 0.0640625 0.01484375
2 0.19296875 0.72109375 0.025 0.01640625
2 0.240625 0.678125 0.03046875 0.0125
2 0.3015625 0.68125 0.04921875 0.01640625
2 0.36015625 0.68515625 0.02265625 0.01484375
2 0.4421875 0.68046875 0.04453125 0.01953125
2 0.525 0.721875 0.04921875 0.01640625
2 0.58828125 0.7203125 0.028125 0.01640625
2 0.6671875 0.7203125 0.065625 0.01796875
2 0.740625 0.6796875 0.04453125 0.01796875
2 0.82265625 0.68359375 0.0421875 0.01640625
2 0.8875 0.68359375 0.065625 0.01796875
2 0.2078125 0.7703125 0.03515625 0.01484375
2 0.26796875 0.765625 0.0640625 0.01640625
2 0.453125 0.7640625 0.03046875 0.01953125
2 0.50625 0.76875 0.04609375 0.01796875
2 0.43984375 0.86640625 0.03046875 0.0140625
2 0.50625 0.8578125 0.07109375 0.01640625
2 0.615625 0.8640625 0.0671875 0.01953125
2 0.7046875 0.85625 0.078125 0.01796875
2 0.79609375 0.86484375 0.078125 0.01953125
2 0.87265625 0.859375 0.04765625 0.00859375