0 0.15546875 0.1390625 0.015625 0.0125
0 0.17890625 0.13828125 0.0140625 0.0109375
0 0.20234375 0.1296875 0.01953125 0.0140625
0 0.265625 0.13125 0.01796875 0.0140625
0 0.28671875 0.134375 0.01796875 0.0125
0 0.31953125 0.134375 0.01953125 0.0140625
0 0.33828125 0.1421875 0.015625 0.0125
0 0.3578125 0.134375 0.02265625 0.0125
0 0.37890625 0.14296875 0.01796875 0.01640625
0 0.40703125 0.13515625 0.01953125 0.0125
0 0.45546875 0.1359375 0.01953125 0.0109375
0 0.47890625 0.1453125 0.01796875 0.0125
0 0.50078125 0.1421875 0.01953125 0.0125
0 0.5265625 0.134375 0.01796875 0.0140625
0 0.55625 0.13515625 0.01796875 0.0125
0 0.578125 0.13984375 0.015625 0.01484375
0 0.615625 0.13984375 0.01953125 0.0109375
0 0.6375 0.14140625 0.015625 0.0125
0 0.659375 0.13828125 0.01953125 0.0125
0 0.678125 0.14765625 0.015625 0.0140625
0 0.7125 0.15 0.01796875 0.0140625
0 0.76015625 0.15078125 0.01953125 0.0109375
0 0.79609375 0.15078125 0.01953125 0.0140625
0 0.82421875 0.15390625 0.01953125 0.0125
0 0.859375 0.1453125 0.015625 0.0125
0 0.8796875 0.15390625 0.015625 0.0125
0 0.91875 0.15390625 0.0140625 0.0125
0 0.940625 0.153125 0.01796875 0.0125
0 0.9625 0.14609375 0.01796875 0.0125
0 0.98046875 0.15390625 0.01953125 0.01484375
0 0.0734375 0.2796875 0.015625 0.0140625
0 0.13125 0.28828125 0.01796875 0.0140625
0 0.17578125 0.284375 0.01953125 0.0140625
0 0.23515625 0.29609375 0.01953125 0.01484375
0 0.35859375 0.2953125 0.01796875 0.01484375
0 0.43984375 0.2671875 0.01953125 0.0125
0 0.46484375 0.26796875 0.01796875 0.01484375
0 0.49375 0.2609375 0.01796875 0.01640625
0 0.54375 0.2796875 0.01953125 0.0140625
0 0.6015625 0.2875 0.01953125 0.01484375
0 0.64609375 0.26875 0.01953125 0.0125
0 0.70546875 0.27734375 0.02265625 0.0140625
0 0.82890625 0.27734375 0.01953125 0.0125
0 0.915625 0.284375 0.01953125 0.0125
0 0.94453125 0.27578125 0.01796875 0.0140625
0 0.9734375 0.28359375 0.01953125 0.01484375
0 0.0734375 0.40625 0.02265625 0.0125
0 0.159375 0.41328125 0.01953125 0.01484375
0 0.1890625 0.40625 0.01796875 0.0140625
0 0.2171875 0.41484375 0.015625 0.0140625
0 0.259375 0.409375 0.01953125 0.0125
0 0.284375 0.41015625 0.015625 0.0140625
0 0.35859375 0.4171875 0.01953125 0.0125
0 0.3828125 0.409375 0.015625 0.0125
0 0.40703125 0.41875 0.01796875 0.01484375
0 0.4484375 0.409375 0.02109375 0.0125
0 0.5328125 0.4171875 0.01953125 0.0140625
0 0.565625 0.409375 0.02109375 0.0109375
0 0.5921875 0.4171875 0.01796875 0.01484375
0 0.63359375 0.4140625 0.015625 0.0125
0 0.66015625 0.4140625 0.0140625 0.0140625
0 0.728125 0.4140625 0.01953125 0.0109375
0 0.7578125 0.40625 0.01796875 0.0140625
0 0.7796875 0.41484375 0.01953125 0.0125
0 0.82578125 0.40546875 0.01796875 0.01484375
0 0.9140625 0.4140625 0.01953125 0.0140625
0 0.9421875 0.40625 0.01796875 0.0125
0 0.97265625 0.4140625 0.015625 0.0125
0 0.07734375 0.540625 0.025 0.0125
0 0.1421875 0.54765625 0.01796875 0.01484375
0 0.17734375 0.540625 0.01953125 0.0109375
0 0.21328125 0.5453125 0.01796875 0.0140625
0 0.265625 0.55546875 0.01953125 0.0109375
0 0.2984375 0.5546875 0.02109375 0.0125
0 0.3625 0.5546875 0.02109375 0.0109375
0 0.44765625 0.55546875 0.025 0.0125
0 0.5359375 0.5453125 0.01953125 0.0125
0 0.5640625 0.5375 0.01953125 0.0125
0 0.590625 0.54453125 0.01953125 0.0109375
0 0.63359375 0.5359375 0.01953125 0.0109375
0 0.6609375 0.5375 0.02109375 0.01484375
0 0.72890625 0.54453125 0.02109375 0.0109375
0 0.759375 0.53671875 0.01796875 0.009375
0 0.78046875 0.54375 0.01953125 0.0140625
0 0.82578125 0.54140625 0.01953125 0.0140625
0 0.91328125 0.5484375 0.01796875 0.0140625
0 0.9421875 0.540625 0.01953125 0.0125
0 0.9734375 0.54765625 0.02109375 0.0140625
0 0.07109375 0.66953125 0.01953125 0.0125
0 0.09609375 0.671875 0.01796875 0.0125
0 0.1640625 0.678125 0.01953125 0.0125
0 0.1953125 0.66953125 0.01796875 0.0125
0 0.22109375 0.678125 0.02109375 0.0109375
0 0.2625 0.6734375 0.02109375 0.0125
0 0.328125 0.6734375 0.01953125 0.0140625
0 0.37109375 0.67421875 0.02109375 0.0140625
0 0.4015625 0.66640625 0.01953125 0.01484375
0 0.446875 0.66953125 0.01796875 0.0140625
0 0.47265625 0.67421875 0.01796875 0.01484375
0 0.54609375 0.6734375 0.01796875 0.0140625
0 0.5734375 0.6734375 0.02109375 0.0109375
0 0.59765625 0.665625 0.01953125 0.0140625
0 0.64140625 0.66875 0.02109375 0.01484375
0 0.7125 0.6734375 0.01953125 0.0109375
0 0.76015625 0.6671875 0.01953125 0.01484375
0 0.8375 0.6625 0.025 0.0140625
0 0.07890625 0.79375 0.01953125 0.0125
0 0.184375 0.7890625 0.02109375 0.01484375
0 0.21875 0.78203125 0.01953125 0.0125
0 0.25859375 0.78828125 0.01953125 0.0140625
0 0.309375 0.7828125 0.02109375 0.0125
0 0.34375 0.78359375 0.01796875 0.01484375
0 0.43359375 0.784375 0.01796875 0.0109375
0 0.46171875 0.78125 0.01953125 0.0140625
0 0.4984375 0.78359375 0.01953125 0.01640625
0 0.54453125 0.7859375 0.01796875 0.01484375
0 0.57734375 0.78515625 0.01953125 0.0125
0 0.6671875 0.7828125 0.02109375 0.01640625
0 0.6984375 0.78125 0.01796875 0.01484375
0 0.734375 0.7859375 0.01796875 0.01484375
0 0.77890625 0.7875 0.01953125 0.01484375
0 0.81328125 0.78828125 0.01953125 0.01484375
0 0.9046875 0.79140625 0.02109375 0.0140625
0 0.9375 0.78828125 0.02109375 0.0125
0 0.9734375 0.7953125 0.01953125 0.01484375
0 0.071875 0.93046875 0.01953125 0.0109375
0 0.1015625 0.93125 0.01796875 0.0109375
0 0.15234375 0.93125 0.01953125 0.0140625
0 0.1921875 0.9265625 0.01953125 0.0140625
0 0.21953125 0.93515625 0.01953125 0.01484375
0 0.26015625 0.9265625 0.02265625 0.0125
0 0.28515625 0.934375 0.01953125 0.0140625
0 0.36015625 0.93515625 0.01953125 0.01484375
0 0.3828125 0.9265625 0.0140625 0.0125
0 0.40703125 0.93515625 0.01953125 0.0140625
0 0.453125 0.9296875 0.01953125 0.0140625
0 0.52421875 0.93828125 0.02109375 0.0140625
0 0.57734375 0.9203125 0.01796875 0.01484375
0 0.64921875 0.92578125 0.025 0.01484375
0 0.8328125 0.92734375 0.02265625 0.0140625
2 0.17265625 0.16015625 0.0546875 0.01796875
2 0.34453125 0.1625 0.0671875 0.021875
2 0.4859375 0.171875 0.0796875 0.0125
2 0.63984375 0.1671875 0.06875 0.01640625
2 0.815625 0.12734375 0.0390625 0.0140625
2 0.95390625 0.12109375 0.07109375 0.009375
2 0.4734375 0.290625 0.0375 0.01796875
2 0.953125 0.30546875 0.0375 0.01796875
2 0.19609375 0.4359375 0.0375 0.01484375
2 0.4 0.38984375 0.03203125 0.01640625
2 0.58203125 0.38984375 0.0390625 0.01640625
2 0.76484375 0.43359375 0.03203125 0.01796875
2 0.9515625 0.43359375 0.0375 0.01796875
2 0.571875 0.5640625 0.0390625 0.01953125
2 0.7671875 0.565625 0.0375 0.01796875
2 0.96484375 0.51796875 0.0421875 0.01953125
2 0.2125 0.65078125 0.03515625 0.01796875
2 0.39140625 0.64609375 0.040625 0.01640625
2 0.5890625 0.64609375 0.0375 0.01640625
2 0.475 0.8078125 0.0421875 0.01484375
2 0.70859375 0.8078125 0.04609375 0.0140625
2 0.95078125 0.81796875 0.04453125 0.01640625
2 0.19921875 0.9546875 0.0375 0.01796875
2 0.3890625 0.9546875 0.03515625 0.01796875