0 0.2109375 0.203125 0.03203125 0.0125
0 0.259375 0.20078125 0.02265625 0.0125
0 0.37265625 0.1953125 0.028125 0.0125
0 0.46484375 0.2 0.02265625 0.0125
0 0.50546875 0.20390625 0.025 0.01484375
0 0.5609375 0.2 0.02265625 0.01484375
0 0.6046875 0.1875 0.025 0.0125
0 0.66796875 0.196875 0.02265625 0.0140625
0 0.7046875 0.1890625 0.01953125 0.0125
0 0.753125 0.1859375 0.01953125 0.0125
0 0.825 0.1890625 0.02265625 0.0125
0 0.1546875 0.3328125 0.02265625 0.0125
0 0.25078125 0.3390625 0.028125 0.0140625
0 0.290625 0.334375 0.02265625 0.0109375
0 0.346875 0.3328125 0.028125 0.0140625
0 0.40625 0.32890625 0.01953125 0.01484375
0 0.4375 0.3328125 0.01796875 0.0171875
0 0.46875 0.33515625 0.01796875 0.01484375
0 0.50234375 0.33984375 0.01953125 0.01640625
0 0.54609375 0.33515625 0.02265625 0.01484375
0 0.5921875 0.3234375 0.01796875 0.01484375
0 0.66015625 0.3328125 0.01796875 0.0171875
0 0.69375 0.3234375 0.01796875 0.0109375
0 0.7484375 0.3203125 0.01796875 0.01484375
0 0.8375 0.3234375 0.02109375 0.0140625
0 0.175 0.46796875 0.02265625 0.01484375
0 0.2875 0.475 0.0265625 0.0125
0 0.36171875 0.47265625 0.025 0.0125
0 0.40703125 0.47421875 0.03203125 0.0125
0 0.4640625 0.475 0.028125 0.01640625
0 0.546875 0.47734375 0.03359375 0.0125
0 0.5984375 0.47578125 0.028125 0.01640625
0 0.67578125 0.47578125 0.03359375 0.01484375
0 0.7453125 0.4796875 0.0390625 0.01640625
0 0.8015625 0.47421875 0.03046875 0.0140625
0 0.87578125 0.4703125 0.02265625 0.0125
0 0.1609375 0.603125 0.028125 0.0140625
0 0.2453125 0.60546875 0.02109375 0.0125
0 0.34609375 0.61015625 0.028125 0.0125
0 0.40078125 0.60859375 0.028125 0.0125
0 0.43828125 0.61015625 0.028125 0.01640625
0 0.48125 0.60859375 0.025 0.0125
0 0.54453125 0.6109375 0.0265625 0.0140625
0 0.6 0.6078125 0.0265625 0.0140625
0 0.67421875 0.61015625 0.03046875 0.01640625
0 0.75390625 0.61953125 0.03203125 0.0109375
0 0.165625 0.74609375 0.03046875 0.0140625
0 0.3546875 0.740625 0.028125 0.0140625
0 0.46171875 0.75390625 0.025 0.01015625
0 0.5484375 0.7296875 0.0265625 0.01484375
0 0.621875 0.73359375 0.02265625 0.0125
0 0.6734375 0.7390625 0.02109375 0.01484375
0 0.74375 0.74140625 0.02109375 0.01640625
0 0.8203125 0.73671875 0.01953125 0.01484375
0 0.86953125 0.73515625 0.02265625 0.01484375
0 0.14921875 0.8734375 0.025 0.01484375
0 0.209375 0.8765625 0.028125 0.0125
0 0.2484375 0.88125 0.02265625 0.0109375
0 0.3046875 0.8828125 0.03359375 0.0125
0 0.34921875 0.88046875 0.028125 0.01640625
0 0.40859375 0.88203125 0.03203125 0.0125
0 0.465625 0.8828125 0.03203125 0.0140625
0 0.509375 0.88125 0.028125 0.01640625
0 0.56640625 0.8765625 0.02265625 0.0125
0 0.63359375 0.87265625 0.028125 0.01484375
0 0.71875 0.875 0.0265625 0.01640625
0 0.85234375 0.8796875 0.03046875 0.0125
2 0.240625 0.17734375 0.065625 0.0125
2 0.490625 0.178125 0.04921875 0.01484375
2 0.69453125 0.1671875 0.04921875 0.01875
2 0.27734375 0.31328125 0.05859375 0.0125
2 0.4578125 0.3078125 0.10234375 0.01640625
2 0.6796875 0.3046875 0.0515625 0.01640625