1 0.23363 0.15625 0.23894 0.1575 0.24247999999999997 0.15625 0.24425 0.15125 0.24070999999999998 0.15 0.2354 0.15125 0.23186 0.15375 0.23363 0.15625
1 0.29381 0.15375 0.29912 0.15375 0.30265 0.15125 0.30265 0.14625 0.29912 0.14625 0.29558 0.14750000000000002 0.29203999999999997 0.15 0.29381 0.15375
1 0.36814 0.15 0.37345 0.15 0.37699 0.14750000000000002 0.37699 0.14250000000000002 0.37168 0.14250000000000002 0.36814 0.14375 0.36637 0.14625 0.36814 0.15
1 0.47434000000000004 0.14250000000000002 0.47611 0.135 0.4708 0.135 0.46726 0.13625 0.46548999999999996 0.14250000000000002 0.47434000000000004 0.14250000000000002
1 0.58053 0.14250000000000002 0.58938 0.14250000000000002 0.5911500000000001 0.14125000000000001 0.59292 0.13874999999999998 0.5911500000000001 0.135 0.58761 0.135 0.58407 0.13625 0.58053 0.13874999999999998 0.58053 0.14250000000000002
1 0.6814199999999999 0.15 0.6867300000000001 0.15 0.69204 0.145 0.69027 0.14250000000000002 0.6867300000000001 0.14250000000000002 0.68319 0.14375 0.67965 0.14625 0.6814199999999999 0.15
1 0.8 0.13874999999999998 0.79469 0.14250000000000002 0.79646 0.14625 0.80708 0.145 0.80708 0.13874999999999998 0.8 0.13874999999999998
1 0.9008800000000001 0.13874999999999998 0.89735 0.13999999999999999 0.89735 0.14625 0.9079599999999999 0.145 0.9061899999999999 0.13874999999999998 0.9008800000000001 0.13874999999999998
1 0.36637 0.2125 0.36637 0.21749999999999997 0.37522 0.21749999999999997 0.37699 0.21125 0.36637 0.2125
1 0.47611 0.21125 0.46548999999999996 0.2125 0.46726 0.21875 0.4708 0.21875 0.47611 0.215 0.47611 0.21125
1 0.42123999999999995 0.205 0.42478 0.20375000000000001 0.42832 0.20125 0.42655000000000004 0.19624999999999998 0.41947 0.19624999999999998 0.41593 0.19875 0.41593 0.20375000000000001 0.42123999999999995 0.205
1 0.41769999999999996 0.21125 0.42478 0.21125 0.42832 0.20750000000000002 0.42655000000000004 0.20375000000000001 0.42123999999999995 0.20375000000000001 0.41769999999999996 0.205 0.41593 0.20875 0.41769999999999996 0.21125
1 0.58761 0.21875 0.5911500000000001 0.21625 0.59292 0.2125 0.58407 0.21125 0.58053 0.21375000000000002 0.5823 0.21749999999999997 0.58407 0.21749999999999997 0.58761 0.21875
1 0.6885 0.21749999999999997 0.69204 0.2125 0.68319 0.21125 0.67965 0.21375000000000002 0.67965 0.21625 0.6867300000000001 0.21749999999999997 0.6885 0.21749999999999997
1 0.79646 0.20750000000000002 0.80177 0.20750000000000002 0.8053100000000001 0.20625 0.80708 0.20125 0.8035399999999999 0.2 0.8 0.2 0.79469 0.205 0.79646 0.20750000000000002
1 0.89735 0.20750000000000002 0.90442 0.20750000000000002 0.9079599999999999 0.205 0.9061899999999999 0.2 0.9008800000000001 0.2 0.89735 0.20125 0.89558 0.205 0.89735 0.20750000000000002
1 0.51504 0.205 0.52035 0.205 0.52566 0.20125 0.52566 0.19624999999999998 0.51504 0.19624999999999998 0.51504 0.19875 0.51327 0.2 0.51504 0.205
1 0.51504 0.21125 0.52389 0.21000000000000002 0.52566 0.20750000000000002 0.52566 0.20375000000000001 0.51858 0.20375000000000001 0.51504 0.205 0.51327 0.20875 0.51504 0.21125
1 0.6354 0.205 0.6389400000000001 0.20375000000000001 0.64248 0.20125 0.64248 0.1975 0.6336299999999999 0.1975 0.63009 0.2 0.63009 0.20375000000000001 0.6354 0.205
1 0.64248 0.20875 0.64071 0.20375000000000001 0.63186 0.205 0.63186 0.2125 0.63717 0.2125 0.64248 0.20875
1 0.73274 0.205 0.73982 0.20249999999999999 0.73805 0.19624999999999998 0.73274 0.19624999999999998 0.7292 0.1975 0.7292 0.205 0.73274 0.205
1 0.73982 0.205 0.72743 0.20625 0.72743 0.21125 0.73628 0.21125 0.73982 0.20875 0.73982 0.205
1 0.8584099999999999 0.1875 0.85487 0.18625 0.84956 0.18625 0.84602 0.1875 0.84602 0.19125 0.8531000000000001 0.1925 0.8584099999999999 0.19125 0.8584099999999999 0.1875
1 0.85664 0.19375 0.84956 0.19375 0.84602 0.19624999999999998 0.84779 0.2 0.85664 0.2 0.8584099999999999 0.1975 0.85664 0.19375
1 0.9557499999999999 0.18625 0.94513 0.1875 0.9469 0.19375 0.95221 0.19375 0.95752 0.19 0.9557499999999999 0.18625
1 0.9557499999999999 0.19375 0.9486700000000001 0.19375 0.94513 0.195 0.9469 0.2 0.9539799999999999 0.2 0.95752 0.19875 0.9557499999999999 0.19375
1 0.20354 0.32125 0.20884999999999998 0.32125 0.21416 0.3175 0.21239 0.315 0.20708000000000001 0.31375000000000003 0.20354 0.315 0.2 0.31875 0.20354 0.32125
1 0.25487000000000004 0.3175 0.26017999999999997 0.3175 0.26549 0.3125 0.26195 0.31 0.25664 0.31124999999999997 0.2531 0.31375000000000003 0.25487000000000004 0.3175
1 0.33097 0.31375000000000003 0.33451 0.31124999999999997 0.33451 0.30625 0.3292 0.30625 0.32389 0.31 0.32566 0.31375000000000003 0.33097 0.31375000000000003
1 0.4354 0.3075 0.43894 0.30625 0.44071 0.305 0.44248000000000004 0.3025 0.44071 0.29874999999999996 0.4354 0.29874999999999996 0.43186 0.3 0.43186 0.3075 0.4354 0.3075
1 0.79646 0.31 0.79115 0.30625 0.78407 0.30625 0.78053 0.3075 0.78053 0.31375000000000003 0.78761 0.315 0.79469 0.3125 0.79646 0.31
1 0.5646 0.3025 0.56283 0.3 0.55575 0.3 0.55221 0.3025 0.55221 0.3075 0.56283 0.30625 0.56283 0.305 0.5646 0.3025
1 0.6654899999999999 0.31124999999999997 0.6708000000000001 0.3075 0.6708000000000001 0.3025 0.66195 0.3025 0.65841 0.305 0.66018 0.31124999999999997 0.6654899999999999 0.31124999999999997
1 0.09558 0.37124999999999997 0.10264999999999999 0.37124999999999997 0.10619 0.36875 0.10442 0.36375 0.10088 0.36375 0.09735 0.365 0.09558 0.3675 0.09558 0.37124999999999997
1 0.16106 0.35125 0.15752 0.34875 0.15398 0.35 0.15221 0.35 0.15044 0.35125 0.15044 0.35625 0.15752 0.35625 0.16106 0.355 0.16106 0.35125
1 0.15752 0.36375 0.16106 0.36124999999999996 0.15929 0.35750000000000004 0.15398 0.35750000000000004 0.15044 0.35875 0.15044 0.36375 0.15752 0.36375
1 0.20708000000000001 0.37124999999999997 0.21061999999999997 0.37 0.21239 0.365 0.20708000000000001 0.36375 0.20354 0.365 0.20177 0.37124999999999997 0.20708000000000001 0.37124999999999997
1 0.26372 0.35625 0.26549 0.35375 0.26372 0.35 0.25664 0.35 0.2531 0.3525 0.2531 0.355 0.25664 0.35750000000000004 0.26017999999999997 0.35750000000000004 0.26372 0.35625
1 0.26549 0.35750000000000004 0.25664 0.35750000000000004 0.2531 0.35875 0.2531 0.36375 0.26195 0.36375 0.26549 0.36124999999999996 0.26549 0.35750000000000004
1 0.32743 0.375 0.32389 0.37625000000000003 0.32389 0.38125 0.33274 0.38125 0.33628 0.37625000000000003 0.32743 0.375
1 0.44071 0.375 0.43362999999999996 0.375 0.43009000000000003 0.37625000000000003 0.43186 0.3825 0.43716999999999995 0.3825 0.44071 0.38 0.44071 0.375
1 0.55221 0.3875 0.5539799999999999 0.39249999999999996 0.5592900000000001 0.39249999999999996 0.5646 0.3875 0.56106 0.385 0.55221 0.3875
1 0.6654899999999999 0.39249999999999996 0.66903 0.39 0.66726 0.385 0.66372 0.385 0.66018 0.38625 0.66018 0.39249999999999996 0.6654899999999999 0.39249999999999996
1 0.78584 0.3825 0.78938 0.3825 0.79292 0.38 0.79292 0.375 0.78584 0.375 0.7823 0.3775 0.7823 0.38125 0.78584 0.3825
1 0.37876 0.36875 0.3823 0.36875 0.38584 0.3675 0.38938 0.365 0.38938 0.36124999999999996 0.38053 0.36124999999999996 0.37699 0.36375 0.37699 0.36625 0.37876 0.36875
1 0.8991199999999999 0.38125 0.9008800000000001 0.37875000000000003 0.8991199999999999 0.37374999999999997 0.8902699999999999 0.37625000000000003 0.8902699999999999 0.38125 0.89381 0.3825 0.8991199999999999 0.38125
1 0.38053 0.37625000000000003 0.38407 0.37625000000000003 0.38938 0.3725 0.38938 0.36875 0.37876 0.36875 0.37699 0.37124999999999997 0.37699 0.37374999999999997 0.38053 0.37625000000000003
1 0.49381 0.365 0.49381 0.36124999999999996 0.48495999999999995 0.36124999999999996 0.48141999999999996 0.36375 0.48141999999999996 0.3675 0.49027000000000004 0.3675 0.49381 0.365
1 0.49381 0.37124999999999997 0.49204 0.3675 0.48495999999999995 0.3675 0.48141999999999996 0.37 0.48319 0.375 0.49027000000000004 0.375 0.49381 0.37124999999999997
1 0.61593 0.37 0.6176999999999999 0.3675 0.61593 0.36375 0.61062 0.36375 0.60531 0.3675 0.6070800000000001 0.37124999999999997 0.61593 0.37
1 0.6176999999999999 0.37124999999999997 0.60885 0.37124999999999997 0.60531 0.37374999999999997 0.6070800000000001 0.37875000000000003 0.61593 0.3775 0.6176999999999999 0.375 0.6176999999999999 0.37124999999999997
1 0.72212 0.36875 0.72035 0.36375 0.71327 0.36375 0.70973 0.36625 0.70973 0.37124999999999997 0.71858 0.37124999999999997 0.72212 0.36875
1 0.71327 0.37875000000000003 0.71681 0.37875000000000003 0.72212 0.375 0.72035 0.37124999999999997 0.71327 0.37124999999999997 0.70973 0.37374999999999997 0.70973 0.37625000000000003 0.71327 0.37875000000000003
1 0.8371700000000001 0.36875 0.84071 0.3675 0.8442500000000001 0.3675 0.84779 0.365 0.84602 0.36 0.83894 0.36 0.8353999999999999 0.3625 0.8353999999999999 0.36625 0.8371700000000001 0.36875
1 0.84071 0.37625000000000003 0.8442500000000001 0.375 0.84779 0.3725 0.84779 0.36875 0.83894 0.36875 0.8353999999999999 0.37124999999999997 0.8353999999999999 0.37374999999999997 0.84071 0.37625000000000003
1 0.9539799999999999 0.36375 0.95221 0.36 0.94513 0.36 0.94159 0.36375 0.94336 0.3675 0.95221 0.36625 0.9539799999999999 0.36375
1 0.94336 0.37625000000000003 0.9504400000000001 0.375 0.9504400000000001 0.37374999999999997 0.9539799999999999 0.37124999999999997 0.95221 0.3675 0.9469 0.3675 0.94159 0.37124999999999997 0.94159 0.37374999999999997 0.94336 0.37625000000000003
1 0.1646 0.485 0.16991 0.485 0.17345 0.48375 0.17522 0.48 0.17168 0.47750000000000004 0.16814 0.47750000000000004 0.1646 0.47874999999999995 0.1646 0.485
1 0.21593 0.485 0.22124000000000002 0.485 0.22477999999999998 0.48375 0.22654999999999997 0.48125 0.22654999999999997 0.47874999999999995 0.22301 0.47750000000000004 0.2177 0.47874999999999995 0.21416 0.48250000000000004 0.21593 0.485
1 0.27257 0.48125 0.27610999999999997 0.47874999999999995 0.27434 0.47375 0.27080000000000004 0.47375 0.26726 0.475 0.26549 0.48125 0.27257 0.48125
1 0.34336 0.47750000000000004 0.3469 0.475 0.3469 0.46875 0.34159 0.47000000000000003 0.33805 0.47125000000000006 0.33628 0.47750000000000004 0.34336 0.47750000000000004
1 0.44071 0.47000000000000003 0.44425 0.47125000000000006 0.44779 0.47000000000000003 0.44955999999999996 0.46875 0.45133 0.46624999999999994 0.44955999999999996 0.4625 0.44602 0.46375 0.44071 0.465 0.43894 0.46749999999999997 0.44071 0.47000000000000003
1 0.61593 0.47125000000000006 0.6230100000000001 0.46875 0.62478 0.46624999999999994 0.6230100000000001 0.46375 0.6176999999999999 0.46375 0.61239 0.46749999999999997 0.61239 0.47000000000000003 0.61593 0.47125000000000006
1 0.6654899999999999 0.46875 0.6654899999999999 0.47375 0.67611 0.4725 0.67611 0.46749999999999997 0.6654899999999999 0.46875
1 0.71681 0.47750000000000004 0.72566 0.47625 0.72743 0.47375 0.72566 0.47125000000000006 0.72212 0.47000000000000003 0.71858 0.47125000000000006 0.71504 0.47375 0.71681 0.47750000000000004
1 0.79823 0.48375 0.79823 0.47750000000000004 0.79115 0.47750000000000004 0.78761 0.47874999999999995 0.78584 0.48250000000000004 0.78761 0.485 0.79469 0.485 0.79823 0.48375
1 0.89204 0.47375 0.9026500000000001 0.4725 0.9026500000000001 0.46624999999999994 0.89735 0.46624999999999994 0.89381 0.46749999999999997 0.8902699999999999 0.47000000000000003 0.89204 0.47375
1 0.12035 0.54375 0.12035 0.5387500000000001 0.11504 0.5387500000000001 0.1115 0.54 0.1115 0.545 0.12035 0.54375
1 0.21593 0.54 0.21416 0.54375 0.2177 0.54625 0.22477999999999998 0.54375 0.22477999999999998 0.5387500000000001 0.21593 0.54
1 0.16991 0.53125 0.17345 0.5287499999999999 0.17168 0.5237499999999999 0.1646 0.525 0.16283 0.5275000000000001 0.1646 0.53125 0.16991 0.53125
1 0.17168 0.5387500000000001 0.17522 0.5337500000000001 0.17168 0.53125 0.1646 0.5325 0.1646 0.5337500000000001 0.16283 0.53625 0.1646 0.5387500000000001 0.17168 0.5387500000000001
1 0.34336 0.545 0.3469 0.5425 0.3469 0.5387500000000001 0.33982 0.5387500000000001 0.33628 0.54 0.33628 0.545 0.34336 0.545
1 0.44602 0.54625 0.44955999999999996 0.54375 0.45133 0.54125 0.45133 0.5387500000000001 0.44425 0.5387500000000001 0.44071 0.54 0.44071 0.545 0.44602 0.54625
1 0.56637 0.54625 0.5699099999999999 0.545 0.57168 0.5425 0.57168 0.5387500000000001 0.5646 0.5387500000000001 0.56106 0.54125 0.56106 0.545 0.56637 0.54625
1 0.6708000000000001 0.54625 0.67611 0.5425 0.67611 0.5387500000000001 0.66903 0.5387500000000001 0.6654899999999999 0.54 0.6654899999999999 0.545 0.6708000000000001 0.54625
1 0.79469 0.5349999999999999 0.79823 0.5325 0.79823 0.5287499999999999 0.79469 0.5275000000000001 0.79115 0.5287499999999999 0.78938 0.5287499999999999 0.78938 0.5349999999999999 0.79469 0.5349999999999999
1 0.89204 0.5349999999999999 0.8991199999999999 0.5349999999999999 0.9026500000000001 0.5325 0.9026500000000001 0.5287499999999999 0.8991199999999999 0.5275000000000001 0.89558 0.5287499999999999 0.89381 0.5287499999999999 0.89204 0.5349999999999999
1 0.26549 0.5325 0.26549 0.5387500000000001 0.27610999999999997 0.5375 0.27610999999999997 0.5325 0.26549 0.5325
1 0.38761 0.52625 0.38938 0.53125 0.39823 0.53 0.39823 0.525 0.38761 0.52625
1 0.50088 0.5287499999999999 0.49912 0.5237499999999999 0.49381 0.5237499999999999 0.49027000000000004 0.52625 0.49027000000000004 0.53125 0.49912 0.53125 0.50088 0.5287499999999999
1 0.27610999999999997 0.525 0.26549 0.52625 0.26726 0.5325 0.27257 0.5325 0.27610999999999997 0.53 0.27610999999999997 0.525
1 0.39823 0.53625 0.39823 0.5325 0.38761 0.5337500000000001 0.38761 0.53625 0.38938 0.5387500000000001 0.39646 0.5387500000000001 0.39823 0.53625
1 0.50088 0.53625 0.50088 0.5325 0.49027000000000004 0.5337500000000001 0.49027000000000004 0.53625 0.49204 0.5387500000000001 0.49734999999999996 0.5387500000000001 0.50088 0.53625
1 0.61593 0.5175 0.61239 0.52 0.61416 0.5237499999999999 0.6230100000000001 0.5225 0.62124 0.5175 0.61593 0.5175
1 0.61593 0.525 0.61239 0.5275000000000001 0.61416 0.53125 0.6230100000000001 0.53 0.6230100000000001 0.525 0.61593 0.525
1 0.72566 0.5175 0.71504 0.51875 0.71504 0.5237499999999999 0.72389 0.5237499999999999 0.72743 0.5225 0.72566 0.5175
1 0.71681 0.5325 0.72389 0.53125 0.72566 0.5287499999999999 0.72566 0.525 0.71858 0.525 0.71504 0.5275000000000001 0.71504 0.53 0.71681 0.5325
1 0.8442500000000001 0.52125 0.84779 0.52 0.8513299999999999 0.5175 0.8513299999999999 0.51375 0.8424799999999999 0.51375 0.83894 0.51625 0.83894 0.51875 0.8442500000000001 0.52125
1 0.84956 0.52125 0.8424799999999999 0.52125 0.83894 0.5225 0.84071 0.5275000000000001 0.84779 0.5275000000000001 0.8513299999999999 0.525 0.84956 0.52125
1 0.94513 0.52125 0.9504400000000001 0.52125 0.9557499999999999 0.51625 0.9539799999999999 0.51375 0.9469 0.51375 0.94336 0.51625 0.94336 0.51875 0.94513 0.52125
1 0.9469 0.52125 0.94336 0.5237499999999999 0.94513 0.5275000000000001 0.9539799999999999 0.52625 0.95221 0.52125 0.9469 0.52125
1 0.15044 0.6325000000000001 0.15044 0.6375 0.15929 0.63625 0.15929 0.63125 0.15044 0.6325000000000001
1 0.20884999999999998 0.64125 0.21239 0.63875 0.21239 0.635 0.20531000000000002 0.635 0.20177 0.6375 0.20177 0.64125 0.20884999999999998 0.64125
1 0.25487000000000004 0.645 0.26372 0.64375 0.26372 0.6425 0.26549 0.64 0.26195 0.6375 0.25487000000000004 0.63875 0.2531 0.64125 0.25487000000000004 0.645
1 0.43716999999999995 0.64125 0.44071 0.63875 0.43894 0.6325000000000001 0.43186 0.635 0.43009000000000003 0.6375 0.43009000000000003 0.64125 0.43716999999999995 0.64125
1 0.33451 0.64375 0.33451 0.63875 0.33097 0.6375 0.32743 0.6375 0.32389 0.64 0.32566 0.64625 0.33097 0.64625 0.33451 0.64375
1 0.6070800000000001 0.645 0.61593 0.64375 0.61593 0.63875 0.61239 0.6375 0.60885 0.63875 0.60531 0.64125 0.6070800000000001 0.645
1 0.6654899999999999 0.645 0.66903 0.6425 0.66726 0.6375 0.66372 0.63875 0.65841 0.64 0.66018 0.645 0.6654899999999999 0.645
1 0.70973 0.6475 0.71327 0.6487499999999999 0.71681 0.6487499999999999 0.72035 0.6475 0.72035 0.64125 0.71504 0.64125 0.7115 0.6425 0.70796 0.645 0.70973 0.6475
1 0.79292 0.6425 0.78938 0.64125 0.78053 0.64125 0.77699 0.6425 0.77699 0.64625 0.78053 0.6487499999999999 0.79292 0.6475 0.79292 0.6425
1 0.10264999999999999 0.69875 0.10619 0.69625 0.10442 0.6912499999999999 0.10088 0.6912499999999999 0.09735 0.6925 0.09912 0.7 0.10264999999999999 0.69875
1 0.20177 0.69875 0.20884999999999998 0.69875 0.21239 0.69625 0.21239 0.6925 0.20884999999999998 0.6912499999999999 0.20531000000000002 0.6925 0.20354 0.6925 0.20177 0.69875
1 0.32743 0.71375 0.32389 0.7162499999999999 0.32389 0.71875 0.33274 0.71875 0.33451 0.71375 0.32743 0.71375
1 0.4354 0.72 0.43894 0.71875 0.44071 0.71375 0.43362999999999996 0.71375 0.43009000000000003 0.7162499999999999 0.43186 0.72 0.4354 0.72
1 0.5592900000000001 0.72 0.56283 0.7175 0.56283 0.71375 0.55575 0.71375 0.55221 0.7162499999999999 0.5539799999999999 0.72 0.5592900000000001 0.72
1 0.66372 0.72 0.66726 0.71875 0.66903 0.71375 0.66195 0.71375 0.65841 0.7162499999999999 0.66018 0.72 0.66372 0.72
1 0.78407 0.71 0.78761 0.71 0.79115 0.7075 0.79115 0.7025 0.78407 0.7025 0.78053 0.705 0.78053 0.70875 0.78407 0.71
1 0.89558 0.7025 0.8885 0.7025 0.8849600000000001 0.70375 0.88673 0.71 0.89204 0.71 0.89558 0.7075 0.89558 0.7025
1 0.16106 0.68125 0.16106 0.67875 0.15752 0.6775 0.15221 0.6775 0.14867 0.6799999999999999 0.15044 0.6849999999999999 0.15752 0.6849999999999999 0.16106 0.68125
1 0.16106 0.68875 0.15929 0.6849999999999999 0.15221 0.6849999999999999 0.14867 0.6875 0.15044 0.6912499999999999 0.15398 0.6925 0.15929 0.6912499999999999 0.16106 0.68875
1 0.26195 0.6849999999999999 0.26549 0.6825 0.26372 0.6775 0.25664 0.6775 0.2531 0.6799999999999999 0.2531 0.6825 0.25664 0.6849999999999999 0.26195 0.6849999999999999
1 0.26372 0.6849999999999999 0.25664 0.6849999999999999 0.2531 0.6875 0.25487000000000004 0.6912499999999999 0.26372 0.6912499999999999 0.26549 0.68875 0.26372 0.6849999999999999
1 0.38053 0.6925 0.37699 0.69375 0.37876 0.69875 0.38761 0.69875 0.38761 0.6925 0.38053 0.6925
1 0.38761 0.705 0.38938 0.69875 0.38053 0.69875 0.37699 0.70125 0.37699 0.70375 0.37876 0.70625 0.38407 0.70625 0.38761 0.705
1 0.49204 0.6975 0.49204 0.6925 0.48141999999999996 0.69375 0.48141999999999996 0.69625 0.48319 0.69875 0.4885 0.69875 0.49204 0.6975
1 0.4885 0.70625 0.49204 0.70375 0.49027000000000004 0.69875 0.48673 0.69875 0.48141999999999996 0.70375 0.48319 0.70625 0.4885 0.70625
1 0.61593 0.6925 0.60885 0.6925 0.60531 0.6950000000000001 0.6070800000000001 0.69875 0.61593 0.69875 0.6176999999999999 0.69625 0.61593 0.6925
1 0.60531 0.70375 0.6070800000000001 0.70625 0.61239 0.70625 0.61593 0.705 0.6176999999999999 0.7025 0.6176999999999999 0.7 0.61416 0.69875 0.61062 0.69875 0.60531 0.70125 0.60531 0.70375
1 0.7115 0.69875 0.71858 0.69875 0.72212 0.69625 0.72212 0.6925 0.71858 0.6912499999999999 0.71504 0.6912499999999999 0.7115 0.6925 0.7115 0.69875
1 0.71681 0.70625 0.72212 0.7025 0.72035 0.69875 0.71327 0.69875 0.70973 0.70125 0.7115 0.70625 0.71681 0.70625
1 0.8442500000000001 0.69375 0.8442500000000001 0.68875 0.83186 0.6900000000000001 0.83186 0.69375 0.8353999999999999 0.69625 0.84071 0.69625 0.8442500000000001 0.69375
1 0.8442500000000001 0.69625 0.83363 0.69625 0.83186 0.69875 0.83363 0.7025 0.84071 0.7025 0.8442500000000001 0.7 0.8442500000000001 0.69625
1 0.9345100000000001 0.69625 0.9398199999999999 0.69625 0.94336 0.6950000000000001 0.94513 0.6925 0.94513 0.6875 0.93628 0.6875 0.9345100000000001 0.6900000000000001 0.9327400000000001 0.69375 0.9345100000000001 0.69625
1 0.9327400000000001 0.69875 0.9345100000000001 0.7025 0.93628 0.7025 0.9398199999999999 0.70375 0.94336 0.70125 0.94513 0.69875 0.94336 0.6950000000000001 0.9398199999999999 0.6950000000000001 0.9380499999999999 0.69625 0.9345100000000001 0.69625 0.9327400000000001 0.69875
1 0.11327000000000001 0.8125 0.11681 0.81125 0.11857999999999999 0.80625 0.1115 0.80625 0.10795999999999999 0.8074999999999999 0.10973 0.8125 0.11327000000000001 0.8125
1 0.15398 0.79125 0.15929 0.7875 0.15752 0.7837500000000001 0.15398 0.7849999999999999 0.14867 0.78625 0.15044 0.79125 0.15398 0.79125
1 0.18584 0.795 0.18407 0.79125 0.17876 0.79125 0.17522 0.79375 0.17522 0.7975 0.18407 0.7975 0.18584 0.795
1 0.26549 0.79125 0.26195 0.79375 0.26195 0.7975 0.27257 0.79625 0.27080000000000004 0.79125 0.26549 0.79125
1 0.2354 0.795 0.23186 0.7975 0.23186 0.8012499999999999 0.24247999999999997 0.8 0.24247999999999997 0.795 0.2354 0.795
1 0.21239 0.79375 0.21416 0.79125 0.21239 0.7875 0.20884999999999998 0.7875 0.20531000000000002 0.7887500000000001 0.20531000000000002 0.795 0.21239 0.79375
1 0.2885 0.805 0.29381 0.805 0.29735 0.8025 0.29735 0.79875 0.29203999999999997 0.79875 0.2885 0.8 0.28673000000000004 0.8025 0.2885 0.805
1 0.34159 0.79875 0.33982 0.795 0.33451 0.795 0.33097 0.7975 0.33097 0.8012499999999999 0.33982 0.8012499999999999 0.34159 0.79875
1 0.36637 0.8087500000000001 0.36991 0.80625 0.36991 0.8025 0.36283 0.8025 0.35929 0.805 0.36106 0.8087500000000001 0.36637 0.8087500000000001
1 0.38407 0.805 0.39292 0.80375 0.39292 0.79875 0.38761 0.79875 0.38407 0.8 0.3823 0.8025 0.38407 0.805
1 0.41769999999999996 0.8125 0.42123999999999995 0.8099999999999999 0.42123999999999995 0.8074999999999999 0.41769999999999996 0.805 0.41239 0.80625 0.40885 0.8099999999999999 0.41062000000000004 0.8125 0.41769999999999996 0.8125
1 0.44602 0.8012499999999999 0.43894 0.805 0.44071 0.8087500000000001 0.44779 0.8074999999999999 0.44955999999999996 0.805 0.44955999999999996 0.8025 0.44602 0.8012499999999999
1 0.4708 0.8125 0.47434000000000004 0.8099999999999999 0.47434000000000004 0.80625 0.46726 0.80625 0.46372 0.8087500000000001 0.46548999999999996 0.8125 0.4708 0.8125
1 0.49912 0.8175000000000001 0.49734999999999996 0.8125 0.49381 0.8125 0.49027000000000004 0.81375 0.49027000000000004 0.81875 0.49912 0.8175000000000001
1 0.5221199999999999 0.8125 0.52566 0.8099999999999999 0.52566 0.80625 0.51858 0.80625 0.51504 0.8099999999999999 0.51681 0.8125 0.5221199999999999 0.8125
1 0.57168 0.8099999999999999 0.5699099999999999 0.80625 0.56637 0.805 0.56283 0.805 0.55575 0.8074999999999999 0.55575 0.8099999999999999 0.5592900000000001 0.8125 0.56814 0.8125 0.57168 0.8099999999999999
1 0.11327000000000001 0.87375 0.11681 0.8724999999999999 0.11857999999999999 0.8699999999999999 0.11857999999999999 0.86625 0.1115 0.86625 0.10795999999999999 0.8675 0.10795999999999999 0.8724999999999999 0.11327000000000001 0.87375
1 0.21416 0.86625 0.20708000000000001 0.86625 0.20354 0.8675 0.20354 0.8724999999999999 0.21239 0.8724999999999999 0.21416 0.8699999999999999 0.21416 0.86625
1 0.33805 0.8625 0.34159 0.86 0.34159 0.85625 0.33805 0.8550000000000001 0.33097 0.8574999999999999 0.33097 0.8625 0.33805 0.8625
1 0.43894 0.88375 0.44602 0.88375 0.44955999999999996 0.88125 0.44779 0.87625 0.44425 0.87625 0.44071 0.8775000000000001 0.43716999999999995 0.88125 0.43894 0.88375
1 0.56283 0.87375 0.56637 0.87375 0.5699099999999999 0.8712500000000001 0.56814 0.865 0.5646 0.86625 0.5592900000000001 0.8675 0.5592900000000001 0.8724999999999999 0.56283 0.87375
1 0.66018 0.8675 0.66018 0.8724999999999999 0.66903 0.8724999999999999 0.6708000000000001 0.86625 0.66018 0.8675
1 0.15575 0.85875 0.15752 0.8574999999999999 0.15929 0.8550000000000001 0.15929 0.8525 0.15575 0.85125 0.14867 0.8525 0.1469 0.8550000000000001 0.14867 0.86 0.15221 0.86 0.15575 0.85875
1 0.15398 0.8675 0.15752 0.865 0.15929 0.8625 0.15929 0.86 0.15044 0.86 0.1469 0.8625 0.14867 0.8675 0.15398 0.8675
1 0.26372 0.85875 0.26903 0.85875 0.27257 0.85625 0.27257 0.85125 0.26903 0.85125 0.26549 0.8525 0.26195 0.8550000000000001 0.26372 0.85875
1 0.27080000000000004 0.86625 0.27257 0.8637499999999999 0.27080000000000004 0.85875 0.26549 0.85875 0.26195 0.8612500000000001 0.26195 0.8637499999999999 0.26372 0.86625 0.27080000000000004 0.86625
1 0.39292 0.8474999999999999 0.39469 0.845 0.39469 0.8425 0.39115 0.8412499999999999 0.38584 0.8412499999999999 0.3823 0.84375 0.3823 0.8462500000000001 0.38407 0.8487500000000001 0.38938 0.8487500000000001 0.39292 0.8474999999999999
1 0.38761 0.85625 0.39115 0.8550000000000001 0.39469 0.8525 0.39469 0.8487500000000001 0.38584 0.8487500000000001 0.3823 0.8525 0.38407 0.85625 0.38761 0.85625
1 0.4885 0.8625 0.49734999999999996 0.8625 0.50088 0.86 0.50088 0.8574999999999999 0.49734999999999996 0.8550000000000001 0.49381 0.8550000000000001 0.4885 0.85875 0.4885 0.8625
1 0.49912 0.8675 0.49734999999999996 0.8625 0.49204 0.8625 0.4885 0.865 0.49027000000000004 0.8699999999999999 0.49734999999999996 0.8699999999999999 0.49912 0.8675
1 0.61062 0.86 0.61947 0.85875 0.62124 0.85625 0.62124 0.85125 0.61593 0.85125 0.60885 0.85375 0.60885 0.8574999999999999 0.61062 0.86
1 0.6176999999999999 0.8675 0.62124 0.8637499999999999 0.61947 0.86 0.61239 0.86 0.60885 0.8625 0.60885 0.865 0.61239 0.8675 0.6176999999999999 0.8675
1 0.71858 0.85625 0.71858 0.8525 0.70973 0.8525 0.70619 0.8550000000000001 0.70796 0.85875 0.71504 0.85875 0.71858 0.85625
1 0.70619 0.8612500000000001 0.70619 0.86625 0.71681 0.865 0.71858 0.8625 0.71858 0.86 0.70619 0.8612500000000001
1 0.8212400000000001 0.8525 0.81416 0.85125 0.80885 0.85125 0.8053100000000001 0.85375 0.80708 0.85875 0.8212400000000001 0.85875 0.82301 0.85625 0.8212400000000001 0.8525
1 0.8212400000000001 0.865 0.82301 0.8612500000000001 0.8194699999999999 0.85875 0.80708 0.85875 0.8053100000000001 0.8612500000000001 0.8053100000000001 0.8637499999999999 0.80885 0.86625 0.8177 0.86625 0.8212400000000001 0.865
1 0.82301 0.8712500000000001 0.82301 0.8675 0.8194699999999999 0.86625 0.80708 0.86625 0.8053100000000001 0.8699999999999999 0.80708 0.8724999999999999 0.8106199999999999 0.87375 0.8194699999999999 0.87375 0.82301 0.8712500000000001
0 0.18407 0.76875 0.18053 0.7675 0.1646 0.76375 0.15929 0.76375 0.16106 0.7675 0.16991 0.76875 0.18407 0.7737499999999999 0.18407 0.76875
0 0.2354 0.77125 0.24425 0.7737499999999999 0.26903 0.7737499999999999 0.28319 0.77625 0.29735 0.77625 0.29735 0.7737499999999999 0.29381 0.7737499999999999 0.29203999999999997 0.7725 0.27965 0.77125 0.2354 0.7675 0.21416 0.7675 0.21416 0.77 0.22301 0.77 0.22477999999999998 0.77125 0.2354 0.77125
0 0.36283 0.7787499999999999 0.36991 0.78125 0.38938 0.78125 0.40530999999999995 0.7837500000000001 0.42123999999999995 0.7837500000000001 0.41947 0.78 0.41416000000000003 0.7787499999999999 0.36106 0.7737499999999999 0.34159 0.775 0.34159 0.7775000000000001 0.34867 0.7775000000000001 0.35044 0.7787499999999999 0.36283 0.7787499999999999
0 0.5221199999999999 0.7887500000000001 0.5274300000000001 0.7875 0.5274300000000001 0.7837500000000001 0.52389 0.7837500000000001 0.5221199999999999 0.7825 0.49912 0.78125 0.44955999999999996 0.78125 0.45133 0.7849999999999999 0.47434000000000004 0.7849999999999999 0.49734999999999996 0.7875 0.5221199999999999 0.7887500000000001