1 0.34513 0.24213 0.34867 0.24077 0.34867 0.23529 0.34513 0.23529 0.34159 0.23666 0.33982 0.24213 0.34513 0.24213
1 0.30088 0.23529 0.29735 0.23529 0.29381 0.23803000000000002 0.29912 0.24077 0.30088 0.24077 0.30088 0.23529
1 0.37876 0.23666 0.37699 0.23666 0.38053 0.24077 0.3823 0.24077 0.3823 0.23529 0.37876 0.23666
1 0.41593 0.24213 0.41947 0.2394 0.41947 0.23529 0.41416000000000003 0.23529 0.41062000000000004 0.23803000000000002 0.41062000000000004 0.24213 0.41593 0.24213
1 0.46195 0.24897 0.46548999999999996 0.24761000000000002 0.46548999999999996 0.24213 0.46195 0.24213 0.45841000000000004 0.2435 0.45841000000000004 0.24761000000000002 0.46195 0.24897
1 0.51327 0.24624000000000001 0.51327 0.24213 0.50796 0.24213 0.50442 0.24487 0.50442 0.24761000000000002 0.51327 0.24624000000000001
1 0.54867 0.24213 0.54159 0.24213 0.53982 0.24487 0.53982 0.24761000000000002 0.5433600000000001 0.24897 0.5469 0.24761000000000002 0.55044 0.24487 0.54867 0.24213
1 0.57876 0.24897 0.5823 0.24761000000000002 0.58407 0.24213 0.57876 0.24213 0.5752200000000001 0.24487 0.5752200000000001 0.24761000000000002 0.57876 0.24897
1 0.62124 0.25581 0.63186 0.25581 0.63186 0.25171 0.6230100000000001 0.25308 0.62124 0.25581
1 0.67788 0.25171 0.66903 0.25308 0.6708000000000001 0.25855 0.67434 0.25855 0.67788 0.25718 0.67788 0.25171
1 0.70973 0.25855 0.71327 0.25581 0.71327 0.25171 0.70796 0.25171 0.70442 0.25445 0.70442 0.25718 0.70973 0.25855
1 0.73982 0.25718 0.74867 0.25718 0.75044 0.25171 0.73982 0.25308 0.73982 0.25718
1 0.78761 0.24077 0.78761 0.24487 0.79646 0.2435 0.79646 0.2394 0.78761 0.24077
1 0.8424799999999999 0.2435 0.84071 0.23803000000000002 0.8353999999999999 0.2394 0.83363 0.24213 0.83363 0.24487 0.8424799999999999 0.2435
1 0.8708 0.2394 0.8708 0.24487 0.87611 0.24487 0.87788 0.2394 0.8708 0.2394
1 0.91327 0.2435 0.91504 0.24077 0.9079599999999999 0.2394 0.90442 0.24213 0.90442 0.24487 0.91327 0.2435
1 0.26903 0.33788999999999997 0.26549 0.33788999999999997 0.26195 0.34473 0.27080000000000004 0.34337 0.26903 0.33788999999999997
1 0.27080000000000004 0.35021 0.26549 0.35021 0.26195 0.35157 0.26017999999999997 0.35568 0.26726 0.35705 0.26903 0.35705 0.27080000000000004 0.35021
1 0.30442 0.16416 0.30265 0.16005 0.29735 0.16005 0.29381 0.16279 0.29381 0.16689 0.30265 0.16689 0.30442 0.16416
1 0.30442 0.17784 0.30265 0.17373 0.29558 0.17373 0.29381 0.17647 0.29381 0.18057 0.30088 0.18057 0.30442 0.17784
1 0.35044 0.16689 0.34867 0.16142 0.34159 0.16142 0.33982 0.16416 0.34159 0.16826000000000002 0.3469 0.16826000000000002 0.35044 0.16689
1 0.34867 0.17373 0.34336 0.17373 0.33982 0.17647 0.33982 0.18057 0.34867 0.18057 0.34867 0.17373
1 0.38407 0.16142 0.37699 0.16142 0.37522 0.16416 0.37699 0.16826000000000002 0.38407 0.16689 0.38407 0.16142
1 0.37876 0.17373 0.37522 0.17647 0.37699 0.18057 0.38584 0.17921 0.38407 0.17373 0.37876 0.17373
1 0.42123999999999995 0.16553 0.41947 0.16005 0.41239 0.16005 0.41062000000000004 0.16279 0.41239 0.16826000000000002 0.41769999999999996 0.16826000000000002 0.42123999999999995 0.16553
1 0.41769999999999996 0.17373 0.41416000000000003 0.17373 0.41062000000000004 0.17647 0.41062000000000004 0.18057 0.41947 0.18057 0.41769999999999996 0.17373
1 0.46902999999999995 0.16005 0.46548999999999996 0.15732 0.46018 0.15732 0.45664 0.16005 0.45841000000000004 0.16416 0.46548999999999996 0.16416 0.46902999999999995 0.16005
1 0.46018 0.17373 0.45664 0.17647 0.45841000000000004 0.18057 0.46726 0.17921 0.46548999999999996 0.17373 0.46018 0.17373
1 0.5061899999999999 0.15732 0.50265 0.16142 0.50442 0.16416 0.51504 0.16279 0.51327 0.15732 0.5061899999999999 0.15732
1 0.50442 0.17509999999999998 0.50442 0.18057 0.51327 0.17921 0.5115000000000001 0.17373 0.50442 0.17509999999999998
1 0.55044 0.16142 0.54867 0.15732 0.5433600000000001 0.15732 0.53982 0.16416 0.5469 0.16416 0.55044 0.16142
1 0.5823 0.18057 0.5858399999999999 0.17784 0.58407 0.17373 0.57876 0.17373 0.5752200000000001 0.17647 0.5752200000000001 0.18057 0.5823 0.18057
1 0.54867 0.17373 0.53982 0.17509999999999998 0.53982 0.18057 0.5469 0.18057 0.55044 0.17784 0.54867 0.17373
1 0.5823 0.16416 0.5858399999999999 0.16005 0.58407 0.15732 0.57876 0.15732 0.57345 0.16005 0.5752200000000001 0.16416 0.5823 0.16416
1 0.6230100000000001 0.17921 0.6230100000000001 0.18331 0.62832 0.18331 0.63186 0.18057 0.63186 0.17784 0.6230100000000001 0.17921
1 0.66903 0.17921 0.6708000000000001 0.18331 0.67788 0.18194 0.67788 0.17784 0.66903 0.17921
1 0.62478 0.16142 0.62124 0.16416 0.62124 0.16689 0.63186 0.16553 0.63186 0.16142 0.62478 0.16142
1 0.71327 0.17647 0.70442 0.17921 0.70442 0.18331 0.70973 0.18331 0.71327 0.18194 0.71327 0.17647
1 0.73982 0.17921 0.73982 0.18331 0.74867 0.18194 0.74867 0.17784 0.73982 0.17921
1 0.73982 0.16279 0.73982 0.16689 0.74867 0.16553 0.74867 0.16142 0.73982 0.16279
1 0.70442 0.16279 0.70442 0.16689 0.71327 0.16689 0.71327 0.16142 0.70442 0.16279
1 0.66903 0.16279 0.66903 0.16689 0.67965 0.16553 0.67788 0.16142 0.66903 0.16279
1 0.79115 0.17099999999999999 0.79469 0.16963 0.79469 0.16416 0.78938 0.16416 0.78584 0.16689 0.78761 0.17099999999999999 0.79115 0.17099999999999999
1 0.78761 0.17237 0.78761 0.17647 0.79646 0.17509999999999998 0.79646 0.17099999999999999 0.78761 0.17237
1 0.8442500000000001 0.16553 0.84071 0.16416 0.83363 0.16553 0.8353999999999999 0.17099999999999999 0.84071 0.17099999999999999 0.8442500000000001 0.16826000000000002 0.8442500000000001 0.16553
1 0.8371700000000001 0.17099999999999999 0.83363 0.17237 0.8353999999999999 0.17647 0.8442500000000001 0.17509999999999998 0.8424799999999999 0.17099999999999999 0.8371700000000001 0.17099999999999999
1 0.87257 0.16416 0.8690300000000001 0.16689 0.8708 0.17099999999999999 0.87965 0.16963 0.87965 0.16416 0.87257 0.16416
1 0.87965 0.17099999999999999 0.87257 0.17099999999999999 0.8690300000000001 0.17237 0.8690300000000001 0.17647 0.87788 0.17647 0.87965 0.17373 0.87965 0.17099999999999999
1 0.91504 0.16826000000000002 0.91327 0.16416 0.9079599999999999 0.16416 0.90442 0.16689 0.9061899999999999 0.17099999999999999 0.9115 0.17099999999999999 0.91504 0.16826000000000002
1 0.9079599999999999 0.17099999999999999 0.90442 0.17373 0.90442 0.17647 0.91327 0.17647 0.91327 0.17099999999999999 0.9079599999999999 0.17099999999999999
1 0.21947 0.33788999999999997 0.21239 0.33788999999999997 0.21061999999999997 0.34063 0.21061999999999997 0.34473 0.21947 0.34337 0.21947 0.33788999999999997
1 0.21947 0.35157 0.21061999999999997 0.35294 0.21061999999999997 0.35841 0.21593 0.35841 0.21947 0.35568 0.21947 0.35157
1 0.30265 0.34199999999999997 0.29912 0.34063 0.29558 0.34063 0.29203999999999997 0.34337 0.29381 0.34884 0.29912 0.34884 0.30265 0.34747 0.30265 0.34199999999999997
1 0.32566 0.34199999999999997 0.32389 0.33788999999999997 0.31858 0.33788999999999997 0.31504 0.34063 0.31504 0.34473 0.32389 0.34473 0.32566 0.34199999999999997
1 0.34867 0.33788999999999997 0.33982 0.33926 0.34159 0.34473 0.34867 0.34473 0.35044 0.34199999999999997 0.34867 0.33788999999999997
1 0.35044 0.35157 0.33982 0.35294 0.34159 0.35841 0.3469 0.35841 0.35044 0.35568 0.35044 0.35157
1 0.4 0.34337 0.39823 0.33788999999999997 0.39469 0.33788999999999997 0.39115 0.34063 0.39115 0.34473 0.4 0.34337
1 0.4 0.35157 0.39115 0.35157 0.38938 0.35431 0.39115 0.35841 0.4 0.35705 0.4 0.35157
1 0.41416000000000003 0.33926 0.41416000000000003 0.34473 0.42301 0.34337 0.42123999999999995 0.33788999999999997 0.41416000000000003 0.33926
1 0.44425 0.33788999999999997 0.43716999999999995 0.33926 0.4354 0.34199999999999997 0.4354 0.34473 0.44602 0.34473 0.44425 0.33788999999999997
1 0.48673 0.33788999999999997 0.48319 0.34063 0.48319 0.34473 0.49381 0.34337 0.49204 0.33788999999999997 0.48673 0.33788999999999997
1 0.53097 0.34473 0.52035 0.34609999999999996 0.5221199999999999 0.35157 0.52566 0.35157 0.53097 0.34884 0.53097 0.34473
1 0.5274300000000001 0.35841 0.53097 0.35568 0.53097 0.35157 0.52389 0.35157 0.52035 0.35431 0.5221199999999999 0.35841 0.5274300000000001 0.35841
1 0.58053 0.34473 0.57345 0.34473 0.5699099999999999 0.34747 0.57168 0.35157 0.57699 0.35157 0.58053 0.35021 0.58053 0.34473
1 0.57876 0.36114999999999997 0.58053 0.35841 0.58053 0.35431 0.57168 0.35568 0.5699099999999999 0.35841 0.5699099999999999 0.36114999999999997 0.5752200000000001 0.36252 0.57876 0.36114999999999997
1 0.67965 0.34473 0.6867300000000001 0.34473 0.69027 0.34199999999999997 0.6885 0.33788999999999997 0.68496 0.33788999999999997 0.6814199999999999 0.33926 0.67965 0.34199999999999997 0.67965 0.34473
1 0.71327 0.34337 0.7115 0.33788999999999997 0.70796 0.33788999999999997 0.70442 0.33926 0.70442 0.34473 0.71327 0.34337
1 0.66195 0.34884 0.66726 0.34337 0.66372 0.34063 0.66018 0.34063 0.65664 0.34337 0.65841 0.34884 0.66195 0.34884
1 0.75398 0.34337 0.75575 0.34747 0.7646 0.34747 0.76283 0.34199999999999997 0.75398 0.34337
1 0.7646 0.35841 0.76283 0.35431 0.75752 0.35431 0.75398 0.35705 0.75575 0.36114999999999997 0.76106 0.36114999999999997 0.7646 0.35841
1 0.78584 0.35021 0.78761 0.34747 0.78761 0.34473 0.78053 0.34473 0.77699 0.34747 0.77876 0.35157 0.78584 0.35021
1 0.80885 0.34199999999999997 0.8035399999999999 0.34199999999999997 0.8 0.34473 0.80177 0.34884 0.80708 0.34884 0.8106199999999999 0.34747 0.80885 0.34199999999999997
1 0.85487 0.33788999999999997 0.84956 0.33788999999999997 0.84602 0.34063 0.84779 0.34473 0.8584099999999999 0.34337 0.8584099999999999 0.33926 0.85487 0.33788999999999997
1 0.8708 0.34199999999999997 0.8708 0.34747 0.87965 0.34747 0.87965 0.34199999999999997 0.8708 0.34199999999999997
1 0.89735 0.34473 0.89381 0.34747 0.89381 0.35157 0.90442 0.35021 0.90442 0.34473 0.89735 0.34473
1 0.92743 0.34884 0.92566 0.34473 0.92035 0.34473 0.9168100000000001 0.34747 0.9185800000000001 0.35157 0.9238899999999999 0.35157 0.92743 0.34884
1 0.20884999999999998 0.40356 0.21061999999999997 0.40629 0.21593 0.40629 0.21947 0.40492 0.22124000000000002 0.40218999999999994 0.2177 0.39944999999999997 0.21416 0.39944999999999997 0.21061999999999997 0.40082000000000007 0.20884999999999998 0.40356
1 0.21947 0.41723999999999994 0.2177 0.41313000000000005 0.21416 0.41313000000000005 0.21061999999999997 0.41586999999999996 0.21061999999999997 0.41859999999999997 0.21947 0.41723999999999994
1 0.26549 0.40629 0.26903 0.40492 0.27080000000000004 0.40218999999999994 0.26903 0.39944999999999997 0.26549 0.39944999999999997 0.26195 0.40082000000000007 0.26195 0.40629 0.26549 0.40629
1 0.26195 0.4145 0.26195 0.41859999999999997 0.26903 0.41859999999999997 0.26903 0.41313000000000005 0.26195 0.4145
1 0.30265 0.41723999999999994 0.30088 0.41313000000000005 0.29735 0.41313000000000005 0.29381 0.4145 0.29381 0.41859999999999997 0.30265 0.41723999999999994
1 0.29381 0.40629 0.29735 0.40629 0.30088 0.40492 0.30088 0.39944999999999997 0.29735 0.39944999999999997 0.29381 0.40082000000000007 0.29203999999999997 0.40356 0.29381 0.40629
1 0.33982 0.40629 0.34513 0.40629 0.34867 0.40492 0.35044 0.40218999999999994 0.3469 0.39944999999999997 0.34336 0.40082000000000007 0.34159 0.40082000000000007 0.33982 0.40629
1 0.3469 0.41859999999999997 0.34867 0.41313000000000005 0.34336 0.41313000000000005 0.33982 0.4145 0.33982 0.41859999999999997 0.3469 0.41859999999999997
1 0.4 0.4104 0.39823 0.40629 0.39469 0.40629 0.39115 0.40766 0.39115 0.41176 0.4 0.4104
1 0.39646 0.42544000000000004 0.4 0.42271000000000003 0.4 0.41997 0.39292 0.41997 0.38938 0.42271000000000003 0.39115 0.42544000000000004 0.39646 0.42544000000000004
1 0.46548999999999996 0.4104 0.46372 0.40629 0.46018 0.40629 0.45664 0.40903 0.45664 0.41176 0.46548999999999996 0.4104
1 0.45664 0.41997 0.45664 0.42544000000000004 0.46548999999999996 0.42408 0.46548999999999996 0.41997 0.45664 0.41997
1 0.48495999999999995 0.40766 0.48495999999999995 0.41176 0.49027000000000004 0.41176 0.49204 0.40629 0.48495999999999995 0.40766
1 0.49027000000000004 0.42544000000000004 0.49381 0.42134 0.49204 0.41859999999999997 0.4885 0.41859999999999997 0.48495999999999995 0.41997 0.48495999999999995 0.42544000000000004 0.49027000000000004 0.42544000000000004
1 0.5221199999999999 0.40903 0.52035 0.41176 0.53097 0.4104 0.5292 0.40629 0.5221199999999999 0.40766 0.5221199999999999 0.40903
1 0.53097 0.41997 0.52035 0.42134 0.5221199999999999 0.42544000000000004 0.5274300000000001 0.42544000000000004 0.53097 0.42271000000000003 0.53097 0.41997
1 0.57168 0.41723999999999994 0.57168 0.42134 0.58053 0.41997 0.58053 0.41586999999999996 0.57168 0.41723999999999994
1 0.58053 0.43365 0.57876 0.42817999999999995 0.5752200000000001 0.42955 0.57345 0.42955 0.57168 0.43502 0.58053 0.43365
1 0.63009 0.41586999999999996 0.6230100000000001 0.41586999999999996 0.62124 0.41859999999999997 0.62124 0.42134 0.63009 0.42134 0.63009 0.41586999999999996
1 0.63009 0.43365 0.63009 0.42817999999999995 0.62478 0.42817999999999995 0.62124 0.43091999999999997 0.62124 0.43502 0.63009 0.43365
1 0.6654899999999999 0.41859999999999997 0.66726 0.41586999999999996 0.65841 0.41586999999999996 0.65664 0.41859999999999997 0.65664 0.42134 0.6654899999999999 0.42134 0.6654899999999999 0.41859999999999997
1 0.66372 0.43502 0.6654899999999999 0.42817999999999995 0.66195 0.42817999999999995 0.65841 0.42955 0.66195 0.43502 0.66372 0.43502
1 0.70442 0.41723999999999994 0.70442 0.42134 0.71327 0.42134 0.71327 0.41586999999999996 0.70442 0.41723999999999994
1 0.70442 0.43502 0.71327 0.43365 0.71327 0.42817999999999995 0.70973 0.42817999999999995 0.70796 0.42955 0.70442 0.42955 0.70442 0.43502
1 0.76106 0.40903 0.76283 0.40356 0.75752 0.40356 0.75398 0.40629 0.75398 0.40903 0.76106 0.40903
1 0.75398 0.41723999999999994 0.75929 0.42134 0.7646 0.41997 0.76283 0.41586999999999996 0.75398 0.41723999999999994
1 0.8265499999999999 0.40903 0.83009 0.40629 0.8283200000000001 0.40356 0.82301 0.40356 0.8194699999999999 0.40629 0.8194699999999999 0.40903 0.8265499999999999 0.40903
1 0.8194699999999999 0.41723999999999994 0.8194699999999999 0.42134 0.8283200000000001 0.42134 0.8283200000000001 0.41586999999999996 0.8194699999999999 0.41723999999999994
1 0.84779 0.40492 0.84779 0.40903 0.85664 0.40766 0.85664 0.40356 0.84779 0.40492
1 0.84779 0.41723999999999994 0.84779 0.42134 0.8513299999999999 0.42271000000000003 0.85487 0.42134 0.85664 0.41586999999999996 0.84779 0.41723999999999994
1 0.9026500000000001 0.40766 0.9026500000000001 0.40356 0.89735 0.40356 0.89381 0.40492 0.89381 0.40903 0.9026500000000001 0.40766
1 0.89381 0.41723999999999994 0.8991199999999999 0.42134 0.9008800000000001 0.42134 0.9026500000000001 0.41586999999999996 0.89381 0.41723999999999994
1 0.21947 0.5280400000000001 0.21061999999999997 0.52941 0.21239 0.53488 0.21593 0.53488 0.21947 0.53352 0.21947 0.5280400000000001
1 0.27080000000000004 0.53488 0.27434 0.53352 0.27434 0.5280400000000001 0.26903 0.5280400000000001 0.26549 0.52941 0.26726 0.53488 0.27080000000000004 0.53488
1 0.30442 0.5253099999999999 0.30796 0.52257 0.30619 0.51847 0.30088 0.51847 0.29735 0.5212 0.29735 0.5253099999999999 0.30442 0.5253099999999999
1 0.33274 0.51573 0.32566 0.51573 0.32212 0.51847 0.32389 0.52257 0.3292 0.52257 0.33274 0.5212 0.33274 0.51573
1 0.36637 0.513 0.3646 0.51573 0.3646 0.51847 0.37522 0.5171 0.37522 0.513 0.36637 0.513
1 0.41593 0.5198400000000001 0.41947 0.5171 0.41947 0.513 0.41239 0.513 0.40885 0.5171 0.41062000000000004 0.5198400000000001 0.41593 0.5198400000000001
1 0.49027000000000004 0.5171 0.49027000000000004 0.5212 0.49912 0.5198400000000001 0.49912 0.51573 0.49027000000000004 0.5171
1 0.49912 0.52668 0.49912 0.52257 0.49381 0.52257 0.49027000000000004 0.5253099999999999 0.49027000000000004 0.5280400000000001 0.49912 0.52668
1 0.51504 0.52394 0.51504 0.5280400000000001 0.5221199999999999 0.5280400000000001 0.52389 0.5253099999999999 0.52389 0.52257 0.51504 0.52394
1 0.59469 0.5171 0.59292 0.51163 0.5858399999999999 0.51163 0.58407 0.51436 0.58407 0.51847 0.5911500000000001 0.51847 0.59469 0.5171
1 0.59292 0.5212 0.58761 0.5212 0.58407 0.52257 0.58407 0.5280400000000001 0.59292 0.5280400000000001 0.59469 0.5253099999999999 0.59292 0.5212
1 0.67965 0.53762 0.68319 0.53625 0.68319 0.53215 0.67965 0.53078 0.67611 0.53215 0.67434 0.53762 0.67965 0.53762
1 0.68319 0.51573 0.67434 0.5171 0.67611 0.52257 0.6814199999999999 0.52257 0.68319 0.5198400000000001 0.68319 0.51573
1 0.70265 0.52394 0.70265 0.5280400000000001 0.7115 0.52668 0.7115 0.52257 0.70265 0.52394
1 0.77876 0.5253099999999999 0.7823 0.52394 0.7823 0.51847 0.77699 0.51847 0.77345 0.5212 0.77522 0.5253099999999999 0.77876 0.5253099999999999
1 0.7823 0.53215 0.77345 0.53352 0.77522 0.53762 0.77876 0.53762 0.7823 0.53625 0.7823 0.53215
1 0.81593 0.5253099999999999 0.8194699999999999 0.52394 0.8212400000000001 0.51847 0.81593 0.51847 0.8123900000000001 0.5198400000000001 0.8123900000000001 0.5253099999999999 0.81593 0.5253099999999999
1 0.8601800000000001 0.51573 0.8584099999999999 0.51847 0.86372 0.5212 0.8690300000000001 0.5198400000000001 0.8690300000000001 0.51573 0.8601800000000001 0.51573
1 0.8902699999999999 0.5253099999999999 0.89381 0.52257 0.89204 0.51847 0.8885 0.51847 0.8849600000000001 0.5198400000000001 0.8849600000000001 0.5253099999999999 0.8902699999999999 0.5253099999999999
1 0.21061999999999997 0.5827600000000001 0.2177 0.5827600000000001 0.21947 0.57729 0.21061999999999997 0.57866 0.21061999999999997 0.5827600000000001
1 0.21947 0.59508 0.21947 0.5896 0.21416 0.5896 0.21061999999999997 0.59234 0.21239 0.5964400000000001 0.21947 0.59508
1 0.27434 0.5827600000000001 0.27434 0.57729 0.26726 0.57729 0.26372 0.58003 0.26372 0.5827600000000001 0.26726 0.58413 0.27080000000000004 0.58413 0.27434 0.5827600000000001
1 0.27080000000000004 0.5964400000000001 0.27434 0.59508 0.27257 0.5896 0.26903 0.5896 0.26549 0.59097 0.26726 0.5964400000000001 0.27080000000000004 0.5964400000000001
1 0.30442 0.5896 0.30088 0.59097 0.29912 0.59097 0.30088 0.5964400000000001 0.30619 0.59508 0.30796 0.59234 0.30442 0.5896
1 0.29735 0.5827600000000001 0.30442 0.5827600000000001 0.30619 0.57729 0.29735 0.57866 0.29735 0.5827600000000001
1 0.35398 0.57729 0.3469 0.57729 0.34336 0.58003 0.34336 0.5827600000000001 0.35044 0.5827600000000001 0.35398 0.5814 0.35398 0.57729
1 0.35398 0.59371 0.35221 0.5896 0.3469 0.5896 0.34336 0.59234 0.34513 0.5964400000000001 0.35044 0.5964400000000001 0.35398 0.59371
1 0.41593 0.5896 0.41947 0.58687 0.41947 0.58413 0.41593 0.5827600000000001 0.41239 0.58413 0.41062000000000004 0.5896 0.41593 0.5896
1 0.41062000000000004 0.60192 0.41947 0.6005499999999999 0.41769999999999996 0.5964400000000001 0.41239 0.5964400000000001 0.41062000000000004 0.60192
1 0.46372 0.5855 0.46372 0.5896 0.46902999999999995 0.5896 0.47257 0.58687 0.47257 0.58413 0.46372 0.5855
1 0.49734999999999996 0.5896 0.49912 0.58413 0.49381 0.58413 0.49027000000000004 0.58687 0.49027000000000004 0.5896 0.49734999999999996 0.5896
1 0.46548999999999996 0.5964400000000001 0.46195 0.5978100000000001 0.46195 0.60192 0.47257 0.6005499999999999 0.4708 0.5964400000000001 0.46548999999999996 0.5964400000000001
1 0.50088 0.5991799999999999 0.49912 0.5964400000000001 0.49381 0.5964400000000001 0.49027000000000004 0.5991799999999999 0.49204 0.60328 0.49912 0.60328 0.50088 0.5991799999999999
1 0.54159 0.58413 0.53274 0.5855 0.53274 0.5896 0.5380499999999999 0.5896 0.54159 0.58824 0.54159 0.58413
1 0.5380499999999999 0.60328 0.54159 0.5964400000000001 0.53451 0.5964400000000001 0.53097 0.5991799999999999 0.53274 0.60328 0.5380499999999999 0.60328
1 0.59292 0.5991799999999999 0.59469 0.59508 0.59292 0.59234 0.58761 0.59371 0.58407 0.59508 0.58407 0.5991799999999999 0.59292 0.5991799999999999
1 0.59292 0.61149 0.59292 0.60602 0.58761 0.60602 0.58407 0.60876 0.5858399999999999 0.61286 0.59292 0.61149
1 0.64779 0.5978100000000001 0.64602 0.59234 0.64248 0.59234 0.6389400000000001 0.59508 0.6389400000000001 0.5991799999999999 0.64779 0.5978100000000001
1 0.6389400000000001 0.60739 0.64071 0.61286 0.64602 0.61149 0.64779 0.60739 0.6389400000000001 0.60739
1 0.67434 0.59508 0.67434 0.5991799999999999 0.68319 0.5978100000000001 0.68319 0.59371 0.67434 0.59508
1 0.68319 0.61149 0.68319 0.60602 0.67788 0.60602 0.67434 0.60876 0.67611 0.61286 0.68319 0.61149
1 0.7292 0.5978100000000001 0.7292 0.59234 0.72566 0.59234 0.72212 0.59371 0.72035 0.5991799999999999 0.7292 0.5978100000000001
1 0.72035 0.60739 0.72035 0.61149 0.72389 0.61286 0.72743 0.61149 0.7292 0.60602 0.72035 0.60739
1 0.77699 0.58003 0.77345 0.5827600000000001 0.77345 0.5855 0.7823 0.5855 0.78053 0.58003 0.77699 0.58003
1 0.77345 0.59508 0.77345 0.5991799999999999 0.78053 0.5991799999999999 0.7823 0.5964400000000001 0.7823 0.59371 0.77345 0.59508
1 0.83894 0.58003 0.83186 0.5814 0.83186 0.58687 0.83894 0.58687 0.84071 0.58413 0.83894 0.58003
1 0.8690300000000001 0.58003 0.8601800000000001 0.5814 0.8601800000000001 0.58687 0.86549 0.58687 0.8690300000000001 0.58413 0.8690300000000001 0.58003
1 0.9061899999999999 0.58687 0.90973 0.5855 0.90973 0.58003 0.90442 0.58003 0.9008800000000001 0.5827600000000001 0.9008800000000001 0.58687 0.9061899999999999 0.58687
1 0.8584099999999999 0.59508 0.8601800000000001 0.5991799999999999 0.8690300000000001 0.5978100000000001 0.8690300000000001 0.59371 0.8584099999999999 0.59508
1 0.83894 0.59234 0.8353999999999999 0.59234 0.83186 0.59508 0.83186 0.5991799999999999 0.84071 0.5991799999999999 0.83894 0.59234
1 0.9079599999999999 0.5991799999999999 0.9115 0.5964400000000001 0.90973 0.59234 0.90442 0.59234 0.9008800000000001 0.59508 0.9008800000000001 0.5991799999999999 0.9079599999999999 0.5991799999999999
1 0.21947 0.70588 0.21239 0.70588 0.21061999999999997 0.70862 0.21061999999999997 0.71135 0.21947 0.71135 0.21947 0.70588
1 0.30088 0.69904 0.30088 0.69631 0.29203999999999997 0.69767 0.29203999999999997 0.69904 0.29381 0.70315 0.29735 0.7017800000000001 0.30088 0.69904
1 0.33805 0.69357 0.33805 0.69767 0.3469 0.69631 0.34513 0.6921999999999999 0.33805 0.69357
1 0.32212 0.69767 0.32212 0.6921999999999999 0.31681 0.6921999999999999 0.31327 0.69494 0.31327 0.69904 0.32212 0.69767
1 0.33628 0.71135 0.34513 0.71135 0.3469 0.70862 0.3469 0.70451 0.34159 0.70451 0.33805 0.70588 0.33628 0.70862 0.33628 0.71135
1 0.38938 0.6921999999999999 0.38584 0.69494 0.38584 0.69767 0.39646 0.69631 0.39469 0.6921999999999999 0.38938 0.6921999999999999
1 0.38938 0.70588 0.39115 0.70451 0.39469 0.70451 0.39469 0.69904 0.38938 0.69904 0.38584 0.7017800000000001 0.38584 0.70588 0.38938 0.70588
1 0.41062000000000004 0.70315 0.41416000000000003 0.70315 0.41947 0.69904 0.41769999999999996 0.69494 0.41239 0.69494 0.40885 0.69767 0.40708 0.7017800000000001 0.41062000000000004 0.70315
1 0.44071 0.69631 0.44071 0.6921999999999999 0.43362999999999996 0.6921999999999999 0.43186 0.69904 0.43716999999999995 0.69904 0.44071 0.69631
1 0.48495999999999995 0.6921999999999999 0.47788 0.69357 0.47965 0.69904 0.48319 0.69904 0.48673 0.69631 0.48495999999999995 0.6921999999999999
1 0.50973 0.69904 0.50796 0.69494 0.50088 0.69767 0.50088 0.7017800000000001 0.5061899999999999 0.7017800000000001 0.50973 0.69904
1 0.52566 0.69904 0.5221199999999999 0.7017800000000001 0.5221199999999999 0.70451 0.53274 0.70451 0.53097 0.69904 0.52566 0.69904
1 0.53097 0.71546 0.53274 0.71409 0.53274 0.71135 0.52566 0.71135 0.5221199999999999 0.71409 0.52389 0.71819 0.53097 0.71819 0.53097 0.71546
1 0.5539799999999999 0.69904 0.54867 0.69904 0.54513 0.7017800000000001 0.5469 0.70588 0.5539799999999999 0.70588 0.5539799999999999 0.69904
1 0.58938 0.71272 0.58938 0.70862 0.5823 0.70862 0.57876 0.71135 0.58053 0.71546 0.58761 0.71546 0.58938 0.71272
1 0.67257 0.69631 0.66372 0.69767 0.66372 0.70315 0.66903 0.7017800000000001 0.67257 0.70041 0.67257 0.69631
1 0.71504 0.69904 0.71858 0.69767 0.71858 0.6921999999999999 0.71327 0.6921999999999999 0.70973 0.69494 0.70973 0.69904 0.71504 0.69904
1 0.69204 0.69904 0.69558 0.69631 0.69558 0.6921999999999999 0.69027 0.6921999999999999 0.6867300000000001 0.69494 0.6867300000000001 0.69904 0.69204 0.69904
1 0.76814 0.6908299999999999 0.76637 0.68536 0.76283 0.6867300000000001 0.76106 0.6867300000000001 0.75929 0.6921999999999999 0.76814 0.6908299999999999
1 0.78938 0.68947 0.7823 0.6908299999999999 0.78053 0.69357 0.7823 0.69631 0.78584 0.69494 0.78938 0.69494 0.78938 0.68947
1 0.8123900000000001 0.69767 0.8123900000000001 0.6921999999999999 0.8053100000000001 0.69357 0.8035399999999999 0.69631 0.8035399999999999 0.69904 0.80708 0.69904 0.80885 0.69767 0.8123900000000001 0.69767
1 0.7646 0.7017800000000001 0.76814 0.69904 0.76814 0.69494 0.76106 0.69494 0.75752 0.69767 0.75929 0.7017800000000001 0.7646 0.7017800000000001
1 0.87788 0.7017800000000001 0.88142 0.70041 0.8831899999999999 0.69631 0.87965 0.69494 0.87257 0.69767 0.8743399999999999 0.7017800000000001 0.87788 0.7017800000000001
1 0.92566 0.69767 0.9185800000000001 0.70041 0.9185800000000001 0.70451 0.92743 0.70315 0.92566 0.69767
1 0.8991199999999999 0.70862 0.89558 0.70999 0.89381 0.71272 0.9008800000000001 0.71409 0.9026500000000001 0.71409 0.90442 0.70862 0.8991199999999999 0.70862
1 0.8584099999999999 0.6921999999999999 0.8513299999999999 0.6921999999999999 0.84956 0.69494 0.8513299999999999 0.69904 0.8584099999999999 0.69767 0.8584099999999999 0.6921999999999999
1 0.89735 0.69904 0.89381 0.7017800000000001 0.89381 0.70451 0.90442 0.70315 0.90442 0.69904 0.89735 0.69904
1 0.21416 0.7605999999999999 0.2177 0.75923 0.21947 0.75376 0.21416 0.75376 0.21061999999999997 0.7551300000000001 0.21061999999999997 0.7605999999999999 0.21416 0.7605999999999999
1 0.21947 0.76744 0.21239 0.76744 0.21239 0.77291 0.21593 0.77291 0.21947 0.77155 0.21947 0.76744
1 0.26549 0.75923 0.26726 0.75376 0.26372 0.75376 0.26017999999999997 0.7551300000000001 0.26017999999999997 0.7605999999999999 0.26549 0.75923
1 0.26195 0.76744 0.26017999999999997 0.76744 0.26017999999999997 0.77291 0.26726 0.77155 0.26549 0.76607 0.26195 0.76744
1 0.30088 0.76744 0.29381 0.76744 0.29381 0.77291 0.29735 0.77291 0.30088 0.77155 0.30088 0.76744
1 0.29912 0.75376 0.29203999999999997 0.7551300000000001 0.29203999999999997 0.7565000000000001 0.29027 0.75923 0.29912 0.75923 0.29912 0.75376
1 0.3469 0.75787 0.34513 0.75376 0.33982 0.75376 0.33628 0.7565000000000001 0.33982 0.7605999999999999 0.3469 0.75787
1 0.39292 0.76607 0.39469 0.7605999999999999 0.38938 0.7605999999999999 0.38584 0.76334 0.38584 0.76607 0.39292 0.76607
1 0.39469 0.77975 0.39646 0.77702 0.39469 0.77291 0.39115 0.77291 0.38761 0.77428 0.38761 0.77975 0.39469 0.77975
1 0.45841000000000004 0.76471 0.45841000000000004 0.7605999999999999 0.45309999999999995 0.7605999999999999 0.44955999999999996 0.76334 0.44955999999999996 0.76607 0.45841000000000004 0.76471
1 0.48495999999999995 0.7605999999999999 0.47788 0.76197 0.47788 0.76607 0.48319 0.76607 0.48673 0.76471 0.48495999999999995 0.7605999999999999
1 0.48319 0.77975 0.48673 0.77702 0.48495999999999995 0.77291 0.48141999999999996 0.77291 0.47788 0.77565 0.47965 0.77975 0.48319 0.77975
1 0.45841000000000004 0.77839 0.45841000000000004 0.77291 0.45309999999999995 0.77291 0.44955999999999996 0.77428 0.45309999999999995 0.77975 0.45841000000000004 0.77839
1 0.33805 0.76744 0.33805 0.77291 0.34336 0.77291 0.34513 0.76744 0.33805 0.76744
1 0.5292 0.76607 0.53097 0.7605999999999999 0.52566 0.7605999999999999 0.5221199999999999 0.76334 0.5221199999999999 0.76607 0.5292 0.76607
1 0.53274 0.77702 0.53097 0.77291 0.52566 0.77291 0.5221199999999999 0.77565 0.52389 0.77975 0.5292 0.77975 0.53274 0.77702
1 0.57876 0.77428 0.58761 0.77565 0.58761 0.7701800000000001 0.58053 0.77155 0.57876 0.77428
1 0.58053 0.78933 0.58761 0.78796 0.58761 0.78249 0.58407 0.78249 0.58053 0.78386 0.57876 0.78659 0.58053 0.78933
1 0.62832 0.77155 0.62832 0.77565 0.63717 0.77428 0.63717 0.7701800000000001 0.62832 0.77155
1 0.63717 0.78249 0.63009 0.78249 0.62832 0.78523 0.62832 0.78933 0.63717 0.78796 0.63717 0.78249
1 0.66372 0.77565 0.67257 0.77565 0.67257 0.7701800000000001 0.66372 0.77155 0.66372 0.77565
1 0.6708000000000001 0.78249 0.6654899999999999 0.78249 0.66372 0.78523 0.66372 0.78933 0.67257 0.78796 0.6708000000000001 0.78249
1 0.71858 0.7701800000000001 0.7115 0.7701800000000001 0.70973 0.77291 0.7115 0.77702 0.71858 0.77565 0.71858 0.7701800000000001
1 0.71858 0.78249 0.71327 0.78249 0.70973 0.78523 0.70973 0.78933 0.71858 0.78933 0.71858 0.78249
1 0.76814 0.76197 0.76814 0.75787 0.7646 0.7565000000000001 0.76106 0.75787 0.75929 0.76334 0.76814 0.76197
1 0.90442 0.75787 0.89558 0.75923 0.89558 0.76334 0.9008800000000001 0.76334 0.90442 0.76197 0.90442 0.75787
1 0.85664 0.7565000000000001 0.8513299999999999 0.75787 0.8513299999999999 0.76334 0.85487 0.76334 0.8584099999999999 0.76197 0.8601800000000001 0.75923 0.85664 0.7565000000000001
1 0.83186 0.7605999999999999 0.83009 0.7565000000000001 0.8265499999999999 0.7565000000000001 0.82301 0.76334 0.8283200000000001 0.76334 0.83186 0.7605999999999999
1 0.75929 0.77155 0.75929 0.77565 0.76814 0.77428 0.76814 0.7701800000000001 0.75929 0.77155
1 0.82478 0.7701800000000001 0.82301 0.77565 0.8283200000000001 0.77565 0.83186 0.77428 0.83186 0.7701800000000001 0.82478 0.7701800000000001
1 0.8584099999999999 0.7701800000000001 0.8513299999999999 0.7701800000000001 0.84956 0.77291 0.84956 0.77565 0.8584099999999999 0.77565 0.8584099999999999 0.7701800000000001
1 0.89558 0.77155 0.89558 0.77565 0.9026500000000001 0.77565 0.90442 0.77291 0.90442 0.7701800000000001 0.89558 0.77155
0 0.29203999999999997 0.36389 0.29381 0.36662 0.30265 0.36662 0.3115 0.36524999999999996 0.31327 0.36389 0.31681 0.36389 0.31504 0.35978 0.30796 0.36252 0.29558 0.36252 0.29203999999999997 0.36389
0 0.4 0.31873999999999997 0.4 0.32148 0.42478 0.32148 0.42301 0.31873999999999997 0.4 0.31873999999999997
0 0.6654899999999999 0.36662 0.67611 0.36524999999999996 0.67965 0.36389 0.67965 0.35978 0.6708000000000001 0.36252 0.65664 0.36252 0.65664 0.36662 0.6654899999999999 0.36662
0 0.78761 0.32558 0.78407 0.32421 0.77522 0.32284999999999997 0.7646 0.32284999999999997 0.7646 0.32558 0.77345 0.32694999999999996 0.78584 0.32969 0.78761 0.32558
0 0.92743 0.32148 0.92566 0.31873999999999997 0.85664 0.32148 0.92743 0.32148
0 0.8601800000000001 0.67305 0.8601800000000001 0.6771499999999999 0.92743 0.6771499999999999 0.92743 0.67305 0.8601800000000001 0.67305
0 0.75929 0.71819 0.75929 0.72093 0.7646 0.72093 0.76637 0.71956 0.77345 0.71956 0.77522 0.71819 0.78053 0.71819 0.78053 0.71546 0.77345 0.71546 0.77168 0.7168300000000001 0.76283 0.7168300000000001 0.75929 0.71819
0 0.6708000000000001 0.72093 0.67965 0.71956 0.68496 0.71409 0.67611 0.7168300000000001 0.66372 0.71819 0.66372 0.72093 0.6708000000000001 0.72093
0 0.48673 0.67305 0.48673 0.6771499999999999 0.55575 0.67579 0.5539799999999999 0.67305 0.48673 0.67305
0 0.38584 0.72093 0.38584 0.72367 0.39469 0.72367 0.40530999999999995 0.7222999999999999 0.40885 0.72093 0.40885 0.71819 0.40530999999999995 0.71819 0.39469 0.71956 0.39292 0.72093 0.38584 0.72093
0 0.29027 0.71956 0.29558 0.72093 0.30619 0.71956 0.31504 0.7168300000000001 0.30796 0.71546 0.30619 0.7168300000000001 0.29735 0.7168300000000001 0.29027 0.71956