1 0.31504 0.1675 0.30619 0.16875 0.30619 0.17375000000000002 0.31327 0.17375000000000002 0.31681 0.17124999999999999 0.31504 0.1675
1 0.34336 0.1675 0.33274 0.16875 0.33274 0.17375000000000002 0.33982 0.17375000000000002 0.34336 0.17250000000000001 0.34336 0.1675
1 0.36637 0.17375000000000002 0.36991 0.17124999999999999 0.36991 0.1675 0.36283 0.1675 0.35929 0.16999999999999998 0.36106 0.17375000000000002 0.36637 0.17375000000000002
1 0.48141999999999996 0.16875 0.48141999999999996 0.17375000000000002 0.49027000000000004 0.17250000000000001 0.49027000000000004 0.1675 0.48141999999999996 0.16875
1 0.50973 0.16875 0.50796 0.17250000000000001 0.51504 0.17375000000000002 0.51858 0.17250000000000001 0.51858 0.1675 0.50973 0.16875
1 0.54513 0.17250000000000001 0.54513 0.1675 0.53982 0.1675 0.53628 0.16875 0.53628 0.17375000000000002 0.54513 0.17250000000000001
1 0.67257 0.1675 0.66372 0.16875 0.66372 0.17375000000000002 0.6708000000000001 0.17375000000000002 0.67434 0.17124999999999999 0.67257 0.1675
1 0.69558 0.17375000000000002 0.69912 0.17124999999999999 0.69912 0.1675 0.69204 0.1675 0.6885 0.16999999999999998 0.69027 0.17375000000000002 0.69558 0.17375000000000002
1 0.72566 0.1675 0.71681 0.16875 0.71681 0.17375000000000002 0.72212 0.17375000000000002 0.72566 0.17250000000000001 0.72566 0.1675
1 0.75398 0.1675 0.75398 0.17375000000000002 0.7646 0.17250000000000001 0.76283 0.16625 0.75398 0.1675
1 0.75752 0.16 0.75398 0.1625 0.75398 0.16625 0.7646 0.16499999999999998 0.7646 0.16 0.75752 0.16
1 0.79115 0.16625 0.79469 0.16375 0.79469 0.16 0.78761 0.16 0.78407 0.1625 0.78407 0.16625 0.79115 0.16625
1 0.78407 0.17375000000000002 0.79115 0.17375000000000002 0.79469 0.17124999999999999 0.79292 0.16625 0.78938 0.16625 0.78584 0.1675 0.78407 0.16999999999999998 0.78407 0.17375000000000002
1 0.80177 0.16125 0.8 0.16375 0.8 0.16625 0.80708 0.16625 0.8106199999999999 0.16499999999999998 0.8123900000000001 0.16 0.80177 0.16125
1 0.8106199999999999 0.17124999999999999 0.8106199999999999 0.16625 0.8035399999999999 0.16625 0.8 0.17124999999999999 0.8 0.17375000000000002 0.80885 0.17375000000000002 0.8106199999999999 0.17124999999999999
1 0.8265499999999999 0.16625 0.83009 0.16375 0.8283200000000001 0.16 0.82301 0.16 0.8194699999999999 0.1625 0.8194699999999999 0.16625 0.8265499999999999 0.16625
1 0.8265499999999999 0.17375000000000002 0.83009 0.17124999999999999 0.8283200000000001 0.1675 0.82301 0.1675 0.8194699999999999 0.16999999999999998 0.8194699999999999 0.17375000000000002 0.8265499999999999 0.17375000000000002
1 0.84602 0.16 0.8371700000000001 0.16125 0.8371700000000001 0.16625 0.8424799999999999 0.16625 0.84602 0.16499999999999998 0.84602 0.16
1 0.8442500000000001 0.17375000000000002 0.84602 0.17124999999999999 0.84602 0.1675 0.84071 0.1675 0.8371700000000001 0.16999999999999998 0.8371700000000001 0.17375000000000002 0.8442500000000001 0.17375000000000002
1 0.8743399999999999 0.16625 0.87788 0.16375 0.87611 0.16 0.87257 0.16 0.8690300000000001 0.16125 0.8690300000000001 0.16625 0.8743399999999999 0.16625
1 0.8743399999999999 0.17375000000000002 0.87788 0.17124999999999999 0.87788 0.1675 0.87257 0.1675 0.8690300000000001 0.16999999999999998 0.8690300000000001 0.17375000000000002 0.8743399999999999 0.17375000000000002
1 0.8885 0.16 0.8849600000000001 0.1625 0.8849600000000001 0.16625 0.89558 0.16499999999999998 0.89381 0.16 0.8885 0.16
1 0.89381 0.1675 0.8885 0.1675 0.8849600000000001 0.16999999999999998 0.8849600000000001 0.17375000000000002 0.89204 0.17375000000000002 0.89558 0.17250000000000001 0.89381 0.1675
1 0.91327 0.16 0.90442 0.16125 0.9026500000000001 0.16375 0.9026500000000001 0.16625 0.9079599999999999 0.1675 0.9115 0.16625 0.91504 0.1625 0.91327 0.16
1 0.9115 0.17375000000000002 0.91327 0.17124999999999999 0.91327 0.1675 0.9079599999999999 0.1675 0.90442 0.16999999999999998 0.90442 0.17375000000000002 0.9115 0.17375000000000002
1 0.15044 0.33625 0.15398 0.33375 0.15221 0.32999999999999996 0.1469 0.32999999999999996 0.14336 0.33125 0.14336 0.33625 0.15044 0.33625
1 0.14867 0.34375 0.15221 0.34125 0.15221 0.3375 0.1469 0.3375 0.14336 0.33999999999999997 0.14336 0.34375 0.14867 0.34375
1 0.15044 0.35125 0.15398 0.34875 0.15221 0.34375 0.1469 0.34375 0.14336 0.34625 0.14336 0.35125 0.15044 0.35125
1 0.18407 0.33625 0.18761 0.33375 0.18584 0.32999999999999996 0.18053 0.32999999999999996 0.17699 0.3325 0.17699 0.33625 0.18407 0.33625
1 0.18761 0.3375 0.17699 0.33875 0.17699 0.34375 0.18407 0.34375 0.18761 0.34125 0.18761 0.3375
1 0.18584 0.35 0.18761 0.34750000000000003 0.18584 0.34375 0.18053 0.34375 0.17699 0.34625 0.17876 0.35125 0.18584 0.35
1 0.20708000000000001 0.33375 0.20708000000000001 0.33125 0.20354 0.32875 0.19823 0.32875 0.19469 0.33125 0.19469 0.33625 0.20531000000000002 0.33625 0.20708000000000001 0.33375
1 0.20531000000000002 0.34125 0.20531000000000002 0.3375 0.19823 0.3375 0.19469 0.33999999999999997 0.19646 0.34375 0.20354 0.34375 0.20531000000000002 0.34125
1 0.20177 0.34375 0.19823 0.34375 0.19469 0.34625 0.19469 0.35 0.20531000000000002 0.34875 0.20531000000000002 0.34500000000000003 0.20177 0.34375
1 0.21593 0.32999999999999996 0.21416 0.3325 0.21416 0.33625 0.22301 0.33625 0.22654999999999997 0.33375 0.22477999999999998 0.32999999999999996 0.21593 0.32999999999999996
1 0.21416 0.33875 0.21416 0.34375 0.22301 0.34375 0.22654999999999997 0.33999999999999997 0.22654999999999997 0.3375 0.21416 0.33875
1 0.22477999999999998 0.34500000000000003 0.21593 0.34625 0.21593 0.35125 0.22124000000000002 0.35125 0.22477999999999998 0.34875 0.22477999999999998 0.34500000000000003
1 0.24425 0.32999999999999996 0.23717000000000002 0.32999999999999996 0.23363 0.33125 0.23363 0.33625 0.24070999999999998 0.33625 0.24425 0.335 0.24425 0.32999999999999996
1 0.24070999999999998 0.33625 0.23717000000000002 0.33625 0.23363 0.33875 0.23363 0.34375 0.24425 0.34249999999999997 0.24425 0.3375 0.24070999999999998 0.33625
1 0.24070999999999998 0.35125 0.24425 0.34875 0.24247999999999997 0.34375 0.23717000000000002 0.34375 0.23363 0.34500000000000003 0.23363 0.35125 0.24070999999999998 0.35125
1 0.27788 0.33625 0.27965 0.33375 0.27788 0.32999999999999996 0.26726 0.33125 0.26726 0.33625 0.27080000000000004 0.3375 0.27434 0.3375 0.27788 0.33625
1 0.27788 0.34125 0.27610999999999997 0.33625 0.26903 0.33625 0.26726 0.33875 0.26903 0.34375 0.27610999999999997 0.34375 0.27788 0.34125
1 0.27080000000000004 0.35125 0.27434 0.35125 0.27788 0.34875 0.27788 0.34375 0.27080000000000004 0.34375 0.26726 0.34625 0.26726 0.35 0.27080000000000004 0.35125
1 0.29912 0.33125 0.29558 0.32875 0.28673000000000004 0.33125 0.28673000000000004 0.33625 0.29558 0.33625 0.29912 0.33375 0.29912 0.33125
1 0.29735 0.34125 0.29735 0.3375 0.29027 0.3375 0.28673000000000004 0.33999999999999997 0.2885 0.34375 0.29558 0.34375 0.29735 0.34125
1 0.29027 0.34500000000000003 0.28673000000000004 0.34750000000000003 0.28673000000000004 0.35 0.29735 0.34875 0.29735 0.34500000000000003 0.29027 0.34500000000000003
1 0.31681 0.32999999999999996 0.30796 0.33125 0.30796 0.33625 0.31504 0.33625 0.31858 0.33375 0.31681 0.32999999999999996
1 0.31858 0.3375 0.30796 0.33875 0.30796 0.34375 0.31681 0.34375 0.31858 0.34125 0.31858 0.3375
1 0.30796 0.34625 0.30796 0.35 0.31681 0.34875 0.31681 0.34500000000000003 0.30796 0.34625
1 0.3646 0.32125 0.36106 0.31875 0.35575 0.31875 0.35044 0.32375 0.35221 0.32625000000000004 0.35929 0.32625000000000004 0.36283 0.325 0.3646 0.32125
1 0.43362999999999996 0.32875 0.43186 0.3225 0.42832 0.3225 0.42301 0.325 0.42301 0.32875 0.43362999999999996 0.32875
1 0.49734999999999996 0.33375 0.49027000000000004 0.33375 0.48673 0.335 0.48673 0.33999999999999997 0.49558 0.33999999999999997 0.49912 0.3375 0.49734999999999996 0.33375
1 0.55044 0.32999999999999996 0.54867 0.32625000000000004 0.5433600000000001 0.32625000000000004 0.53982 0.3325 0.5469 0.3325 0.55044 0.32999999999999996
1 0.58938 0.3375 0.59292 0.33625 0.59646 0.3325 0.59469 0.32999999999999996 0.58761 0.32999999999999996 0.58407 0.3325 0.58407 0.3375 0.58938 0.3375
1 0.64071 0.33375 0.63009 0.335 0.62832 0.3375 0.63009 0.33999999999999997 0.63717 0.33999999999999997 0.64071 0.3375 0.64071 0.33375
1 0.67434 0.34750000000000003 0.67965 0.34750000000000003 0.68496 0.34375 0.68319 0.33999999999999997 0.67788 0.33999999999999997 0.67434 0.34125 0.67257 0.34375 0.67434 0.34750000000000003
1 0.8177 0.34750000000000003 0.8212400000000001 0.34500000000000003 0.82301 0.34249999999999997 0.8212400000000001 0.33999999999999997 0.81416 0.33999999999999997 0.8106199999999999 0.34249999999999997 0.8123900000000001 0.34750000000000003 0.8177 0.34750000000000003
1 0.8690300000000001 0.36124999999999996 0.87257 0.35875 0.87257 0.355 0.86549 0.355 0.86195 0.35625 0.86195 0.36124999999999996 0.8690300000000001 0.36124999999999996
1 0.73805 0.34375 0.73628 0.34625 0.73628 0.35 0.74867 0.34875 0.74867 0.34375 0.73805 0.34375
1 0.90973 0.34125 0.8991199999999999 0.34249999999999997 0.9008800000000001 0.34750000000000003 0.90442 0.34750000000000003 0.9079599999999999 0.34625 0.9079599999999999 0.34375 0.90973 0.34125
1 0.14336 0.52 0.1469 0.52125 0.15221 0.52 0.15398 0.5175 0.15221 0.51375 0.1469 0.51375 0.14336 0.515 0.14159 0.5175 0.14336 0.52
1 0.18761 0.54625 0.18053 0.54625 0.17699 0.55 0.18053 0.5525 0.18407 0.5525 0.18761 0.55125 0.18761 0.54625
1 0.20884999999999998 0.545 0.21239 0.5425 0.21061999999999997 0.5387500000000001 0.20531000000000002 0.5387500000000001 0.20177 0.54125 0.20177 0.545 0.20884999999999998 0.545
1 0.22654999999999997 0.5375 0.23363 0.5375 0.23717000000000002 0.53625 0.2354 0.53125 0.23186 0.53125 0.22832 0.5325 0.22654999999999997 0.5349999999999999 0.22654999999999997 0.5375
1 0.26195 0.52125 0.2531 0.5225 0.2531 0.5275000000000001 0.25841 0.5275000000000001 0.26195 0.52625 0.26195 0.52125
1 0.28319 0.52125 0.2885 0.5175 0.28673000000000004 0.51375 0.28142 0.51375 0.27788 0.515 0.27965 0.52125 0.28319 0.52125
1 0.30088 0.51375 0.30619 0.51375 0.30973 0.5125 0.3115 0.51 0.3115 0.5075000000000001 0.30796 0.50625 0.30442 0.5075000000000001 0.30265 0.5075000000000001 0.30088 0.51375
1 0.34336 0.50125 0.34513 0.5025000000000001 0.34513 0.50625 0.34867 0.505 0.35221 0.505 0.35929 0.5 0.35752 0.49625 0.35398 0.495 0.35044 0.495 0.34336 0.49749999999999994 0.34336 0.50125
1 0.42655000000000004 0.50625 0.43009000000000003 0.5037499999999999 0.42832 0.49874999999999997 0.42301 0.49874999999999997 0.41947 0.50125 0.41947 0.50625 0.42655000000000004 0.50625
1 0.48673 0.51125 0.4885 0.51625 0.49558 0.515 0.49381 0.51 0.48673 0.51125
1 0.53982 0.51 0.54513 0.51 0.55044 0.5075000000000001 0.54867 0.5037499999999999 0.54513 0.5025000000000001 0.54159 0.5037499999999999 0.5380499999999999 0.50625 0.53982 0.51
1 0.5858399999999999 0.51375 0.5911500000000001 0.51375 0.59469 0.51125 0.59646 0.50875 0.59292 0.50625 0.58938 0.50625 0.58407 0.50875 0.5858399999999999 0.51375
1 0.6336299999999999 0.51 0.63009 0.5125 0.6354 0.51625 0.64071 0.515 0.6389400000000001 0.51 0.6336299999999999 0.51
1 0.67611 0.525 0.6814199999999999 0.5237499999999999 0.68496 0.52125 0.68319 0.5175 0.67611 0.5175 0.67257 0.52 0.67257 0.5225 0.67611 0.525
1 0.74513 0.5275000000000001 0.74867 0.525 0.74867 0.52 0.73805 0.52 0.73805 0.5225 0.73628 0.5237499999999999 0.73628 0.5275000000000001 0.74513 0.5275000000000001
1 0.8123900000000001 0.52125 0.81593 0.52125 0.8194699999999999 0.52 0.82301 0.51625 0.8194699999999999 0.51375 0.81416 0.51375 0.8106199999999999 0.51625 0.8123900000000001 0.52125
1 0.8708 0.5175 0.86195 0.51875 0.86195 0.5237499999999999 0.8690300000000001 0.5237499999999999 0.87257 0.52125 0.8708 0.5175
1 0.9008800000000001 0.52125 0.90442 0.52125 0.90973 0.5175 0.90973 0.515 0.9061899999999999 0.51375 0.9026500000000001 0.51375 0.8991199999999999 0.515 0.9008800000000001 0.52125
1 0.15044 0.70125 0.15398 0.7 0.15575 0.69375 0.14513 0.6950000000000001 0.14336 0.6975 0.14336 0.7 0.1469 0.70125 0.15044 0.70125
1 0.20177 0.6975 0.19823 0.7 0.20354 0.70375 0.20884999999999998 0.7025 0.20708000000000001 0.6975 0.20177 0.6975
1 0.30265 0.70375 0.31327 0.70375 0.31504 0.70125 0.31327 0.69625 0.30973 0.69625 0.30619 0.6975 0.30265 0.7 0.30265 0.70375
1 0.36637 0.705 0.37345 0.7025 0.37168 0.6975 0.36637 0.6975 0.36283 0.7 0.36283 0.70375 0.36637 0.705
1 0.42301 0.705 0.42655000000000004 0.7025 0.42655000000000004 0.6975 0.41769999999999996 0.69875 0.41593 0.70125 0.41593 0.70375 0.42301 0.705
1 0.4708 0.6912499999999999 0.46018 0.6925 0.46018 0.6975 0.46726 0.6975 0.4708 0.6950000000000001 0.4708 0.6912499999999999
1 0.49734999999999996 0.70125 0.50088 0.70125 0.50442 0.7 0.5061899999999999 0.6950000000000001 0.50265 0.69375 0.49912 0.6950000000000001 0.49734999999999996 0.6950000000000001 0.49734999999999996 0.70125
1 0.53982 0.7075 0.54159 0.705 0.53982 0.70125 0.53451 0.70125 0.53097 0.70375 0.53274 0.70875 0.53982 0.7075
1 0.57345 0.7150000000000001 0.57699 0.7125 0.5752200000000001 0.70875 0.5699099999999999 0.70875 0.56637 0.71 0.56637 0.7150000000000001 0.57345 0.7150000000000001
1 0.6230100000000001 0.7150000000000001 0.62655 0.7125 0.62655 0.70875 0.61947 0.70875 0.61593 0.7112499999999999 0.6176999999999999 0.7150000000000001 0.6230100000000001 0.7150000000000001
1 0.6973499999999999 0.7025 0.69558 0.6975 0.69204 0.6975 0.6885 0.69875 0.6885 0.705 0.6973499999999999 0.7025
1 0.66372 0.7 0.66195 0.70375 0.67434 0.70375 0.67434 0.6975 0.66726 0.6975 0.66372 0.7
1 0.7469 0.6912499999999999 0.73628 0.6925 0.73628 0.6975 0.74513 0.6975 0.7469 0.6950000000000001 0.7469 0.6912499999999999
1 0.78584 0.69625 0.78761 0.6925 0.77699 0.6912499999999999 0.77522 0.69375 0.77522 0.6975 0.7823 0.6975 0.78584 0.69625
1 0.81593 0.70125 0.8194699999999999 0.69875 0.8194699999999999 0.6950000000000001 0.81593 0.69375 0.8123900000000001 0.6950000000000001 0.8106199999999999 0.6950000000000001 0.8106199999999999 0.70125 0.81593 0.70125
1 0.8513299999999999 0.70875 0.8531000000000001 0.7075 0.8584099999999999 0.70625 0.85664 0.70125 0.8513299999999999 0.70125 0.84779 0.70375 0.84779 0.70875 0.8513299999999999 0.70875
1 0.8902699999999999 0.7150000000000001 0.89381 0.7125 0.89381 0.70875 0.88673 0.70875 0.8831899999999999 0.7112499999999999 0.8849600000000001 0.7150000000000001 0.8902699999999999 0.7150000000000001
1 0.15044 0.8925000000000001 0.15398 0.89125 0.15752 0.8887499999999999 0.15575 0.885 0.15044 0.885 0.1469 0.8875 0.1469 0.89125 0.15044 0.8925000000000001
1 0.20177 0.87375 0.20531000000000002 0.875 0.21239 0.87375 0.21416 0.8712500000000001 0.21239 0.8675 0.20708000000000001 0.8675 0.20354 0.86875 0.20177 0.8712500000000001 0.20177 0.87375
1 0.24779 0.8712500000000001 0.24602 0.8675 0.23717000000000002 0.86875 0.23894 0.875 0.24247999999999997 0.875 0.24602 0.87375 0.24779 0.8712500000000001
1 0.29912 0.8675 0.30265 0.865 0.30265 0.86 0.29558 0.86 0.29203999999999997 0.8625 0.29203999999999997 0.8675 0.29912 0.8675
1 0.35575 0.86 0.34867 0.86 0.34513 0.8625 0.34513 0.8675 0.35221 0.8675 0.35575 0.86625 0.35575 0.86
1 0.42478 0.8712500000000001 0.42832 0.8699999999999999 0.42832 0.8637499999999999 0.42301 0.8637499999999999 0.41947 0.86625 0.42123999999999995 0.8712500000000001 0.42478 0.8712500000000001
1 0.48141999999999996 0.87375 0.48319 0.8712500000000001 0.48141999999999996 0.8675 0.47257 0.86875 0.4708 0.8724999999999999 0.47257 0.875 0.47788 0.875 0.48141999999999996 0.87375
1 0.54867 0.87625 0.54867 0.8712500000000001 0.53982 0.8724999999999999 0.53982 0.8775000000000001 0.5433600000000001 0.8787499999999999 0.5469 0.8775000000000001 0.54867 0.87625
1 0.58761 0.88125 0.5911500000000001 0.8787499999999999 0.5911500000000001 0.875 0.58407 0.875 0.58053 0.8775000000000001 0.58053 0.88125 0.58761 0.88125
1 0.61416 0.8675 0.61062 0.8699999999999999 0.61062 0.87375 0.62124 0.8724999999999999 0.62124 0.8675 0.61416 0.8675
1 0.63717 0.87625 0.6389400000000001 0.875 0.6389400000000001 0.8712500000000001 0.63009 0.8712500000000001 0.62832 0.87375 0.63009 0.8787499999999999 0.63717 0.8787499999999999 0.63717 0.87625
1 0.78584 0.8675 0.78938 0.865 0.78761 0.86 0.7823 0.86 0.77876 0.8625 0.77876 0.8675 0.78584 0.8675
1 0.82478 0.8637499999999999 0.83186 0.8637499999999999 0.8371700000000001 0.86 0.8353999999999999 0.8574999999999999 0.83186 0.85625 0.8265499999999999 0.8574999999999999 0.82301 0.86 0.82478 0.8637499999999999
1 0.8672599999999999 0.8550000000000001 0.86549 0.8574999999999999 0.86549 0.86 0.8743399999999999 0.86 0.87788 0.8574999999999999 0.87611 0.85375 0.8672599999999999 0.8550000000000001
1 0.67965 0.8875 0.67788 0.88125 0.67434 0.88125 0.66903 0.885 0.66903 0.8887499999999999 0.67965 0.8875
1 0.71327 0.875 0.70265 0.875 0.70265 0.88125 0.70973 0.88125 0.71327 0.8787499999999999 0.71327 0.875
1 0.74336 0.885 0.7469 0.8825 0.74513 0.8775000000000001 0.73982 0.8775000000000001 0.73451 0.88125 0.73451 0.885 0.74336 0.885
1 0.41062000000000004 0.17375000000000002 0.41947 0.17375000000000002 0.42301 0.17250000000000001 0.42123999999999995 0.16625 0.41593 0.16625 0.41239 0.1675 0.41062000000000004 0.16999999999999998 0.41062000000000004 0.17375000000000002
1 0.58938 0.16625 0.58407 0.16625 0.58053 0.16875 0.58053 0.17375000000000002 0.5911500000000001 0.17375000000000002 0.58938 0.16625
0 0.33982 0.1925 0.33097 0.19125 0.3115 0.19125 0.30619 0.1925 0.30619 0.195 0.35929 0.195 0.35752 0.19125 0.33982 0.1925
0 0.53451 0.19125 0.47965 0.1925 0.47965 0.195 0.53451 0.19125
0 0.67965 0.1925 0.67788 0.19125 0.6708000000000001 0.19125 0.66372 0.195 0.71504 0.195 0.71504 0.19125 0.70265 0.1925 0.67965 0.1925
0 0.78407 0.18875 0.78407 0.19125 0.8194699999999999 0.19125 0.8194699999999999 0.18875 0.78407 0.18875
0 0.88142 0.1875 0.8672599999999999 0.19 0.9026500000000001 0.19125 0.9026500000000001 0.18875 0.8849600000000001 0.1875 0.88142 0.1875
0 0.17699 0.365 0.17699 0.36875 0.21416 0.36875 0.21416 0.365 0.17699 0.365
0 0.26726 0.365 0.26903 0.36875 0.30619 0.36875 0.30619 0.365 0.26726 0.365
0 0.87257 0.32625000000000004 0.87257 0.32875 0.87965 0.32875 0.88673 0.3275 0.89204 0.325 0.8991199999999999 0.32625000000000004 0.8991199999999999 0.32875 0.9061899999999999 0.32875 0.9061899999999999 0.32625000000000004 0.90973 0.32375 0.90973 0.32 0.9026500000000001 0.32 0.89381 0.32125 0.88142 0.32375 0.87257 0.32625000000000004
0 0.26549 0.5525 0.25133 0.5525 0.23894 0.5549999999999999 0.22654999999999997 0.55625 0.22654999999999997 0.5587500000000001 0.24602 0.5587500000000001 0.27257 0.5549999999999999 0.28496 0.5549999999999999 0.29735 0.55375 0.30088 0.5525 0.29912 0.54875 0.29381 0.54875 0.27788 0.55 0.26549 0.5525
0 0.19115 0.5225 0.18938 0.5275000000000001 0.19292 0.5275000000000001 0.20177 0.5237499999999999 0.21239 0.52125 0.21239 0.5175 0.20884999999999998 0.5175 0.20354 0.51875 0.19469 0.52125 0.19115 0.5225
0 0.8743399999999999 0.54125 0.86195 0.5425 0.86195 0.545 0.87257 0.545 0.8743399999999999 0.54375 0.88673 0.54375 0.8885 0.5425 0.89735 0.5425 0.89735 0.5337500000000001 0.8885 0.5349999999999999 0.8885 0.5375 0.8849600000000001 0.54 0.8743399999999999 0.54125
0 0.6 0.8925000000000001 0.59646 0.8949999999999999 0.59292 0.89625 0.58761 0.8975 0.58053 0.89875 0.58053 0.9025000000000001 0.58407 0.9025000000000001 0.58938 0.9012499999999999 0.59469 0.89875 0.6 0.8975 0.60531 0.8975 0.60885 0.89625 0.61062 0.8875 0.60531 0.8875 0.60354 0.8887499999999999 0.6 0.8887499999999999 0.6 0.8925000000000001
0 0.6814199999999999 0.86 0.6814199999999999 0.8637499999999999 0.68496 0.8637499999999999 0.69558 0.8612500000000001 0.69912 0.86 0.70442 0.8637499999999999 0.70796 0.8637499999999999 0.7115 0.8625 0.71327 0.85375 0.70619 0.85375 0.69381 0.8574999999999999 0.6885 0.8574999999999999 0.6814199999999999 0.86