1 0.30265 0.20125 0.30619 0.19875 0.30619 0.195 0.29912 0.195 0.29558 0.1975 0.29735 0.20125 0.30265 0.20125
1 0.36814 0.20125 0.37168 0.19875 0.36991 0.19375 0.36637 0.19375 0.36106 0.19624999999999998 0.36283 0.20125 0.36814 0.20125
1 0.47611 0.19125 0.46548999999999996 0.1925 0.46548999999999996 0.1975 0.47257 0.1975 0.47611 0.195 0.47611 0.19125
1 0.55575 0.195 0.54867 0.195 0.54513 0.1975 0.5469 0.20125 0.55221 0.20125 0.55575 0.2 0.55575 0.195
1 0.63186 0.19125 0.63717 0.1875 0.63717 0.18375 0.63009 0.18375 0.62655 0.18625 0.62655 0.19125 0.63186 0.19125
1 0.74867 0.1925 0.74867 0.1875 0.74336 0.1875 0.73982 0.18875 0.73982 0.19375 0.74867 0.1925
1 0.89381 0.20125 0.89735 0.19875 0.89735 0.195 0.89381 0.19375 0.8902699999999999 0.195 0.8885 0.195 0.8885 0.20125 0.89381 0.20125
1 0.94336 0.20125 0.9486700000000001 0.20125 0.95221 0.19875 0.95221 0.195 0.9486700000000001 0.19375 0.94513 0.195 0.94159 0.1975 0.94336 0.20125
1 0.30442 0.27875 0.30442 0.2725 0.30088 0.2725 0.29735 0.27375 0.29558 0.27875 0.30442 0.27875
1 0.36637 0.27999999999999997 0.36991 0.27875 0.36991 0.2725 0.36637 0.2725 0.36283 0.27375 0.36106 0.27875 0.36637 0.27999999999999997
1 0.47611 0.28375 0.47434000000000004 0.27999999999999997 0.46902999999999995 0.27999999999999997 0.46548999999999996 0.28250000000000003 0.46726 0.28625 0.47257 0.28625 0.47611 0.28375
1 0.5469 0.28625 0.55575 0.28500000000000003 0.55575 0.27999999999999997 0.55044 0.27999999999999997 0.5469 0.28125 0.54513 0.28375 0.5469 0.28625
1 0.6336299999999999 0.28625 0.63717 0.28375 0.63717 0.27999999999999997 0.63009 0.27999999999999997 0.62655 0.28250000000000003 0.62655 0.28625 0.6336299999999999 0.28625
1 0.73805 0.2875 0.73982 0.29 0.74867 0.28875 0.74867 0.2875 0.75044 0.28500000000000003 0.74867 0.28250000000000003 0.74513 0.28250000000000003 0.74159 0.28375 0.73982 0.28500000000000003 0.73805 0.2875
1 0.89381 0.29 0.89735 0.2875 0.89558 0.28250000000000003 0.8902699999999999 0.28375 0.88673 0.28625 0.8885 0.29 0.89381 0.29
1 0.94336 0.29 0.95221 0.28875 0.95221 0.28250000000000003 0.9469 0.28250000000000003 0.94336 0.28375 0.94159 0.28625 0.94336 0.29
1 0.30619 0.33875 0.30619 0.33375 0.29558 0.335 0.29558 0.34125 0.29912 0.34125 0.30088 0.33999999999999997 0.30619 0.33875
1 0.37168 0.33375 0.36106 0.335 0.36106 0.33999999999999997 0.36991 0.33999999999999997 0.37168 0.3375 0.37168 0.33375
1 0.46548999999999996 0.34875 0.46548999999999996 0.35375 0.47611 0.3525 0.47611 0.34750000000000003 0.46548999999999996 0.34875
1 0.54513 0.35375 0.55575 0.3525 0.55752 0.35 0.55752 0.34750000000000003 0.55044 0.34750000000000003 0.5469 0.34875 0.54513 0.35125 0.54513 0.35375
1 0.62832 0.34875 0.6336299999999999 0.34750000000000003 0.63717 0.34500000000000003 0.63717 0.34125 0.6336299999999999 0.33999999999999997 0.63009 0.34125 0.62832 0.34125 0.62832 0.34875
1 0.74867 0.33375 0.73982 0.335 0.73982 0.33625 0.73805 0.33875 0.74513 0.33999999999999997 0.7469 0.33999999999999997 0.74867 0.33875 0.74867 0.33375
1 0.89204 0.35875 0.89558 0.35750000000000004 0.89735 0.35125 0.8902699999999999 0.35125 0.88673 0.3525 0.88673 0.35750000000000004 0.89204 0.35875
1 0.94513 0.35125 0.94159 0.35375 0.94336 0.35750000000000004 0.95221 0.35625 0.95221 0.35125 0.94513 0.35125
1 0.10264999999999999 0.44000000000000006 0.09912 0.4425 0.09912 0.44625000000000004 0.10973 0.445 0.10973 0.44000000000000006 0.10264999999999999 0.44000000000000006
1 0.19469 0.44375 0.19115 0.44625000000000004 0.19292 0.45 0.20177 0.44875 0.20177 0.44375 0.19469 0.44375
1 0.29558 0.43125 0.28673000000000004 0.43 0.28319 0.4325 0.28496 0.43624999999999997 0.29027 0.43624999999999997 0.29381 0.43499999999999994 0.29558 0.43125
1 0.40708 0.43499999999999994 0.40708 0.44000000000000006 0.41593 0.43875000000000003 0.41593 0.43375 0.40708 0.43499999999999994
1 0.49734999999999996 0.43375 0.48673 0.43499999999999994 0.4885 0.44000000000000006 0.49381 0.44000000000000006 0.49734999999999996 0.43875000000000003 0.49734999999999996 0.43375
1 0.58053 0.42625 0.5699099999999999 0.42750000000000005 0.57168 0.43375 0.57699 0.4325 0.58053 0.43 0.58053 0.42625
1 0.63717 0.42625 0.62655 0.42750000000000005 0.62832 0.43375 0.63186 0.43375 0.63717 0.43 0.63717 0.42625
1 0.72743 0.42625 0.73097 0.425 0.73097 0.41875 0.72566 0.41875 0.72212 0.42125 0.72389 0.42625 0.72743 0.42625
1 0.82301 0.42750000000000005 0.81416 0.42625 0.8106199999999999 0.42874999999999996 0.8106199999999999 0.4325 0.8194699999999999 0.4325 0.82301 0.42750000000000005
1 0.91504 0.43375 0.9061899999999999 0.43375 0.90442 0.43624999999999997 0.9061899999999999 0.44000000000000006 0.91504 0.43875000000000003 0.91504 0.43375
1 0.10973 0.5375 0.10973 0.5325 0.10442 0.5325 0.10088 0.5337500000000001 0.09912 0.5387500000000001 0.10973 0.5375
1 0.19115 0.54125 0.19292 0.54625 0.2 0.54625 0.20177 0.54375 0.20354 0.54 0.19115 0.54125
1 0.28496 0.54125 0.28496 0.54625 0.29381 0.545 0.29381 0.5425 0.29558 0.54 0.29203999999999997 0.5387500000000001 0.2885 0.54 0.28673000000000004 0.54 0.28496 0.54125
1 0.41239 0.53625 0.41593 0.5349999999999999 0.41769999999999996 0.53125 0.41416000000000003 0.5287499999999999 0.41062000000000004 0.53 0.40885 0.53 0.40885 0.53625 0.41239 0.53625
1 0.4885 0.53 0.4885 0.5349999999999999 0.49734999999999996 0.5337500000000001 0.49558 0.5287499999999999 0.4885 0.53
1 0.57876 0.5275000000000001 0.57876 0.52625 0.58053 0.5237499999999999 0.57699 0.52125 0.5699099999999999 0.5237499999999999 0.5699099999999999 0.5287499999999999 0.57876 0.5275000000000001
1 0.6336299999999999 0.5287499999999999 0.63717 0.52625 0.63717 0.5225 0.6336299999999999 0.52125 0.62655 0.5237499999999999 0.62655 0.5287499999999999 0.6336299999999999 0.5287499999999999
1 0.73097 0.5349999999999999 0.73097 0.5287499999999999 0.72743 0.5287499999999999 0.72389 0.53 0.72212 0.5349999999999999 0.73097 0.5349999999999999
1 0.81416 0.5225 0.8106199999999999 0.525 0.8123900000000001 0.5287499999999999 0.8212400000000001 0.5275000000000001 0.8212400000000001 0.5225 0.81416 0.5225
1 0.9115 0.53625 0.91504 0.5349999999999999 0.9168100000000001 0.53125 0.91504 0.5287499999999999 0.90973 0.5287499999999999 0.90442 0.5337500000000001 0.9079599999999999 0.53625 0.9115 0.53625
1 0.10973 0.5875 0.10795999999999999 0.5825 0.10264999999999999 0.5825 0.09912 0.585 0.10088 0.5900000000000001 0.10619 0.5900000000000001 0.10973 0.5875
1 0.19292 0.5900000000000001 0.19646 0.5900000000000001 0.2 0.58875 0.2 0.5825 0.19646 0.5825 0.19292 0.58375 0.19115 0.5862499999999999 0.19292 0.5900000000000001
1 0.29381 0.5875 0.29381 0.5825 0.28496 0.58375 0.28673000000000004 0.5900000000000001 0.29027 0.5900000000000001 0.29381 0.5875
1 0.40885 0.5862499999999999 0.41239 0.5862499999999999 0.41593 0.585 0.41769999999999996 0.58 0.41416000000000003 0.57875 0.41062000000000004 0.57875 0.40708 0.58125 0.40885 0.5862499999999999
1 0.49204 0.585 0.49734999999999996 0.58375 0.49558 0.57875 0.49204 0.57875 0.4885 0.58 0.48673 0.5825 0.49204 0.585
1 0.57876 0.6025 0.58053 0.6 0.57876 0.5962500000000001 0.5752200000000001 0.5962500000000001 0.57168 0.5974999999999999 0.57345 0.60375 0.57876 0.6025
1 0.6336299999999999 0.60375 0.63717 0.6012500000000001 0.63717 0.5962500000000001 0.63186 0.5962500000000001 0.62832 0.5974999999999999 0.62832 0.60375 0.6336299999999999 0.60375
1 0.7292 0.60375 0.73274 0.6012500000000001 0.73097 0.5962500000000001 0.72743 0.5974999999999999 0.72212 0.59875 0.72389 0.60375 0.7292 0.60375
1 0.8123900000000001 0.60375 0.8177 0.60375 0.8212400000000001 0.6025 0.82301 0.59875 0.8212400000000001 0.5962500000000001 0.8177 0.5962500000000001 0.81416 0.5974999999999999 0.8106199999999999 0.6 0.8123900000000001 0.60375
1 0.9061899999999999 0.60375 0.9115 0.60375 0.91504 0.6025 0.9168100000000001 0.6 0.91504 0.5962500000000001 0.9115 0.5962500000000001 0.90973 0.5974999999999999 0.9061899999999999 0.5974999999999999 0.9061899999999999 0.60375
1 0.10264999999999999 0.6900000000000001 0.10264999999999999 0.68625 0.09558 0.68625 0.09204 0.68875 0.09381 0.6925 0.10088 0.6925 0.10264999999999999 0.6900000000000001
1 0.15575 0.69625 0.15929 0.69625 0.16283 0.6950000000000001 0.1646 0.6925 0.16283 0.68875 0.15752 0.68875 0.15398 0.6900000000000001 0.15221 0.69375 0.15575 0.69625
1 0.2177 0.6775 0.22124000000000002 0.67375 0.2177 0.67125 0.21416 0.6725 0.21239 0.6725 0.21239 0.67875 0.2177 0.6775
1 0.25487000000000004 0.6775 0.26549 0.67625 0.26549 0.6725 0.26195 0.67125 0.25841 0.6725 0.25487000000000004 0.675 0.25487000000000004 0.6775
1 0.33097 0.68125 0.33628 0.6799999999999999 0.33451 0.675 0.33097 0.675 0.32743 0.67625 0.32566 0.67875 0.33097 0.68125
1 0.40530999999999995 0.68625 0.40354 0.6825 0.39646 0.6825 0.39469 0.6849999999999999 0.39469 0.68875 0.40176999999999996 0.68875 0.40530999999999995 0.68625
1 0.4708 0.6837500000000001 0.46902999999999995 0.67875 0.46548999999999996 0.67875 0.46195 0.6799999999999999 0.46018 0.6849999999999999 0.4708 0.6837500000000001
1 0.55752 0.6825 0.5539799999999999 0.6849999999999999 0.5539799999999999 0.68875 0.5646 0.6875 0.56283 0.6825 0.55752 0.6825
1 0.61593 0.6900000000000001 0.6230100000000001 0.6875 0.6230100000000001 0.6825 0.61593 0.6825 0.61239 0.6849999999999999 0.61239 0.6875 0.61593 0.6900000000000001
1 0.6708000000000001 0.7 0.67788 0.69875 0.67965 0.69625 0.67788 0.6925 0.67434 0.69375 0.66903 0.6950000000000001 0.66726 0.6975 0.6708000000000001 0.7
1 0.70973 0.6975 0.71327 0.7 0.71681 0.7 0.72035 0.6975 0.72035 0.6925 0.71681 0.6925 0.71504 0.69375 0.7115 0.69375 0.70973 0.6975
1 0.78761 0.6900000000000001 0.79469 0.6875 0.79469 0.6825 0.78761 0.6825 0.78407 0.6849999999999999 0.78407 0.68875 0.78761 0.6900000000000001
1 0.8513299999999999 0.6825 0.8442500000000001 0.6825 0.84071 0.6849999999999999 0.8424799999999999 0.68875 0.8513299999999999 0.6875 0.8531000000000001 0.6849999999999999 0.8513299999999999 0.6825
1 0.10264999999999999 0.78 0.10088 0.7737499999999999 0.09558 0.775 0.09204 0.7775000000000001 0.09381 0.78125 0.10264999999999999 0.78
1 0.15398 0.77625 0.15221 0.7787499999999999 0.15398 0.78125 0.16283 0.78 0.16283 0.775 0.15398 0.77625
1 0.2177 0.7737499999999999 0.22124000000000002 0.77125 0.21947 0.7675 0.21593 0.7675 0.21239 0.76875 0.21061999999999997 0.7737499999999999 0.2177 0.7737499999999999
1 0.26549 0.7725 0.26549 0.7675 0.26017999999999997 0.7675 0.25664 0.76875 0.25664 0.7737499999999999 0.26549 0.7725
1 0.3292 0.77125 0.32566 0.7737499999999999 0.32743 0.7775000000000001 0.33628 0.77625 0.33628 0.77125 0.3292 0.77125
1 0.4 0.7787499999999999 0.40354 0.7775000000000001 0.40530999999999995 0.775 0.40530999999999995 0.77125 0.39823 0.77125 0.39469 0.7737499999999999 0.39469 0.7775000000000001 0.4 0.7787499999999999
1 0.46902999999999995 0.77 0.4708 0.765 0.46195 0.765 0.46018 0.7675 0.46018 0.77 0.46548999999999996 0.77125 0.46902999999999995 0.77
1 0.56106 0.7849999999999999 0.5646 0.7825 0.5646 0.7787499999999999 0.55752 0.7787499999999999 0.5539799999999999 0.78125 0.55575 0.7849999999999999 0.56106 0.7849999999999999
1 0.6230100000000001 0.7825 0.6230100000000001 0.7787499999999999 0.61593 0.7787499999999999 0.61239 0.7825 0.61416 0.7849999999999999 0.62124 0.7849999999999999 0.6230100000000001 0.7825
1 0.67611 0.7775000000000001 0.67965 0.775 0.67788 0.77125 0.67257 0.77125 0.66903 0.7737499999999999 0.66903 0.7775000000000001 0.67611 0.7775000000000001
1 0.72035 0.77625 0.72035 0.77125 0.71504 0.77125 0.7115 0.7725 0.7115 0.7775000000000001 0.72035 0.77625
1 0.79115 0.7849999999999999 0.79469 0.7825 0.79469 0.7787499999999999 0.78761 0.7787499999999999 0.78407 0.78125 0.78584 0.7849999999999999 0.79115 0.7849999999999999
1 0.8513299999999999 0.7787499999999999 0.8442500000000001 0.7787499999999999 0.84071 0.7825 0.8424799999999999 0.7849999999999999 0.8513299999999999 0.7837500000000001 0.8531000000000001 0.78125 0.8513299999999999 0.7787499999999999
1 0.78761 0.8462500000000001 0.78407 0.8487500000000001 0.78407 0.8525 0.79469 0.85125 0.79469 0.8462500000000001 0.78761 0.8462500000000001
1 0.8424799999999999 0.8474999999999999 0.84071 0.85 0.8424799999999999 0.8525 0.8513299999999999 0.85125 0.8513299999999999 0.8462500000000001 0.8424799999999999 0.8474999999999999
1 0.67257 0.8387499999999999 0.67788 0.8375 0.67965 0.835 0.67965 0.8324999999999999 0.67611 0.83125 0.66903 0.83375 0.66726 0.83625 0.67257 0.8387499999999999
1 0.70973 0.8387499999999999 0.71681 0.8387499999999999 0.72035 0.8375 0.72035 0.8324999999999999 0.71681 0.83125 0.71327 0.8324999999999999 0.70973 0.835 0.70973 0.8387499999999999
1 0.6230100000000001 0.8462500000000001 0.61416 0.8474999999999999 0.61416 0.8525 0.62124 0.8525 0.6230100000000001 0.85 0.6230100000000001 0.8462500000000001
1 0.56106 0.8525 0.5646 0.85 0.5646 0.8462500000000001 0.55752 0.8462500000000001 0.5539799999999999 0.8487500000000001 0.5539799999999999 0.8525 0.56106 0.8525
1 0.46372 0.8637499999999999 0.46726 0.8637499999999999 0.4708 0.8612500000000001 0.46902999999999995 0.85625 0.46548999999999996 0.8574999999999999 0.46018 0.85875 0.46018 0.8625 0.46372 0.8637499999999999
1 0.4 0.8462500000000001 0.40354 0.845 0.40354 0.8387499999999999 0.4 0.8387499999999999 0.39646 0.8400000000000001 0.39469 0.8462500000000001 0.4 0.8462500000000001
1 0.33274 0.8525 0.33628 0.85 0.33628 0.8462500000000001 0.3292 0.8462500000000001 0.32566 0.8487500000000001 0.32566 0.8525 0.33274 0.8525
1 0.22124000000000002 0.8462500000000001 0.21947 0.8425 0.21416 0.8425 0.21061999999999997 0.8487500000000001 0.2177 0.8487500000000001 0.22124000000000002 0.8462500000000001
1 0.26549 0.8474999999999999 0.26372 0.8425 0.26017999999999997 0.8425 0.25664 0.84375 0.25487000000000004 0.8487500000000001 0.26549 0.8474999999999999
1 0.16106 0.8487500000000001 0.16283 0.8425 0.15752 0.8425 0.15221 0.8462500000000001 0.15221 0.8487500000000001 0.16106 0.8487500000000001
1 0.09735 0.85 0.10088 0.8487500000000001 0.10088 0.8425 0.09558 0.8425 0.09204 0.845 0.09381 0.85 0.09735 0.85
0 0.30619 0.25125000000000003 0.30619 0.25625 0.37168 0.25625 0.37168 0.25125000000000003 0.30619 0.25125000000000003
0 0.30619 0.17250000000000001 0.30619 0.1775 0.37168 0.1775 0.37168 0.17250000000000001 0.30619 0.17250000000000001
0 0.29558 0.35750000000000004 0.29558 0.36124999999999996 0.36106 0.36124999999999996 0.36106 0.35750000000000004 0.29558 0.35750000000000004
0 0.95221 0.17250000000000001 0.89735 0.17250000000000001 0.89735 0.1775 0.90442 0.17625 0.95221 0.1775 0.95221 0.17250000000000001
0 0.89735 0.32999999999999996 0.89735 0.335 0.95221 0.33375 0.9504400000000001 0.32875 0.89735 0.32999999999999996
0 0.62478 0.45 0.5699099999999999 0.45 0.5699099999999999 0.45375 0.62478 0.45
0 0.9539799999999999 0.2625 0.9486700000000001 0.2625 0.9469 0.26125 0.89558 0.26125 0.89558 0.265 0.94159 0.26625 0.9539799999999999 0.26625 0.9539799999999999 0.2625
0 0.58053 0.50125 0.58053 0.505 0.63717 0.505 0.63717 0.5 0.58053 0.50125
0 0.63717 0.5825 0.63717 0.575 0.58053 0.57625 0.5823 0.58125 0.5858399999999999 0.57875 0.63009 0.57875 0.63717 0.5825
0 0.22124000000000002 0.7462500000000001 0.22477999999999998 0.75125 0.26549 0.75 0.26549 0.7462500000000001 0.22124000000000002 0.7462500000000001
0 0.67257 0.8550000000000001 0.66726 0.8574999999999999 0.66903 0.86 0.70973 0.86 0.70973 0.85625 0.67257 0.8550000000000001
0 0.67965 0.75 0.6814199999999999 0.755 0.72035 0.755 0.72035 0.74875 0.67965 0.75
0 0.67965 0.67125 0.67965 0.675 0.72035 0.675 0.72035 0.67125 0.67965 0.67125
0 0.2531 0.86625 0.20708000000000001 0.86625 0.20708000000000001 0.8699999999999999 0.24779 0.8712500000000001 0.25487000000000004 0.8712500000000001 0.2531 0.86625
0 0.20708000000000001 0.69625 0.20708000000000001 0.7 0.25487000000000004 0.7 0.25487000000000004 0.69625 0.20708000000000001 0.69625