1 0.24956 0.16625 0.24602 0.16999999999999998 0.24779 0.17250000000000001 0.25664 0.17124999999999999 0.25664 0.16625 0.24956 0.16625
1 0.28142 0.1675 0.27965 0.16999999999999998 0.28142 0.17250000000000001 0.29027 0.17124999999999999 0.29027 0.16625 0.28142 0.1675
1 0.32212 0.16625 0.31327 0.1675 0.3115 0.16999999999999998 0.31327 0.17250000000000001 0.31858 0.17250000000000001 0.32212 0.17124999999999999 0.32212 0.16625
1 0.35575 0.1675 0.35575 0.1625 0.35044 0.1625 0.3469 0.16375 0.3469 0.16875 0.35575 0.1675
1 0.38761 0.16375 0.38761 0.15875 0.3823 0.15875 0.37876 0.16 0.37876 0.16499999999999998 0.38761 0.16375
1 0.42123999999999995 0.16375 0.42123999999999995 0.15875 0.41593 0.15875 0.41239 0.16 0.41239 0.16499999999999998 0.42123999999999995 0.16375
1 0.47611 0.1625 0.47611 0.15875 0.46902999999999995 0.15875 0.46548999999999996 0.16125 0.46548999999999996 0.16499999999999998 0.47434000000000004 0.16499999999999998 0.47611 0.1625
1 0.5911500000000001 0.1625 0.58761 0.16499999999999998 0.58938 0.16875 0.59823 0.1675 0.59823 0.1625 0.5911500000000001 0.1625
1 0.63009 0.15875 0.62655 0.16125 0.62655 0.16499999999999998 0.63717 0.16375 0.63717 0.15875 0.63009 0.15875
1 0.67434 0.15875 0.66903 0.15875 0.6654899999999999 0.16 0.6654899999999999 0.16499999999999998 0.67434 0.16499999999999998 0.67611 0.1625 0.67434 0.15875
1 0.73274 0.1625 0.73274 0.15875 0.72566 0.15875 0.72212 0.16125 0.72212 0.16499999999999998 0.73097 0.16499999999999998 0.73274 0.1625
1 0.7646 0.16625 0.76283 0.1625 0.75752 0.1625 0.75398 0.16499999999999998 0.75575 0.16875 0.76106 0.16875 0.7646 0.16625
1 0.79823 0.16625 0.79646 0.1625 0.79115 0.1625 0.78761 0.16499999999999998 0.78938 0.16875 0.79646 0.16875 0.79823 0.16625
1 0.8212400000000001 0.17250000000000001 0.8265499999999999 0.17250000000000001 0.83009 0.16999999999999998 0.83009 0.16625 0.8265499999999999 0.16499999999999998 0.82301 0.16625 0.8194699999999999 0.16875 0.8212400000000001 0.17250000000000001
1 0.9115 0.16999999999999998 0.9026500000000001 0.16999999999999998 0.8991199999999999 0.17375000000000002 0.9026500000000001 0.17625 0.90973 0.175 0.9115 0.17250000000000001 0.9115 0.16999999999999998
1 0.9345100000000001 0.1675 0.9327400000000001 0.16999999999999998 0.9345100000000001 0.17250000000000001 0.94336 0.17124999999999999 0.94336 0.16625 0.9345100000000001 0.1675
1 0.54513 0.16625 0.53451 0.1675 0.53451 0.17250000000000001 0.54159 0.17250000000000001 0.54513 0.16999999999999998 0.54513 0.16625
1 0.8672599999999999 0.1675 0.8672599999999999 0.17250000000000001 0.87611 0.17124999999999999 0.87788 0.16875 0.87611 0.16625 0.8672599999999999 0.1675
1 0.14336 0.3625 0.1469 0.36 0.14513 0.355 0.13982 0.35625 0.13628 0.35750000000000004 0.13628 0.3625 0.14336 0.3625
1 0.19646 0.355 0.19292 0.35750000000000004 0.19292 0.3625 0.20354 0.36124999999999996 0.20354 0.355 0.19646 0.355
1 0.34513 0.35625 0.33451 0.35750000000000004 0.33628 0.3625 0.34159 0.3625 0.34513 0.36 0.34513 0.35625
1 0.46902999999999995 0.3625 0.47257 0.36 0.4708 0.355 0.46726 0.355 0.46372 0.35625 0.46372 0.3625 0.46902999999999995 0.3625
1 0.5061899999999999 0.3625 0.50973 0.36 0.50973 0.35750000000000004 0.5061899999999999 0.355 0.50265 0.35625 0.50088 0.35625 0.50088 0.3625 0.5061899999999999 0.3625
1 0.54513 0.35625 0.53451 0.35750000000000004 0.53628 0.3625 0.54159 0.3625 0.54513 0.36 0.54513 0.35625
1 0.57876 0.35875 0.5823 0.35625 0.58053 0.3525 0.5752200000000001 0.3525 0.57168 0.35375 0.57168 0.35875 0.57876 0.35875
1 0.64602 0.34875 0.64248 0.35125 0.64425 0.355 0.6531 0.355 0.6531 0.34875 0.64602 0.34875
1 0.6070800000000001 0.35 0.6070800000000001 0.355 0.61593 0.355 0.61593 0.34875 0.6070800000000001 0.35
1 0.71327 0.3525 0.71327 0.34875 0.70619 0.34875 0.70265 0.35125 0.70265 0.355 0.7115 0.355 0.71327 0.3525
1 0.78938 0.36124999999999996 0.78761 0.355 0.78407 0.35625 0.77876 0.35750000000000004 0.78053 0.3625 0.78938 0.36124999999999996
1 0.83894 0.35375 0.8371700000000001 0.35625 0.83894 0.35875 0.84779 0.35750000000000004 0.84779 0.3525 0.83894 0.35375
1 0.8831899999999999 0.34875 0.87965 0.35125 0.87965 0.355 0.8902699999999999 0.35375 0.8902699999999999 0.34875 0.8831899999999999 0.34875
1 0.9345100000000001 0.3525 0.9345100000000001 0.34875 0.92743 0.34875 0.9238899999999999 0.35125 0.9238899999999999 0.355 0.9327400000000001 0.355 0.9345100000000001 0.3525
1 0.13451 0.5387500000000001 0.12566 0.54 0.12566 0.545 0.13097 0.545 0.13451 0.54375 0.13451 0.5387500000000001
1 0.16637 0.54875 0.16991 0.54625 0.16991 0.5425 0.16283 0.5425 0.15929 0.545 0.16106 0.54875 0.16637 0.54875
1 0.20708000000000001 0.54625 0.20531000000000002 0.5425 0.2 0.5425 0.19646 0.545 0.19823 0.54875 0.20354 0.54875 0.20708000000000001 0.54625
1 0.23894 0.5525 0.24247999999999997 0.55 0.24070999999999998 0.545 0.23363 0.54625 0.23186 0.54875 0.23363 0.5525 0.23894 0.5525
1 0.29381 0.54625 0.28496 0.5475 0.28673000000000004 0.5525 0.29027 0.5525 0.29381 0.55 0.29381 0.54625
1 0.31858 0.5549999999999999 0.32389 0.55625 0.32743 0.5549999999999999 0.33097 0.55125 0.32743 0.54875 0.32212 0.55 0.31858 0.5525 0.31858 0.5549999999999999
1 0.35752 0.5525 0.36283 0.5525 0.36637 0.55 0.36637 0.54625 0.36283 0.545 0.35929 0.54625 0.35575 0.54875 0.35752 0.5525
1 0.43009000000000003 0.5525 0.43362999999999996 0.55 0.43362999999999996 0.54625 0.42655000000000004 0.54625 0.42301 0.54875 0.42478 0.5525 0.43009000000000003 0.5525
1 0.48673 0.5525 0.49027000000000004 0.55 0.49027000000000004 0.54625 0.48319 0.54625 0.47965 0.54875 0.48141999999999996 0.5525 0.48673 0.5525
1 0.63186 0.55 0.63186 0.54625 0.6230100000000001 0.54625 0.62124 0.54875 0.6230100000000001 0.5525 0.62832 0.5525 0.63186 0.55
1 0.77876 0.54 0.77876 0.545 0.78761 0.54375 0.78761 0.5387500000000001 0.77876 0.54
1 0.8283200000000001 0.545 0.83186 0.5425 0.83186 0.5387500000000001 0.82478 0.5387500000000001 0.8212400000000001 0.54125 0.8212400000000001 0.545 0.8283200000000001 0.545
1 0.8708 0.54125 0.8743399999999999 0.5387500000000001 0.87257 0.5349999999999999 0.8690300000000001 0.5349999999999999 0.86549 0.53625 0.86372 0.54125 0.8708 0.54125
1 0.90973 0.5387500000000001 0.91327 0.5375 0.91504 0.53625 0.91504 0.53125 0.90973 0.53125 0.9061899999999999 0.5325 0.90442 0.53625 0.90973 0.5387500000000001
1 0.13274 0.725 0.14336 0.72375 0.14513 0.7212500000000001 0.14336 0.7162499999999999 0.13805 0.7162499999999999 0.13451 0.71875 0.13274 0.71875 0.13274 0.725
1 0.24956 0.7262500000000001 0.25133 0.72375 0.24956 0.7212500000000001 0.24425 0.7212500000000001 0.24070999999999998 0.72375 0.24070999999999998 0.7275 0.24956 0.7262500000000001
1 0.34513 0.73125 0.34867 0.72875 0.3469 0.725 0.34159 0.725 0.33805 0.7275 0.33805 0.73125 0.34513 0.73125
1 0.41593 0.7262500000000001 0.41416000000000003 0.72875 0.41593 0.73125 0.42478 0.73 0.42478 0.725 0.41593 0.7262500000000001
1 0.50088 0.7325 0.49381 0.7325 0.49027000000000004 0.73375 0.49204 0.73875 0.49912 0.73875 0.50265 0.735 0.50088 0.7325
1 0.5433600000000001 0.7325 0.53451 0.73375 0.53274 0.73625 0.53628 0.73875 0.54159 0.73875 0.54513 0.73625 0.5433600000000001 0.7325
1 0.58407 0.735 0.58761 0.7325 0.58761 0.72875 0.58407 0.7275 0.57876 0.72875 0.5752200000000001 0.73125 0.57699 0.735 0.58407 0.735
1 0.62832 0.73 0.63009 0.7275 0.62832 0.725 0.62124 0.725 0.6176999999999999 0.7275 0.6176999999999999 0.73125 0.62655 0.73125 0.62832 0.73
1 0.70442 0.7275 0.70796 0.725 0.70619 0.7212500000000001 0.70088 0.7212500000000001 0.6973499999999999 0.72375 0.6973499999999999 0.7275 0.70442 0.7275
1 0.74336 0.73 0.74336 0.725 0.73805 0.725 0.73451 0.7275 0.73451 0.73125 0.74336 0.73
1 0.77876 0.735 0.7823 0.7325 0.7823 0.73 0.78053 0.7275 0.77522 0.7275 0.77168 0.73 0.77168 0.735 0.77876 0.735
1 0.8106199999999999 0.7325 0.81416 0.73125 0.8177 0.72875 0.81593 0.725 0.8106199999999999 0.725 0.8053100000000001 0.72875 0.80708 0.73125 0.8106199999999999 0.7325
1 0.86372 0.735 0.8672599999999999 0.7325 0.86549 0.7275 0.86195 0.72875 0.85664 0.73 0.85664 0.735 0.86372 0.735
1 0.90442 0.7325 0.89381 0.73375 0.89558 0.73875 0.9008800000000001 0.73875 0.90442 0.73625 0.90442 0.7325
1 0.9292 0.735 0.9380499999999999 0.735 0.9398199999999999 0.7325 0.9398199999999999 0.72875 0.93628 0.7275 0.9292 0.73 0.92743 0.7325 0.9292 0.735
1 0.13097 0.91875 0.12743 0.9199999999999999 0.12743 0.925 0.13805 0.9237500000000001 0.13805 0.91875 0.13097 0.91875
1 0.24779 0.92875 0.24602 0.93125 0.24956 0.9324999999999999 0.2531 0.9324999999999999 0.25664 0.93125 0.25841 0.92875 0.25664 0.925 0.2531 0.925 0.24956 0.9262499999999999 0.24779 0.9275 0.24779 0.92875
1 0.21061999999999997 0.9324999999999999 0.21416 0.93 0.21239 0.925 0.20884999999999998 0.925 0.20531000000000002 0.9262499999999999 0.20531000000000002 0.9324999999999999 0.21061999999999997 0.9324999999999999
1 0.29203999999999997 0.93 0.29558 0.93 0.29912 0.9275 0.30088 0.925 0.29912 0.92125 0.29381 0.92125 0.29027 0.9225 0.2885 0.9275 0.29203999999999997 0.93
1 0.33451 0.9175000000000001 0.33097 0.9199999999999999 0.33097 0.925 0.34159 0.9237500000000001 0.33982 0.9175000000000001 0.33451 0.9175000000000001
1 0.41947 0.925 0.42832 0.925 0.43186 0.9237500000000001 0.43362999999999996 0.9199999999999999 0.43009000000000003 0.9175000000000001 0.42478 0.9175000000000001 0.41947 0.92125 0.41947 0.925
1 0.63009 0.9262499999999999 0.63009 0.9225 0.6230100000000001 0.9225 0.61947 0.925 0.62124 0.92875 0.62832 0.92875 0.63009 0.9262499999999999
1 0.57345 0.9225 0.57168 0.91875 0.5646 0.91875 0.56106 0.92125 0.56106 0.925 0.5699099999999999 0.925 0.57345 0.9225
1 0.70973 0.9225 0.69912 0.9237500000000001 0.69912 0.92875 0.70619 0.92875 0.70973 0.9262499999999999 0.70973 0.9225
1 0.77168 0.92875 0.77876 0.92875 0.7823 0.9262499999999999 0.78053 0.92125 0.77522 0.92125 0.77168 0.9225 0.76991 0.925 0.77168 0.92875
1 0.8212400000000001 0.9199999999999999 0.8194699999999999 0.9175000000000001 0.8106199999999999 0.91875 0.80885 0.92125 0.8106199999999999 0.925 0.8194699999999999 0.925 0.8212400000000001 0.9199999999999999
1 0.84956 0.9237500000000001 0.8513299999999999 0.92875 0.8601800000000001 0.9275 0.8601800000000001 0.9225 0.84956 0.9237500000000001
1 0.88673 0.9349999999999999 0.89558 0.9349999999999999 0.89735 0.9337500000000001 0.8991199999999999 0.93125 0.89558 0.92875 0.89204 0.92875 0.8885 0.93 0.88673 0.9349999999999999
1 0.93628 0.93125 0.9380499999999999 0.92875 0.93628 0.925 0.9327400000000001 0.925 0.9292 0.9262499999999999 0.9292 0.9324999999999999 0.93628 0.93125
0 0.25841 0.14875 0.26195 0.14875 0.29027 0.145 0.25841 0.145 0.25841 0.14875
0 0.35752 0.14125000000000001 0.33982 0.14250000000000002 0.32743 0.14375 0.32389 0.145 0.32389 0.14750000000000002 0.33982 0.14750000000000002 0.35929 0.145 0.38053 0.145 0.40885 0.14250000000000002 0.41062000000000004 0.14125000000000001 0.42123999999999995 0.14125000000000001 0.41947 0.1375 0.40530999999999995 0.1375 0.38938 0.13999999999999999 0.35752 0.14125000000000001
0 0.6 0.145 0.61947 0.145 0.64248 0.14250000000000002 0.66372 0.14250000000000002 0.6654899999999999 0.14125000000000001 0.67611 0.14125000000000001 0.67611 0.1375 0.64071 0.1375 0.6176999999999999 0.13874999999999998 0.59823 0.14125000000000001 0.6 0.145
0 0.79823 0.145 0.79823 0.13999999999999999 0.78584 0.13999999999999999 0.78407 0.13874999999999998 0.75929 0.1375 0.73451 0.14125000000000001 0.74513 0.14250000000000002 0.76283 0.14375 0.78584 0.145 0.79823 0.145
0 0.87788 0.14750000000000002 0.94513 0.14625 0.87788 0.145 0.87788 0.14750000000000002
0 0.84956 0.33125 0.84956 0.335 0.86195 0.335 0.91504 0.3325 0.9168100000000001 0.33125 0.9345100000000001 0.33125 0.9327400000000001 0.3275 0.9008800000000001 0.3275 0.8708 0.32875 0.84956 0.33125
0 0.4708 0.335 0.4708 0.33875 0.5115000000000001 0.33875 0.5115000000000001 0.335 0.4708 0.335
0 0.5858399999999999 0.3325 0.55575 0.3325 0.5433600000000001 0.335 0.5433600000000001 0.33875 0.55044 0.33875 0.55221 0.3375 0.56283 0.33625 0.60531 0.33625 0.61416 0.33375 0.6354 0.33375 0.64425 0.33125 0.6531 0.33125 0.6531 0.3275 0.63717 0.3275 0.63009 0.32999999999999996 0.58761 0.32999999999999996 0.5858399999999999 0.3325
0 0.16991 0.5237499999999999 0.20708000000000001 0.5237499999999999 0.20708000000000001 0.52 0.2 0.52 0.19823 0.51875 0.18053 0.5175 0.13628 0.5175 0.13628 0.52125 0.15044 0.52125 0.15221 0.5225 0.16991 0.5237499999999999
0 0.83186 0.5175 0.83186 0.52 0.84956 0.52 0.86372 0.51875 0.86549 0.5175 0.8743399999999999 0.5175 0.8743399999999999 0.51375 0.85664 0.51375 0.8424799999999999 0.515 0.8353999999999999 0.51625 0.83186 0.5175
0 0.29381 0.5237499999999999 0.29381 0.5275000000000001 0.36814 0.5275000000000001 0.36814 0.5237499999999999 0.29381 0.5237499999999999
0 0.58761 0.7112499999999999 0.58761 0.7075 0.5646 0.7075 0.55044 0.70875 0.54867 0.71 0.54513 0.71 0.54513 0.7150000000000001 0.55044 0.7150000000000001 0.56283 0.71375 0.57699 0.7112499999999999 0.58761 0.7112499999999999
0 0.75044 0.7075 0.76637 0.71 0.78053 0.70625 0.77168 0.705 0.72035 0.7 0.70619 0.70125 0.70796 0.70375 0.72212 0.70625 0.73451 0.7075 0.75044 0.7075
0 0.88142 0.71 0.93628 0.7112499999999999 0.9398199999999999 0.71 0.9398199999999999 0.7075 0.9079599999999999 0.70625 0.88142 0.70625 0.8672599999999999 0.7075 0.8690300000000001 0.7112499999999999 0.8743399999999999 0.7112499999999999 0.87611 0.71 0.88142 0.71
0 0.26726 0.9025000000000001 0.26549 0.9037499999999999 0.25841 0.9037499999999999 0.25841 0.9075 0.27080000000000004 0.9075 0.27257 0.90625 0.28673000000000004 0.90625 0.29912 0.9037499999999999 0.29735 0.9 0.29381 0.9 0.28142 0.9012499999999999 0.26726 0.9025000000000001
0 0.6 0.9025000000000001 0.6017699999999999 0.9037499999999999 0.62124 0.905 0.63009 0.9037499999999999 0.63009 0.9 0.62655 0.89875 0.61062 0.8975 0.57345 0.8975 0.57345 0.9012499999999999 0.58053 0.9012499999999999 0.5823 0.9025000000000001 0.6 0.9025000000000001
0 0.8531000000000001 0.9025000000000001 0.8690300000000001 0.905 0.9168100000000001 0.9075 0.9380499999999999 0.9075 0.93628 0.9037499999999999 0.92743 0.9025000000000001 0.9115 0.9012499999999999 0.89204 0.9012499999999999 0.87257 0.89875 0.8513299999999999 0.8975 0.8212400000000001 0.8975 0.8212400000000001 0.9012499999999999 0.83363 0.9012499999999999 0.8353999999999999 0.9025000000000001 0.8531000000000001 0.9025000000000001