1 0.18761 0.13374999999999998 0.19292 0.12875 0.19115 0.12625 0.18761 0.1275 0.1823 0.12875 0.18407 0.13374999999999998 0.18761 0.13374999999999998
1 0.2177 0.13 0.21239 0.13 0.20884999999999998 0.1325 0.20884999999999998 0.13625 0.2177 0.13625 0.2177 0.13
1 0.23894 0.13374999999999998 0.24247999999999997 0.13125 0.24070999999999998 0.12625 0.23717000000000002 0.12625 0.23363 0.1275 0.23363 0.13374999999999998 0.23894 0.13374999999999998
1 0.26726 0.135 0.26726 0.13 0.26195 0.13 0.25664 0.13374999999999998 0.25664 0.13625 0.26726 0.135
1 0.29203999999999997 0.13374999999999998 0.29558 0.13125 0.29381 0.12625 0.2885 0.1275 0.28496 0.13125 0.2885 0.13374999999999998 0.29203999999999997 0.13374999999999998
1 0.31327 0.14375 0.31681 0.14125000000000001 0.31681 0.1375 0.30973 0.1375 0.30619 0.13999999999999999 0.30619 0.14375 0.31327 0.14375
1 0.35752 0.14750000000000002 0.36106 0.145 0.36106 0.14125000000000001 0.35398 0.14125000000000001 0.35044 0.14375 0.35221 0.14750000000000002 0.35752 0.14750000000000002
1 0.42655000000000004 0.14375 0.43716999999999995 0.14250000000000002 0.43716999999999995 0.1375 0.43362999999999996 0.13625 0.43009000000000003 0.1375 0.42655000000000004 0.13999999999999999 0.42655000000000004 0.14375
1 0.46726 0.14125000000000001 0.4708 0.13999999999999999 0.4708 0.13374999999999998 0.46548999999999996 0.13374999999999998 0.46195 0.13625 0.46195 0.13999999999999999 0.46726 0.14125000000000001
1 0.51504 0.1375 0.51858 0.13625 0.52035 0.13 0.51504 0.13 0.5115000000000001 0.13125 0.5115000000000001 0.13625 0.51504 0.1375
1 0.54513 0.13999999999999999 0.54867 0.1375 0.5469 0.13374999999999998 0.5433600000000001 0.13374999999999998 0.53982 0.135 0.5380499999999999 0.13999999999999999 0.54513 0.13999999999999999
1 0.5646 0.13 0.56106 0.1325 0.56106 0.13625 0.57168 0.135 0.5699099999999999 0.13 0.5646 0.13
1 0.58761 0.13999999999999999 0.59646 0.13874999999999998 0.59646 0.13374999999999998 0.59292 0.13374999999999998 0.5911500000000001 0.135 0.58761 0.135 0.58761 0.13999999999999999
1 0.61416 0.13625 0.62478 0.135 0.62478 0.13 0.61947 0.13 0.61593 0.13125 0.61416 0.13374999999999998 0.61416 0.13625
1 0.64071 0.14750000000000002 0.64425 0.14625 0.64425 0.14125000000000001 0.6389400000000001 0.14125000000000001 0.6354 0.14250000000000002 0.63717 0.14750000000000002 0.64071 0.14750000000000002
1 0.6867300000000001 0.15125 0.69027 0.14875 0.6885 0.14375 0.68319 0.145 0.67965 0.14750000000000002 0.6814199999999999 0.15125 0.6867300000000001 0.15125
1 0.76283 0.14750000000000002 0.76637 0.145 0.76637 0.14125000000000001 0.75929 0.14125000000000001 0.75575 0.14375 0.75752 0.14750000000000002 0.76283 0.14750000000000002
1 0.79292 0.1375 0.78938 0.13999999999999999 0.78938 0.14375 0.8 0.14250000000000002 0.8 0.1375 0.79292 0.1375
1 0.8442500000000001 0.14125000000000001 0.8513299999999999 0.13874999999999998 0.8513299999999999 0.13374999999999998 0.84602 0.13374999999999998 0.8424799999999999 0.135 0.84071 0.13874999999999998 0.8442500000000001 0.14125000000000001
1 0.87788 0.14250000000000002 0.87965 0.13874999999999998 0.87257 0.1375 0.8690300000000001 0.13999999999999999 0.8690300000000001 0.14375 0.87788 0.14250000000000002
1 0.9805300000000001 0.145 0.9716799999999999 0.14625 0.97345 0.15125 0.97699 0.15125 0.9805300000000001 0.14875 0.9805300000000001 0.145
1 0.9026500000000001 0.13874999999999998 0.9026500000000001 0.135 0.8991199999999999 0.13374999999999998 0.89558 0.13374999999999998 0.89204 0.13625 0.89381 0.14125000000000001 0.8991199999999999 0.14125000000000001 0.9026500000000001 0.13874999999999998
1 0.92035 0.1375 0.9168100000000001 0.13999999999999999 0.9168100000000001 0.14375 0.92743 0.14250000000000002 0.92743 0.1375 0.92035 0.1375
1 0.9504400000000001 0.14125000000000001 0.9557499999999999 0.1375 0.9539799999999999 0.13374999999999998 0.9469 0.13374999999999998 0.94336 0.13625 0.94513 0.14125000000000001 0.9504400000000001 0.14125000000000001
1 0.09381 0.22999999999999998 0.09912 0.22999999999999998 0.10264999999999999 0.22749999999999998 0.10264999999999999 0.2225 0.09735 0.2225 0.09381 0.22374999999999998 0.09204 0.22625 0.09381 0.22999999999999998
1 0.1646 0.225 0.15398 0.225 0.15221 0.22749999999999998 0.15929 0.22875 0.16106 0.22875 0.16283 0.22749999999999998 0.1646 0.225
1 0.19469 0.22625 0.19823 0.225 0.2 0.22125 0.19823 0.21875 0.19292 0.21875 0.18761 0.22374999999999998 0.18938 0.22625 0.19469 0.22625
1 0.23186 0.21625 0.22477999999999998 0.21625 0.22124000000000002 0.21875 0.22301 0.2225 0.22832 0.2225 0.23186 0.22125 0.23186 0.21625
1 0.29912 0.21875 0.29203999999999997 0.21875 0.2885 0.22125 0.29027 0.22625 0.29558 0.22625 0.29912 0.225 0.29912 0.21875
1 0.5115000000000001 0.21625 0.50973 0.21125 0.50088 0.21375000000000002 0.50088 0.21875 0.50796 0.21875 0.5115000000000001 0.21625
1 0.53628 0.21875 0.53982 0.21625 0.5380499999999999 0.21125 0.53274 0.2125 0.5292 0.215 0.53097 0.21875 0.53628 0.21875
1 0.56814 0.21125 0.5646 0.2125 0.56283 0.2125 0.56283 0.21875 0.57168 0.21749999999999997 0.57168 0.2125 0.56814 0.21125
1 0.6017699999999999 0.2125 0.6017699999999999 0.20875 0.59469 0.20875 0.5911500000000001 0.21125 0.59292 0.215 0.6 0.215 0.6017699999999999 0.2125
1 0.64071 0.20625 0.64071 0.21125 0.6495599999999999 0.21000000000000002 0.65133 0.20750000000000002 0.6495599999999999 0.205 0.64071 0.20625
1 0.6867300000000001 0.205 0.68319 0.20750000000000002 0.68496 0.21125 0.69381 0.21000000000000002 0.69381 0.205 0.6867300000000001 0.205
1 0.71327 0.20625 0.71327 0.21125 0.72212 0.21000000000000002 0.72212 0.205 0.71327 0.20625
1 0.74513 0.20625 0.74513 0.21125 0.75398 0.21000000000000002 0.75398 0.205 0.74513 0.20625
1 0.77522 0.20625 0.77522 0.21125 0.78407 0.21000000000000002 0.78584 0.20750000000000002 0.78407 0.205 0.77522 0.20625
1 0.83186 0.19125 0.83009 0.1875 0.82478 0.1875 0.8212400000000001 0.19 0.82301 0.19375 0.8283200000000001 0.19375 0.83186 0.19125
1 0.86195 0.19125 0.8601800000000001 0.1875 0.85487 0.1875 0.8513299999999999 0.19 0.8531000000000001 0.19375 0.8584099999999999 0.19375 0.86195 0.19125
1 0.88673 0.19375 0.8902699999999999 0.19125 0.8885 0.1875 0.8849600000000001 0.1875 0.88142 0.18875 0.88142 0.19375 0.88673 0.19375
1 0.91504 0.19375 0.9185800000000001 0.19125 0.9168100000000001 0.1875 0.91327 0.1875 0.90973 0.18875 0.90973 0.19375 0.91504 0.19375
1 0.94336 0.19375 0.9469 0.1925 0.9469 0.1875 0.94159 0.1875 0.9380499999999999 0.18875 0.9380499999999999 0.19375 0.94336 0.19375
1 0.96814 0.19375 0.97345 0.19375 0.97699 0.1925 0.97876 0.19 0.97522 0.1875 0.9716799999999999 0.1875 0.96814 0.19 0.96814 0.19375
1 0.10619 0.27 0.10619 0.26625 0.09735 0.26625 0.09558 0.26875 0.09735 0.2725 0.10264999999999999 0.2725 0.10619 0.27
1 0.17876 0.27999999999999997 0.1823 0.27875 0.18761 0.27749999999999997 0.18938 0.275 0.18584 0.2725 0.1823 0.27375 0.18053 0.27375 0.17876 0.27999999999999997
1 0.32743 0.26625 0.31858 0.26749999999999996 0.31858 0.2725 0.32389 0.2725 0.32743 0.27 0.32743 0.26625
1 0.3469 0.2725 0.35575 0.27125 0.35752 0.26749999999999996 0.3469 0.26749999999999996 0.3469 0.2725
1 0.38584 0.2625 0.37699 0.26375000000000004 0.37699 0.26875 0.3823 0.26875 0.38584 0.26749999999999996 0.38584 0.2625
1 0.40885 0.26749999999999996 0.40885 0.2725 0.41769999999999996 0.27125 0.41769999999999996 0.26625 0.40885 0.26749999999999996
1 0.45487 0.27125 0.45487 0.2725 0.45309999999999995 0.275 0.45664 0.27625 0.46372 0.27375 0.46372 0.27 0.45487 0.27125
1 0.48495999999999995 0.27125 0.48319 0.27375 0.49027000000000004 0.275 0.49204 0.275 0.49381 0.27 0.48495999999999995 0.27125
1 0.52035 0.27 0.5115000000000001 0.27125 0.5115000000000001 0.275 0.51681 0.27625 0.52035 0.27375 0.52035 0.27
1 0.55044 0.27125 0.53982 0.27125 0.54513 0.275 0.5469 0.275 0.54867 0.27375 0.55044 0.27125
1 0.57168 0.27625 0.5752200000000001 0.275 0.5752200000000001 0.27 0.5699099999999999 0.27 0.56637 0.27125 0.56814 0.27625 0.57168 0.27625
1 0.60531 0.27875 0.6070800000000001 0.27625 0.60531 0.2725 0.6 0.2725 0.59646 0.275 0.6 0.27999999999999997 0.60531 0.27875
1 0.64248 0.27625 0.64602 0.27375 0.64779 0.27125 0.64425 0.26875 0.64071 0.27 0.6389400000000001 0.27 0.6389400000000001 0.27625 0.64248 0.27625
1 0.66726 0.27125 0.66903 0.27625 0.67257 0.27625 0.67611 0.27375 0.67788 0.27125 0.66726 0.27125
1 0.70088 0.275 0.70265 0.27 0.6973499999999999 0.27 0.69381 0.2725 0.6973499999999999 0.27625 0.70088 0.275
1 0.72212 0.27875 0.72566 0.27999999999999997 0.73274 0.27749999999999997 0.73274 0.27375 0.72743 0.2725 0.72389 0.27375 0.72212 0.27625 0.72212 0.27875
1 0.75929 0.26625 0.75044 0.26749999999999996 0.75044 0.2725 0.75575 0.2725 0.75929 0.27 0.75929 0.26625
1 0.78407 0.27625 0.78761 0.275 0.78761 0.26875 0.7823 0.27 0.77876 0.2725 0.78053 0.27625 0.78407 0.27625
1 0.84071 0.28625 0.84956 0.28500000000000003 0.84956 0.28375 0.8513299999999999 0.28125 0.84956 0.27875 0.84602 0.27999999999999997 0.8424799999999999 0.27999999999999997 0.83894 0.28250000000000003 0.84071 0.28625
1 0.17345 0.35625 0.17168 0.35125 0.16637 0.35125 0.16283 0.35375 0.1646 0.35875 0.16991 0.35875 0.17345 0.35625
1 0.19469 0.36124999999999996 0.20177 0.36124999999999996 0.20531000000000002 0.36 0.20354 0.35375 0.2 0.35375 0.19646 0.355 0.19469 0.35750000000000004 0.19469 0.36124999999999996
1 0.22832 0.355 0.22477999999999998 0.35750000000000004 0.22654999999999997 0.36124999999999996 0.2354 0.36 0.23363 0.35375 0.22832 0.355
1 0.28496 0.35875 0.27610999999999997 0.36 0.27788 0.365 0.28142 0.365 0.28496 0.36375 0.28496 0.35875
1 0.34513 0.35875 0.33982 0.35875 0.33628 0.36 0.33805 0.365 0.34336 0.365 0.3469 0.3625 0.34513 0.35875
1 0.3823 0.36124999999999996 0.3823 0.35875 0.37168 0.36 0.37345 0.365 0.37699 0.365 0.38053 0.36375 0.3823 0.36124999999999996
1 0.41239 0.36124999999999996 0.41593 0.35875 0.41416000000000003 0.35375 0.41062000000000004 0.35375 0.40708 0.355 0.40530999999999995 0.36124999999999996 0.41239 0.36124999999999996
1 0.56106 0.34375 0.5646 0.34125 0.5646 0.3375 0.55752 0.3375 0.5539799999999999 0.33999999999999997 0.5539799999999999 0.34375 0.56106 0.34375
1 0.59823 0.34500000000000003 0.59823 0.34125 0.58938 0.34125 0.58761 0.34375 0.58761 0.34750000000000003 0.59469 0.34750000000000003 0.59823 0.34500000000000003
1 0.4708 0.35125 0.46372 0.35125 0.46018 0.3525 0.46018 0.35750000000000004 0.46902999999999995 0.35750000000000004 0.47257 0.355 0.4708 0.35125
1 0.52566 0.34375 0.5292 0.34249999999999997 0.53097 0.33875 0.5292 0.33625 0.52389 0.33625 0.52035 0.3375 0.51858 0.34375 0.52566 0.34375
1 0.64779 0.35125 0.6548700000000001 0.35125 0.65841 0.34875 0.65841 0.34625 0.6548700000000001 0.34375 0.65133 0.34375 0.64602 0.34750000000000003 0.64779 0.35125
1 0.71858 0.355 0.71504 0.35750000000000004 0.71504 0.36124999999999996 0.72566 0.36 0.72566 0.355 0.71858 0.355
1 0.87965 0.34375 0.8708 0.34375 0.8672599999999999 0.34625 0.8690300000000001 0.35125 0.87611 0.35125 0.87965 0.35 0.87965 0.34375
1 0.9079599999999999 0.34375 0.9008800000000001 0.34375 0.89735 0.34625 0.8991199999999999 0.35125 0.90442 0.35125 0.9079599999999999 0.35 0.9079599999999999 0.34375
1 0.93097 0.35125 0.9380499999999999 0.35125 0.94159 0.34875 0.9398199999999999 0.34375 0.9345100000000001 0.34375 0.93097 0.34500000000000003 0.9292 0.34750000000000003 0.93097 0.35125
1 0.97345 0.34750000000000003 0.96283 0.34875 0.96106 0.35125 0.96283 0.355 0.9699099999999999 0.355 0.97345 0.3525 0.97345 0.34750000000000003
1 0.16991 0.4225 0.17345 0.42000000000000004 0.17345 0.41624999999999995 0.16991 0.41500000000000004 0.16637 0.41624999999999995 0.1646 0.41624999999999995 0.1646 0.4225 0.16991 0.4225
1 0.23009 0.43624999999999997 0.23363 0.43499999999999994 0.23363 0.42874999999999996 0.23009 0.42874999999999996 0.22477999999999998 0.4325 0.22654999999999997 0.43624999999999997 0.23009 0.43624999999999997
1 0.09735 0.4225 0.10088 0.42000000000000004 0.10088 0.41500000000000004 0.09381 0.41500000000000004 0.09026999999999999 0.4175 0.09204 0.4225 0.09735 0.4225
1 0.14336 0.4225 0.13451 0.42374999999999996 0.13628 0.43 0.14336 0.42874999999999996 0.14513 0.42625 0.14336 0.4225
1 0.20354 0.42874999999999996 0.20708000000000001 0.42874999999999996 0.20708000000000001 0.42125 0.19823 0.4225 0.19646 0.425 0.19823 0.43 0.20177 0.43 0.20354 0.42874999999999996
1 0.32035 0.43624999999999997 0.32389 0.43624999999999997 0.32743 0.43499999999999994 0.32743 0.42874999999999996 0.32212 0.42874999999999996 0.31858 0.43125 0.31681 0.43375 0.32035 0.43624999999999997
1 0.35575 0.43375 0.35752 0.43125 0.35575 0.42874999999999996 0.35221 0.42874999999999996 0.34867 0.43 0.3469 0.43499999999999994 0.35575 0.43375
1 0.38938 0.43875000000000003 0.39115 0.43499999999999994 0.38761 0.4325 0.38053 0.43499999999999994 0.3823 0.44000000000000006 0.38584 0.44000000000000006 0.38938 0.43875000000000003
1 0.41769999999999996 0.43624999999999997 0.41239 0.43624999999999997 0.40885 0.4425 0.41769999999999996 0.4425 0.41947 0.44000000000000006 0.41769999999999996 0.43624999999999997
1 0.28142 0.4325 0.28496 0.43 0.28319 0.42625 0.27788 0.42625 0.27434 0.42874999999999996 0.27434 0.4325 0.28142 0.4325
1 0.48319 0.43375 0.48141999999999996 0.42874999999999996 0.47257 0.43 0.4708 0.4325 0.4708 0.43624999999999997 0.48141999999999996 0.43624999999999997 0.48319 0.43375
1 0.83186 0.43 0.83009 0.42625 0.82478 0.42625 0.8212400000000001 0.42874999999999996 0.82301 0.4325 0.8283200000000001 0.4325 0.83186 0.43
1 0.8584099999999999 0.4325 0.86195 0.43 0.8601800000000001 0.42625 0.85487 0.42625 0.8513299999999999 0.42874999999999996 0.8513299999999999 0.4325 0.8584099999999999 0.4325
1 0.88673 0.44000000000000006 0.8902699999999999 0.4375 0.8885 0.4325 0.8831899999999999 0.43375 0.87965 0.43624999999999997 0.88142 0.44000000000000006 0.88673 0.44000000000000006
1 0.91504 0.44000000000000006 0.9185800000000001 0.43875000000000003 0.9185800000000001 0.43375 0.91504 0.4325 0.9115 0.43375 0.9115 0.44000000000000006 0.91504 0.44000000000000006
1 0.94336 0.44000000000000006 0.9469 0.43875000000000003 0.9486700000000001 0.43499999999999994 0.94513 0.4325 0.94159 0.43375 0.9398199999999999 0.43375 0.9398199999999999 0.44000000000000006 0.94336 0.44000000000000006
1 0.97699 0.43499999999999994 0.97876 0.4325 0.97699 0.42874999999999996 0.97345 0.42874999999999996 0.9699099999999999 0.43 0.9716799999999999 0.43624999999999997 0.97699 0.43499999999999994
1 0.71504 0.41875 0.7115 0.42125 0.7115 0.425 0.72212 0.42374999999999996 0.72212 0.41875 0.71504 0.41875
1 0.75398 0.4225 0.75398 0.42000000000000004 0.75044 0.41875 0.74336 0.41875 0.74159 0.42125 0.74336 0.42625 0.74867 0.42625 0.75398 0.4225
1 0.77522 0.42374999999999996 0.77345 0.42625 0.77345 0.42874999999999996 0.7823 0.42874999999999996 0.78584 0.42625 0.78407 0.4225 0.77522 0.42374999999999996
1 0.09735 0.50125 0.0885 0.5025000000000001 0.0885 0.5075000000000001 0.09381 0.5075000000000001 0.09735 0.505 0.09735 0.50125
1 0.12743 0.50125 0.11857999999999999 0.5025000000000001 0.11681 0.505 0.11857999999999999 0.5075000000000001 0.12388999999999999 0.5075000000000001 0.12743 0.505 0.12743 0.50125
1 0.15221 0.4925 0.15575 0.48875 0.15398 0.48624999999999996 0.15044 0.48624999999999996 0.1469 0.4875 0.14513 0.4925 0.15221 0.4925
1 0.17876 0.49375 0.1823 0.4925 0.18407 0.48875 0.18053 0.48624999999999996 0.17699 0.48624999999999996 0.17345 0.48875 0.17522 0.49375 0.17876 0.49375
1 0.20708000000000001 0.4925 0.21061999999999997 0.49000000000000005 0.20884999999999998 0.48624999999999996 0.20531000000000002 0.48624999999999996 0.20177 0.4875 0.20177 0.49375 0.20708000000000001 0.4925
1 0.23363 0.49749999999999994 0.24070999999999998 0.495 0.23894 0.49000000000000005 0.2354 0.49000000000000005 0.23186 0.49124999999999996 0.23009 0.49625 0.23363 0.49749999999999994
1 0.2885 0.49874999999999997 0.28673000000000004 0.49375 0.28319 0.49375 0.27965 0.49625 0.27965 0.5 0.2885 0.49874999999999997
1 0.36283 0.51125 0.36637 0.51125 0.36991 0.51 0.37168 0.5075000000000001 0.36991 0.5037499999999999 0.36637 0.5037499999999999 0.36283 0.505 0.36106 0.5075000000000001 0.36283 0.51125
1 0.53982 0.49749999999999994 0.5380499999999999 0.49375 0.53274 0.49375 0.5292 0.49625 0.53097 0.5 0.5380499999999999 0.5 0.53982 0.49749999999999994
1 0.57168 0.49749999999999994 0.5699099999999999 0.49375 0.5646 0.49375 0.56106 0.49625 0.56283 0.5 0.56814 0.5 0.57168 0.49749999999999994
1 0.6017699999999999 0.50125 0.6 0.49749999999999994 0.59469 0.49749999999999994 0.5911500000000001 0.5 0.59292 0.5037499999999999 0.59823 0.5037499999999999 0.6017699999999999 0.50125
1 0.63717 0.49625 0.64602 0.495 0.64779 0.4925 0.64425 0.49000000000000005 0.64071 0.49124999999999996 0.6389400000000001 0.49124999999999996 0.63717 0.49625
1 0.6708000000000001 0.49749999999999994 0.67434 0.49625 0.67434 0.49000000000000005 0.6708000000000001 0.49124999999999996 0.66903 0.49124999999999996 0.66726 0.49625 0.6708000000000001 0.49749999999999994
1 0.70265 0.5025000000000001 0.70442 0.49749999999999994 0.69558 0.49749999999999994 0.69381 0.5 0.69381 0.5037499999999999 0.69912 0.5037499999999999 0.70265 0.5025000000000001
1 0.72743 0.49749999999999994 0.73097 0.49625 0.73274 0.4925 0.7292 0.49000000000000005 0.72566 0.49124999999999996 0.72389 0.49124999999999996 0.72212 0.49625 0.72743 0.49749999999999994
1 0.75929 0.49749999999999994 0.75044 0.49874999999999997 0.74867 0.50125 0.75044 0.5037499999999999 0.75575 0.5037499999999999 0.75929 0.50125 0.75929 0.49749999999999994
1 0.78053 0.51125 0.78407 0.51125 0.78761 0.51 0.78761 0.5037499999999999 0.78407 0.505 0.7823 0.505 0.78053 0.50625 0.78053 0.51125
1 0.83186 0.50625 0.83363 0.5037499999999999 0.83363 0.50125 0.8265499999999999 0.50125 0.82301 0.505 0.8283200000000001 0.5075000000000001 0.83186 0.50625
1 0.8584099999999999 0.51125 0.86195 0.50875 0.86195 0.5037499999999999 0.85664 0.5037499999999999 0.8531000000000001 0.505 0.8531000000000001 0.51125 0.8584099999999999 0.51125
1 0.8902699999999999 0.50875 0.8885 0.5037499999999999 0.8849600000000001 0.5037499999999999 0.87965 0.5075000000000001 0.87965 0.51 0.8902699999999999 0.50875
1 0.9079599999999999 0.50875 0.9115 0.51125 0.91504 0.51125 0.9185800000000001 0.50875 0.9168100000000001 0.5037499999999999 0.91327 0.505 0.9115 0.505 0.90973 0.50625 0.9079599999999999 0.50875
1 0.94513 0.515 0.9486700000000001 0.5125 0.9486700000000001 0.5075000000000001 0.94336 0.5075000000000001 0.9380499999999999 0.5125 0.94159 0.515 0.94513 0.515
1 0.97699 0.50875 0.97699 0.5037499999999999 0.97345 0.505 0.96814 0.50625 0.96814 0.51 0.97699 0.50875
1 0.41947 0.5725 0.40885 0.57375 0.40885 0.57875 0.41593 0.57875 0.41947 0.57625 0.41947 0.5725
1 0.46372 0.58 0.46372 0.57625 0.45487 0.57625 0.45309999999999995 0.57875 0.45487 0.5825 0.46018 0.5825 0.46372 0.58
1 0.49027000000000004 0.5825 0.49381 0.58 0.49381 0.57625 0.48673 0.57625 0.48319 0.57875 0.48495999999999995 0.5825 0.49027000000000004 0.5825
1 0.52035 0.57625 0.5115000000000001 0.5775 0.50973 0.58 0.5115000000000001 0.5825 0.51681 0.5825 0.5221199999999999 0.57875 0.52035 0.57625
1 0.54867 0.57625 0.53982 0.5775 0.53982 0.5825 0.54513 0.5825 0.54867 0.58 0.54867 0.57625
1 0.57168 0.5825 0.5752200000000001 0.58125 0.57699 0.57875 0.5752200000000001 0.575 0.57168 0.575 0.56814 0.57625 0.56814 0.5825 0.57168 0.5825
1 0.60531 0.585 0.6070800000000001 0.5825 0.6070800000000001 0.57875 0.6017699999999999 0.57875 0.59823 0.58 0.59646 0.585 0.60531 0.585
1 0.67788 0.57875 0.67611 0.57625 0.66726 0.5775 0.6654899999999999 0.58 0.66903 0.5825 0.67257 0.5825 0.67611 0.58125 0.67788 0.57875
1 0.64602 0.57625 0.63717 0.5775 0.6354 0.58 0.63717 0.5825 0.64248 0.5825 0.64779 0.57875 0.64602 0.57625
1 0.7292 0.5675 0.73274 0.5650000000000001 0.73097 0.56125 0.72566 0.56125 0.72212 0.56375 0.72212 0.5675 0.7292 0.5675
1 0.32743 0.56875 0.32035 0.56875 0.31681 0.5700000000000001 0.31858 0.575 0.32566 0.575 0.3292 0.5725 0.32743 0.56875
1 0.35221 0.57625 0.35575 0.575 0.35752 0.5700000000000001 0.35575 0.5675 0.35044 0.5675 0.34513 0.57125 0.3469 0.57625 0.35221 0.57625
1 0.38761 0.56875 0.38053 0.56875 0.37699 0.5700000000000001 0.37699 0.575 0.38584 0.575 0.38938 0.5725 0.38761 0.56875
1 0.70088 0.56875 0.70442 0.5662499999999999 0.70442 0.56125 0.6973499999999999 0.56125 0.69204 0.5662499999999999 0.69558 0.56875 0.70088 0.56875
1 0.75575 0.5675 0.75929 0.5650000000000001 0.75929 0.56125 0.75398 0.56125 0.75044 0.5625 0.75044 0.5675 0.75575 0.5675
1 0.9238899999999999 0.58375 0.9238899999999999 0.57875 0.9185800000000001 0.57875 0.91504 0.58 0.91504 0.585 0.9238899999999999 0.58375
1 0.78938 0.5650000000000001 0.78053 0.5662499999999999 0.77876 0.56875 0.78053 0.5725 0.78584 0.5725 0.79115 0.56875 0.78938 0.5650000000000001
1 0.8371700000000001 0.575 0.84071 0.5725 0.84071 0.56875 0.83363 0.56875 0.83009 0.5700000000000001 0.83009 0.575 0.8371700000000001 0.575
1 0.14513 0.6487499999999999 0.14513 0.64375 0.13628 0.64375 0.13451 0.64625 0.13628 0.65 0.14159 0.65 0.14513 0.6487499999999999
1 0.17345 0.64375 0.16283 0.645 0.16283 0.65 0.17168 0.65 0.17345 0.6475 0.17345 0.64375
1 0.19646 0.65125 0.20177 0.65 0.20354 0.6475 0.20177 0.6425 0.19646 0.6425 0.19292 0.645 0.19292 0.6487499999999999 0.19646 0.65125
1 0.23717000000000002 0.6487499999999999 0.23717000000000002 0.645 0.23363 0.6425 0.22654999999999997 0.64375 0.22477999999999998 0.64625 0.22654999999999997 0.65 0.23186 0.65 0.23363 0.6487499999999999 0.23717000000000002 0.6487499999999999
1 0.27610999999999997 0.64375 0.28142 0.64 0.27965 0.63625 0.27434 0.63625 0.26903 0.64125 0.27257 0.64375 0.27610999999999997 0.64375
1 0.30265 0.64375 0.30619 0.64375 0.30973 0.6425 0.3115 0.64 0.30973 0.63625 0.30442 0.63625 0.30088 0.6375 0.29912 0.64125 0.30265 0.64375
1 0.35929 0.63625 0.35575 0.63875 0.35752 0.6425 0.36637 0.64125 0.3646 0.63625 0.35929 0.63625
1 0.42301 0.63625 0.41416000000000003 0.6375 0.41416000000000003 0.6425 0.41947 0.6425 0.42301 0.64125 0.42478 0.63875 0.42301 0.63625
1 0.32743 0.64625 0.3292 0.65 0.33451 0.65 0.33982 0.645 0.33628 0.6425 0.33274 0.6425 0.3292 0.64375 0.32743 0.64625
1 0.39469 0.6475 0.39469 0.645 0.39115 0.6425 0.38407 0.6425 0.3823 0.645 0.38407 0.65 0.39115 0.65 0.39469 0.6475
1 0.46195 0.64625 0.46548999999999996 0.64375 0.46548999999999996 0.64 0.45841000000000004 0.64 0.45487 0.6425 0.45487 0.64625 0.46195 0.64625
1 0.4885 0.6475 0.49204 0.645 0.49204 0.64 0.48495999999999995 0.64 0.48141999999999996 0.6425 0.48141999999999996 0.6475 0.4885 0.6475
1 0.5061899999999999 0.6537499999999999 0.51327 0.6537499999999999 0.51858 0.65 0.51681 0.64625 0.5115000000000001 0.64625 0.50796 0.6487499999999999 0.5061899999999999 0.65125 0.5061899999999999 0.6537499999999999
1 0.54159 0.65 0.54513 0.6475 0.5433600000000001 0.6425 0.53628 0.64375 0.53451 0.64625 0.53628 0.65 0.54159 0.65
1 0.57168 0.64 0.56106 0.64125 0.56283 0.6475 0.56637 0.6475 0.5699099999999999 0.64625 0.57168 0.64
1 0.6 0.65 0.59823 0.64625 0.58938 0.6475 0.58761 0.65 0.58761 0.6537499999999999 0.59646 0.6537499999999999 0.6 0.65
1 0.70088 0.6475 0.69912 0.6425 0.69381 0.6425 0.6885 0.6475 0.69027 0.65 0.69912 0.65 0.70088 0.6475
1 0.87611 0.64375 0.87965 0.64 0.87788 0.63625 0.8708 0.63625 0.8672599999999999 0.63875 0.8672599999999999 0.6425 0.8708 0.64375 0.87611 0.64375
1 0.9079599999999999 0.6425 0.90973 0.64 0.9079599999999999 0.63625 0.8991199999999999 0.6375 0.89735 0.64 0.89735 0.6425 0.9008800000000001 0.64375 0.9079599999999999 0.6425
1 0.9380499999999999 0.6475 0.94159 0.64625 0.94336 0.64375 0.94159 0.63875 0.93628 0.63875 0.9327400000000001 0.64125 0.9345100000000001 0.6475 0.9380499999999999 0.6475
1 0.9646000000000001 0.65 0.9716799999999999 0.65 0.97522 0.6475 0.97345 0.6425 0.9699099999999999 0.6425 0.9663700000000001 0.64375 0.9646000000000001 0.645 0.9646000000000001 0.65
1 0.12743 0.705 0.12566 0.7075 0.12566 0.71 0.1292 0.7112499999999999 0.13628 0.70875 0.13805 0.705 0.12743 0.705
1 0.10264999999999999 0.7112499999999999 0.10619 0.71 0.10619 0.70375 0.10088 0.70375 0.09735 0.70625 0.09735 0.7112499999999999 0.10264999999999999 0.7112499999999999
1 0.1823 0.70875 0.18407 0.7112499999999999 0.19292 0.70875 0.19469 0.705 0.19115 0.70375 0.18761 0.70375 0.18407 0.705 0.1823 0.70875
1 0.16106 0.7112499999999999 0.16637 0.7075 0.1646 0.70375 0.15752 0.70375 0.15398 0.70625 0.15575 0.7112499999999999 0.16106 0.7112499999999999
1 0.21061999999999997 0.7112499999999999 0.21416 0.7112499999999999 0.2177 0.71 0.22124000000000002 0.7075 0.21947 0.70375 0.21416 0.70375 0.21061999999999997 0.705 0.20884999999999998 0.70875 0.21061999999999997 0.7112499999999999
1 0.24602 0.71375 0.24956 0.7112499999999999 0.24779 0.7075 0.24247999999999997 0.7075 0.23894 0.71 0.23894 0.71375 0.24602 0.71375
1 0.29027 0.7125 0.29203999999999997 0.70875 0.28496 0.7075 0.28142 0.70875 0.28142 0.71375 0.29027 0.7125
1 0.31681 0.7150000000000001 0.32035 0.71375 0.32212 0.7075 0.31681 0.7075 0.31327 0.70875 0.31327 0.71375 0.31681 0.7150000000000001
1 0.34513 0.7150000000000001 0.34867 0.7150000000000001 0.35221 0.7125 0.35221 0.7075 0.3469 0.7075 0.34336 0.70875 0.34159 0.7125 0.34513 0.7150000000000001
1 0.37345 0.7075 0.37876 0.7075 0.3823 0.70625 0.3823 0.7 0.37699 0.7 0.37345 0.70125 0.37168 0.70375 0.37345 0.7075
1 0.42478 0.70375 0.41769999999999996 0.70375 0.41416000000000003 0.70625 0.41593 0.7112499999999999 0.42478 0.71 0.42655000000000004 0.7075 0.42478 0.70375
1 0.4708 0.7150000000000001 0.46902999999999995 0.7112499999999999 0.46372 0.7112499999999999 0.46018 0.71375 0.46195 0.7175 0.46726 0.7175 0.4708 0.7150000000000001
1 0.51504 0.72375 0.51504 0.7175 0.5115000000000001 0.71875 0.50973 0.71875 0.51327 0.72375 0.51504 0.72375
1 0.5469 0.72 0.5433600000000001 0.7175 0.53628 0.72 0.53982 0.725 0.5433600000000001 0.72375 0.5469 0.72
1 0.5752200000000001 0.72375 0.57876 0.72 0.5752200000000001 0.7175 0.57168 0.71875 0.5699099999999999 0.71875 0.57168 0.725 0.5752200000000001 0.72375
1 0.59646 0.7162499999999999 0.59823 0.7212500000000001 0.60531 0.72 0.60531 0.7150000000000001 0.59646 0.7162499999999999
1 0.64248 0.7125 0.64248 0.7175 0.64779 0.7175 0.65133 0.7150000000000001 0.6531 0.7125 0.64248 0.7125
1 0.67611 0.7175 0.67965 0.7150000000000001 0.67965 0.7112499999999999 0.67434 0.7112499999999999 0.6708000000000001 0.7125 0.6708000000000001 0.7175 0.67611 0.7175
1 0.70619 0.7162499999999999 0.70619 0.7112499999999999 0.70088 0.7112499999999999 0.6973499999999999 0.7125 0.70088 0.7175 0.70619 0.7162499999999999
1 0.73274 0.71 0.73628 0.7075 0.73451 0.70375 0.7292 0.70375 0.72566 0.705 0.7292 0.7112499999999999 0.73274 0.71
1 0.7646 0.70875 0.76283 0.70375 0.75752 0.70375 0.75398 0.705 0.75752 0.7112499999999999 0.7646 0.70875
1 0.78053 0.71375 0.78761 0.71375 0.79115 0.7112499999999999 0.78938 0.7075 0.78584 0.7075 0.7823 0.70875 0.78053 0.7112499999999999 0.78053 0.71375
1 0.83009 0.7175 0.83363 0.7162499999999999 0.83363 0.7112499999999999 0.8283200000000001 0.7112499999999999 0.82478 0.71375 0.82478 0.7175 0.83009 0.7175
1 0.86372 0.7150000000000001 0.8531000000000001 0.7162499999999999 0.8531000000000001 0.7212500000000001 0.8601800000000001 0.7212500000000001 0.86372 0.71875 0.86372 0.7150000000000001
1 0.89204 0.71875 0.89204 0.7150000000000001 0.8831899999999999 0.7150000000000001 0.88142 0.7175 0.8831899999999999 0.7212500000000001 0.8885 0.7212500000000001 0.89204 0.71875
1 0.9185800000000001 0.7150000000000001 0.90973 0.7162499999999999 0.90973 0.7212500000000001 0.91504 0.7212500000000001 0.9185800000000001 0.72 0.9185800000000001 0.7150000000000001
1 0.9469 0.7150000000000001 0.9380499999999999 0.7162499999999999 0.9380499999999999 0.7212500000000001 0.94336 0.7212500000000001 0.9469 0.71875 0.9469 0.7150000000000001
1 0.97522 0.72375 0.97876 0.72 0.97522 0.7175 0.9716799999999999 0.71875 0.9699099999999999 0.71875 0.9716799999999999 0.725 0.97522 0.72375
1 0.13451 0.79875 0.13628 0.79375 0.13274 0.7925 0.12743 0.79375 0.12566 0.79625 0.12743 0.8 0.13097 0.8 0.13451 0.79875
1 0.24602 0.7825 0.23717000000000002 0.7837500000000001 0.23717000000000002 0.7887500000000001 0.24425 0.7887500000000001 0.24779 0.78625 0.24602 0.7825
1 0.09912 0.8 0.10442 0.8 0.10973 0.79625 0.10795999999999999 0.7925 0.10088 0.7925 0.09735 0.795 0.09735 0.7975 0.09912 0.8
1 0.15575 0.8 0.15929 0.8 0.16283 0.79875 0.1646 0.795 0.16106 0.7925 0.15752 0.7925 0.15398 0.79375 0.15221 0.79875 0.15575 0.8
1 0.19115 0.7925 0.18584 0.7925 0.1823 0.79375 0.1823 0.8 0.19115 0.8 0.19292 0.7975 0.19115 0.7925
1 0.21061999999999997 0.79 0.21947 0.7887500000000001 0.22124000000000002 0.78625 0.21947 0.78125 0.21593 0.78125 0.21239 0.7825 0.20884999999999998 0.7849999999999999 0.21061999999999997 0.79
1 0.50442 0.79 0.5061899999999999 0.7925 0.5115000000000001 0.7925 0.51504 0.78625 0.5061899999999999 0.7875 0.50442 0.79
1 0.5433600000000001 0.78625 0.53451 0.7875 0.53451 0.7925 0.53982 0.7925 0.5433600000000001 0.79125 0.5433600000000001 0.78625
1 0.57345 0.79625 0.57699 0.795 0.57876 0.7925 0.57876 0.79 0.57345 0.7887500000000001 0.5699099999999999 0.79 0.56814 0.79625 0.57345 0.79625
1 0.6 0.8 0.60531 0.79625 0.60354 0.7925 0.59823 0.7925 0.59469 0.795 0.59469 0.8 0.6 0.8
1 0.3115 0.79 0.3115 0.7875 0.30973 0.7849999999999999 0.30265 0.7849999999999999 0.29735 0.7887500000000001 0.29912 0.7925 0.30796 0.7925 0.3115 0.79
1 0.6548700000000001 0.7849999999999999 0.65841 0.78125 0.65664 0.7787499999999999 0.6495599999999999 0.7787499999999999 0.64602 0.78125 0.6495599999999999 0.78625 0.6548700000000001 0.7849999999999999
1 0.74867 0.7849999999999999 0.75398 0.78125 0.75221 0.7787499999999999 0.74513 0.7787499999999999 0.74159 0.78125 0.74336 0.7849999999999999 0.74867 0.7849999999999999
1 0.77699 0.7837500000000001 0.77699 0.7887500000000001 0.78584 0.7875 0.78584 0.7825 0.77699 0.7837500000000001
1 0.8672599999999999 0.7887500000000001 0.8708 0.78625 0.8690300000000001 0.7825 0.86549 0.78125 0.86195 0.7825 0.8601800000000001 0.7887500000000001 0.8672599999999999 0.7887500000000001
1 0.92743 0.7825 0.93097 0.78125 0.93097 0.775 0.92566 0.775 0.9221199999999999 0.7775000000000001 0.9221199999999999 0.7825 0.92743 0.7825
1 0.72212 0.78 0.71858 0.7787499999999999 0.71327 0.7787499999999999 0.70973 0.78125 0.7115 0.7849999999999999 0.71681 0.7849999999999999 0.72035 0.7837500000000001 0.72212 0.78
1 0.83363 0.7887500000000001 0.8371700000000001 0.78625 0.8353999999999999 0.78125 0.83009 0.78125 0.8265499999999999 0.7837500000000001 0.8265499999999999 0.7887500000000001 0.83363 0.7887500000000001
1 0.8991199999999999 0.7787499999999999 0.8902699999999999 0.78 0.89204 0.78625 0.89558 0.78625 0.9008800000000001 0.7825 0.8991199999999999 0.7787499999999999
1 0.9716799999999999 0.7787499999999999 0.96283 0.78 0.96283 0.7849999999999999 0.9699099999999999 0.7849999999999999 0.97345 0.7825 0.9716799999999999 0.7787499999999999
1 0.10795999999999999 0.86 0.10442 0.8612500000000001 0.10264999999999999 0.8612500000000001 0.10619 0.86625 0.1115 0.865 0.1115 0.8612500000000001 0.10795999999999999 0.86
1 0.20354 0.875 0.20708000000000001 0.87375 0.20708000000000001 0.8675 0.20177 0.8675 0.19823 0.8699999999999999 0.2 0.875 0.20354 0.875
1 0.23894 0.8712500000000001 0.24247999999999997 0.86875 0.24070999999999998 0.8637499999999999 0.2354 0.8637499999999999 0.23186 0.86625 0.23186 0.8712500000000001 0.23894 0.8712500000000001
1 0.16991 0.87375 0.17345 0.8712500000000001 0.17168 0.8675 0.16637 0.8675 0.16283 0.86875 0.16283 0.87375 0.16991 0.87375
1 0.28496 0.86 0.27965 0.8625 0.27788 0.865 0.27965 0.8675 0.28319 0.8675 0.28673000000000004 0.86625 0.2885 0.8612500000000001 0.28496 0.86
1 0.31858 0.8612500000000001 0.31327 0.86 0.30796 0.8625 0.3115 0.8675 0.31504 0.86625 0.31858 0.8637499999999999 0.31858 0.8612500000000001
1 0.33805 0.8675 0.34513 0.865 0.34336 0.86 0.33982 0.86 0.33628 0.8612500000000001 0.33451 0.8675 0.33805 0.8675
1 0.36637 0.85 0.36283 0.8525 0.36283 0.85625 0.37345 0.8550000000000001 0.37168 0.85 0.36637 0.85
1 0.39823 0.86 0.40354 0.85625 0.40176999999999996 0.85375 0.39469 0.85375 0.39115 0.85625 0.39115 0.86 0.39823 0.86
1 0.46548999999999996 0.86 0.47257 0.86 0.47788 0.85625 0.47257 0.8525 0.46726 0.85375 0.46372 0.8574999999999999 0.46548999999999996 0.86
1 0.53628 0.85375 0.52566 0.8550000000000001 0.5274300000000001 0.86 0.53274 0.86 0.53628 0.8574999999999999 0.53628 0.85375
1 0.57168 0.8550000000000001 0.5699099999999999 0.85 0.5646 0.85 0.56106 0.8525 0.5592900000000001 0.85625 0.57168 0.8550000000000001
1 0.60354 0.85375 0.59646 0.85375 0.59292 0.8550000000000001 0.59469 0.86 0.6 0.86 0.60531 0.85625 0.60354 0.85375
1 0.65133 0.8574999999999999 0.64248 0.85875 0.64071 0.8612500000000001 0.64248 0.8637499999999999 0.64779 0.8637499999999999 0.6531 0.86 0.65133 0.8574999999999999
1 0.67611 0.86625 0.67965 0.8637499999999999 0.67965 0.8612500000000001 0.67611 0.86 0.66903 0.8625 0.67257 0.8675 0.67611 0.86625
1 0.70265 0.8675 0.70619 0.86625 0.70973 0.8637499999999999 0.70973 0.8612500000000001 0.70619 0.86 0.70265 0.8612500000000001 0.70088 0.8612500000000001 0.70265 0.8675
1 0.73097 0.8712500000000001 0.73451 0.8699999999999999 0.73628 0.8675 0.73451 0.8637499999999999 0.7292 0.8637499999999999 0.72566 0.86625 0.72743 0.8712500000000001 0.73097 0.8712500000000001
1 0.75752 0.86625 0.76283 0.865 0.76106 0.86 0.75752 0.86 0.75398 0.8612500000000001 0.75221 0.8637499999999999 0.75752 0.86625
1 0.78938 0.8675 0.7823 0.86875 0.78053 0.8712500000000001 0.78053 0.87375 0.78761 0.87375 0.79115 0.8724999999999999 0.78938 0.8675
1 0.84956 0.875 0.85487 0.8724999999999999 0.85487 0.86875 0.8531000000000001 0.86625 0.84779 0.86625 0.8424799999999999 0.8699999999999999 0.8442500000000001 0.875 0.84956 0.875
1 0.42123999999999995 0.85 0.41769999999999996 0.8525 0.41769999999999996 0.85625 0.42832 0.8550000000000001 0.42832 0.85 0.42123999999999995 0.85
0 0.26726 0.1125 0.26726 0.10874999999999999 0.26372 0.1075 0.25487000000000004 0.1075 0.24602 0.10500000000000001 0.24247999999999997 0.10625 0.24425 0.11000000000000001 0.2531 0.11000000000000001 0.26372 0.1125 0.26726 0.1125
0 0.21593 0.1075 0.20354 0.10625 0.19292 0.10625 0.19469 0.11000000000000001 0.20531000000000002 0.11125 0.21947 0.11000000000000001 0.21593 0.1075
0 0.31504 0.11125 0.30088 0.10625 0.29558 0.10625 0.29735 0.11000000000000001 0.31327 0.11499999999999999 0.31681 0.11499999999999999 0.31504 0.11125
0 0.5469 0.11125 0.5380499999999999 0.11125 0.5292 0.11000000000000001 0.5274300000000001 0.10874999999999999 0.5221199999999999 0.10874999999999999 0.52389 0.11374999999999999 0.54159 0.11625 0.54867 0.11625 0.5469 0.11125
0 0.59292 0.11625 0.59823 0.11625 0.59646 0.11125 0.58761 0.11125 0.57699 0.10874999999999999 0.57168 0.11000000000000001 0.57345 0.11374999999999999 0.5823 0.11374999999999999 0.5911500000000001 0.11499999999999999 0.59292 0.11625
0 0.64425 0.12 0.64425 0.11499999999999999 0.64248 0.11499999999999999 0.6389400000000001 0.1125 0.6354 0.11125 0.63009 0.11000000000000001 0.62478 0.11000000000000001 0.62655 0.11374999999999999 0.6336299999999999 0.11625 0.63717 0.11625 0.64425 0.12
0 0.43716999999999995 0.11875 0.45487 0.11875 0.46548999999999996 0.11750000000000001 0.46726 0.11625 0.47257 0.11625 0.47257 0.1125 0.46018 0.1125 0.44779 0.11499999999999999 0.43716999999999995 0.11499999999999999 0.43716999999999995 0.11875
0 0.76814 0.12 0.7646 0.12 0.7646 0.12375 0.77345 0.12375 0.7823 0.12125 0.79292 0.12125 0.79469 0.12 0.8 0.12 0.8 0.11625 0.78938 0.11625 0.78761 0.11750000000000001 0.77522 0.11750000000000001 0.76814 0.12
0 0.8743399999999999 0.12 0.87965 0.12 0.87965 0.11499999999999999 0.87611 0.11499999999999999 0.8743399999999999 0.11374999999999999 0.8584099999999999 0.1125 0.8513299999999999 0.1125 0.8513299999999999 0.11625 0.85487 0.11750000000000001 0.8672599999999999 0.11750000000000001 0.8743399999999999 0.12
0 0.5115000000000001 0.19125 0.5115000000000001 0.195 0.53982 0.195 0.53982 0.19125 0.5115000000000001 0.19125
0 0.72212 0.1875 0.72212 0.18375 0.69558 0.1875 0.72212 0.1875
0 0.75575 0.18375 0.75575 0.1875 0.78407 0.1875 0.78407 0.18375 0.75575 0.18375
0 0.84779 0.21625 0.8513299999999999 0.215 0.84956 0.21125 0.84602 0.21125 0.8353999999999999 0.2125 0.82478 0.21125 0.8212400000000001 0.21125 0.8212400000000001 0.215 0.82478 0.215 0.8265499999999999 0.21625 0.84779 0.21625
0 0.8885 0.21625 0.90442 0.21625 0.9079599999999999 0.215 0.9079599999999999 0.21125 0.88142 0.21000000000000002 0.87965 0.215 0.88673 0.215 0.8885 0.21625
0 0.9663700000000001 0.21125 0.93628 0.21125 0.93628 0.215 0.9663700000000001 0.21125
0 0.40708 0.29 0.39292 0.2875 0.3823 0.28625 0.37699 0.28625 0.37876 0.29125 0.38584 0.2925 0.39646 0.29375 0.40708 0.29
0 0.45309999999999995 0.29375 0.45309999999999995 0.2975 0.48319 0.2975 0.48319 0.29375 0.45309999999999995 0.29375
0 0.50973 0.29375 0.50973 0.2975 0.5380499999999999 0.2975 0.5380499999999999 0.29375 0.50973 0.29375
0 0.58053 0.3 0.5911500000000001 0.30125 0.59646 0.3 0.59646 0.29625 0.59292 0.29625 0.5911500000000001 0.29500000000000004 0.57876 0.29500000000000004 0.57699 0.29375 0.56637 0.29375 0.56637 0.2975 0.5699099999999999 0.29874999999999996 0.57876 0.29874999999999996 0.58053 0.3
0 0.6354 0.29500000000000004 0.63717 0.2975 0.6654899999999999 0.2975 0.66726 0.29500000000000004 0.6354 0.29500000000000004
0 0.72212 0.3 0.72212 0.29625 0.71504 0.29625 0.70442 0.29375 0.69381 0.2975 0.6973499999999999 0.29874999999999996 0.70619 0.3 0.71681 0.30125 0.72212 0.3
0 0.77345 0.2975 0.77876 0.29625 0.77876 0.29375 0.77522 0.2925 0.76637 0.2925 0.75752 0.29125 0.75575 0.29 0.74867 0.29125 0.74867 0.29375 0.75221 0.29500000000000004 0.76106 0.29625 0.77345 0.2975
0 0.34513 0.29375 0.34513 0.29 0.31858 0.29375 0.34513 0.29375
0 0.39469 0.33999999999999997 0.40708 0.33875 0.40885 0.3375 0.41593 0.3375 0.41593 0.33375 0.4 0.33375 0.38761 0.335 0.3823 0.33999999999999997 0.39469 0.33999999999999997
0 0.2354 0.33625 0.2354 0.33125 0.22832 0.33125 0.20531000000000002 0.3325 0.20531000000000002 0.33625 0.2354 0.33625
0 0.58053 0.36875 0.58761 0.3675 0.58761 0.365 0.58407 0.36375 0.57699 0.3625 0.56637 0.36124999999999996 0.5539799999999999 0.36124999999999996 0.55575 0.365 0.56106 0.36625 0.5699099999999999 0.3675 0.58053 0.36875
0 0.89735 0.37124999999999997 0.89735 0.36875 0.8672599999999999 0.36875 0.8690300000000001 0.37124999999999997 0.87257 0.3725 0.89381 0.3725 0.89735 0.37124999999999997
0 0.9504400000000001 0.375 0.96283 0.375 0.96106 0.37124999999999997 0.9539799999999999 0.37 0.94513 0.36875 0.93097 0.36875 0.93097 0.3725 0.93628 0.3725 0.9380499999999999 0.37374999999999997 0.9504400000000001 0.375
0 0.22124000000000002 0.45625 0.22477999999999998 0.4575 0.22301 0.4525 0.2177 0.4525 0.2 0.44749999999999995 0.19646 0.44749999999999995 0.19646 0.45 0.2 0.4525 0.21061999999999997 0.45375 0.22124000000000002 0.45625
0 0.3292 0.40875000000000006 0.3292 0.41125 0.35752 0.41125 0.35575 0.40875000000000006 0.3292 0.40875000000000006
0 0.41416000000000003 0.41375 0.40530999999999995 0.4125 0.39469 0.41125 0.39115 0.4125 0.39292 0.41624999999999995 0.41416000000000003 0.41875 0.41769999999999996 0.41500000000000004 0.41416000000000003 0.41375
0 0.77345 0.45 0.77522 0.44749999999999995 0.7646 0.445 0.75575 0.44375 0.74336 0.4425 0.74336 0.44749999999999995 0.75044 0.44875 0.76106 0.45 0.77345 0.45
0 0.8212400000000001 0.45 0.8212400000000001 0.45375 0.8513299999999999 0.45375 0.8513299999999999 0.45 0.8212400000000001 0.45
0 0.91504 0.41125 0.89381 0.41125 0.8902699999999999 0.41500000000000004 0.92035 0.41500000000000004 0.92035 0.4125 0.9168100000000001 0.4125 0.91504 0.41125
0 0.23009 0.51375 0.22124000000000002 0.5125 0.21416 0.51125 0.20177 0.51 0.19823 0.51125 0.2 0.515 0.21416 0.5175 0.23009 0.5175 0.23009 0.51375
0 0.08673 0.5287499999999999 0.11857999999999999 0.52625 0.11504 0.5237499999999999 0.10795999999999999 0.5237499999999999 0.08673 0.525 0.08673 0.5287499999999999
0 0.17168 0.51125 0.14336 0.51125 0.14336 0.515 0.17168 0.51125
0 0.5911500000000001 0.525 0.58938 0.52 0.57876 0.51875 0.5699099999999999 0.51875 0.56814 0.5175 0.56106 0.5175 0.5592900000000001 0.52 0.56283 0.5225 0.57168 0.5237499999999999 0.58407 0.525 0.5911500000000001 0.525
0 0.69558 0.525 0.70265 0.5237499999999999 0.71327 0.52125 0.72035 0.51875 0.72212 0.515 0.71504 0.515 0.70973 0.5175 0.69381 0.52 0.69558 0.525
0 0.77168 0.53125 0.77876 0.53125 0.77876 0.5275000000000001 0.77522 0.5275000000000001 0.77345 0.52625 0.75575 0.5225 0.74867 0.5225 0.75044 0.52625 0.75398 0.5275000000000001 0.7646 0.53 0.77168 0.53125
0 0.6654899999999999 0.51375 0.63717 0.51375 0.6354 0.51625 0.6654899999999999 0.51375
0 0.85487 0.48624999999999996 0.86195 0.48624999999999996 0.86195 0.48250000000000004 0.8584099999999999 0.48125 0.84956 0.48 0.83894 0.47874999999999995 0.83363 0.47874999999999995 0.83363 0.48375 0.84071 0.48375 0.8424799999999999 0.485 0.85487 0.48624999999999996
0 0.8902699999999999 0.48375 0.8902699999999999 0.48624999999999996 0.92035 0.48624999999999996 0.9185800000000001 0.48250000000000004 0.8902699999999999 0.48375
0 0.9486700000000001 0.48875 0.95752 0.49000000000000005 0.95929 0.48875 0.9699099999999999 0.4875 0.97876 0.4875 0.97876 0.48250000000000004 0.9699099999999999 0.48250000000000004 0.95929 0.48375 0.9504400000000001 0.48624999999999996 0.9486700000000001 0.48875
0 0.34513 0.5962500000000001 0.34513 0.5925 0.31858 0.5962500000000001 0.34513 0.5962500000000001
0 0.40885 0.59875 0.40708 0.595 0.39823 0.595 0.38761 0.5925 0.37876 0.5925 0.37699 0.595 0.38053 0.5974999999999999 0.38761 0.5974999999999999 0.39823 0.6 0.40885 0.59875
0 0.47611 0.6 0.46018 0.6 0.45487 0.5974999999999999 0.45487 0.60375 0.48319 0.60375 0.48319 0.59875 0.47611 0.6
0 0.51681 0.6 0.50973 0.59875 0.5115000000000001 0.60375 0.5380499999999999 0.60375 0.5380499999999999 0.5962500000000001 0.53274 0.6 0.5274300000000001 0.6 0.52566 0.59875 0.51681 0.6
0 0.60885 0.5599999999999999 0.6070800000000001 0.5575 0.60354 0.55625 0.59469 0.5549999999999999 0.58407 0.55375 0.57699 0.5549999999999999 0.57699 0.5587500000000001 0.58761 0.5587500000000001 0.6017699999999999 0.56125 0.60885 0.5599999999999999
0 0.64071 0.59875 0.6354 0.6 0.63717 0.60375 0.6654899999999999 0.60375 0.6654899999999999 0.59875 0.64071 0.59875
0 0.77876 0.5925 0.77699 0.58875 0.76991 0.5875 0.76106 0.5862499999999999 0.74867 0.5862499999999999 0.75044 0.5900000000000001 0.75752 0.5912499999999999 0.76637 0.5925 0.77876 0.5925
0 0.13451 0.66875 0.13451 0.67125 0.16283 0.67125 0.16106 0.6675 0.13451 0.66875
0 0.19292 0.6675 0.19469 0.67125 0.22477999999999998 0.67125 0.22477999999999998 0.6675 0.19292 0.6675
0 0.26903 0.6599999999999999 0.26903 0.6637500000000001 0.30265 0.6637500000000001 0.30265 0.6599999999999999 0.26903 0.6599999999999999
0 0.32743 0.6675 0.32743 0.67 0.33451 0.67 0.33982 0.6675 0.3469 0.6675 0.35398 0.665 0.35575 0.6599999999999999 0.35221 0.66125 0.34336 0.6625 0.33805 0.665 0.32743 0.6675
0 0.38761 0.665 0.38053 0.6675 0.38053 0.67125 0.38761 0.67125 0.39469 0.66875 0.40176999999999996 0.66875 0.40708 0.66625 0.41416000000000003 0.665 0.41416000000000003 0.66125 0.40708 0.66125 0.4 0.6625 0.39469 0.665 0.38761 0.665
0 0.50973 0.675 0.5274300000000001 0.6725 0.53274 0.6675 0.5292 0.6675 0.51858 0.66875 0.50796 0.67125 0.50973 0.675
0 0.45487 0.6637500000000001 0.45487 0.6675 0.48141999999999996 0.6675 0.48141999999999996 0.6637500000000001 0.45487 0.6637500000000001
0 0.58761 0.675 0.5858399999999999 0.67 0.5823 0.67 0.57699 0.6675 0.56106 0.6637500000000001 0.5592900000000001 0.66625 0.56283 0.66875 0.57168 0.67125 0.58761 0.675
0 0.8672599999999999 0.6599999999999999 0.8672599999999999 0.6637500000000001 0.8991199999999999 0.6637500000000001 0.8991199999999999 0.6599999999999999 0.8672599999999999 0.6599999999999999
0 0.09735 0.7275 0.09735 0.73125 0.12566 0.73125 0.12566 0.7275 0.09735 0.7275
0 0.16991 0.7275 0.16637 0.7275 0.1646 0.72875 0.16106 0.72875 0.15929 0.7275 0.15398 0.72875 0.15398 0.73125 0.1823 0.73125 0.1823 0.72875 0.16991 0.7275
0 0.23894 0.735 0.23894 0.73125 0.23363 0.73125 0.23186 0.73 0.22301 0.73 0.21416 0.7275 0.20884999999999998 0.7275 0.21061999999999997 0.7325 0.2177 0.73375 0.22832 0.735 0.23894 0.735
0 0.5115000000000001 0.74125 0.5061899999999999 0.74375 0.50796 0.7462500000000001 0.53274 0.7462500000000001 0.53628 0.74375 0.5115000000000001 0.74125
0 0.56814 0.74125 0.57168 0.7462500000000001 0.5823 0.745 0.5911500000000001 0.74375 0.59292 0.7424999999999999 0.59646 0.7424999999999999 0.59646 0.73875 0.59292 0.73875 0.57876 0.74 0.57699 0.74125 0.56814 0.74125
0 0.66903 0.73875 0.66903 0.735 0.64602 0.73375 0.64071 0.73375 0.64071 0.73875 0.66903 0.73875
0 0.78053 0.735 0.78053 0.73125 0.77699 0.73125 0.77522 0.73 0.75752 0.7275 0.75398 0.7275 0.75575 0.7325 0.76106 0.73375 0.76814 0.735 0.78053 0.735
0 0.27788 0.73125 0.27788 0.735 0.31327 0.735 0.31327 0.73125 0.27788 0.73125
0 0.69558 0.735 0.69558 0.73875 0.70088 0.73875 0.70265 0.7375 0.70973 0.7375 0.72035 0.735 0.72389 0.73375 0.72566 0.72875 0.71858 0.72875 0.70796 0.7325 0.70265 0.73375 0.69558 0.735
0 0.85487 0.7424999999999999 0.85487 0.73875 0.84602 0.73875 0.8371700000000001 0.7375 0.83186 0.735 0.82301 0.735 0.82301 0.73875 0.8265499999999999 0.74 0.8371700000000001 0.7424999999999999 0.85487 0.7424999999999999
0 0.2 0.20125 0.20531000000000002 0.20125 0.21947 0.19875 0.23363 0.1975 0.23363 0.195 0.23009 0.19375 0.21593 0.195 0.20708000000000001 0.19624999999999998 0.2 0.20125
0 0.97522 0.12250000000000001 0.9823000000000001 0.12250000000000001 0.9823000000000001 0.11875 0.97876 0.11625 0.9699099999999999 0.11625 0.9646000000000001 0.11374999999999999 0.9539799999999999 0.11374999999999999 0.9539799999999999 0.11750000000000001 0.95752 0.11750000000000001 0.9699099999999999 0.12 0.97522 0.12250000000000001
0 0.92035 0.12 0.92743 0.12 0.92566 0.11499999999999999 0.9221199999999999 0.11374999999999999 0.9079599999999999 0.1125 0.9008800000000001 0.1125 0.9008800000000001 0.11625 0.90442 0.11750000000000001 0.91504 0.11750000000000001 0.92035 0.12
0 0.57168 0.19375 0.58053 0.19375 0.59292 0.19125 0.6017699999999999 0.19125 0.6017699999999999 0.1875 0.5911500000000001 0.1875 0.5823 0.18875 0.57168 0.19125 0.57168 0.19375
0 0.13451 0.45 0.13982 0.45 0.14513 0.44875 0.15044 0.44625000000000004 0.15575 0.44625000000000004 0.16283 0.44375 0.16283 0.43875000000000003 0.15221 0.4425 0.14159 0.44375 0.13451 0.44625000000000004 0.13451 0.45
0 0.9486700000000001 0.41125 0.9486700000000001 0.41500000000000004 0.9557499999999999 0.41500000000000004 0.95752 0.41375 0.9663700000000001 0.41375 0.97876 0.41125 0.97876 0.40875000000000006 0.96283 0.40875000000000006 0.9539799999999999 0.41 0.95221 0.41125 0.9486700000000001 0.41125
0 0.72035 0.585 0.70265 0.585 0.69204 0.5862499999999999 0.69204 0.58875 0.71504 0.5900000000000001 0.72212 0.58875 0.72035 0.585
0 0.9557499999999999 0.67125 0.9646000000000001 0.67125 0.9646000000000001 0.6675 0.96106 0.66625 0.9486700000000001 0.66625 0.9380499999999999 0.6637500000000001 0.93097 0.6637500000000001 0.93097 0.6675 0.9345100000000001 0.66875 0.94513 0.66875 0.9557499999999999 0.67125
0 0.9079599999999999 0.74 0.88673 0.73875 0.88142 0.73875 0.88142 0.7424999999999999 0.8849600000000001 0.74375 0.9079599999999999 0.74375 0.9079599999999999 0.74
0 0.9663700000000001 0.7462500000000001 0.9646000000000001 0.74125 0.96106 0.74 0.93628 0.74 0.93628 0.74375 0.9486700000000001 0.74375 0.95752 0.7462500000000001 0.9663700000000001 0.7462500000000001
0 0.15221 0.8162499999999999 0.15221 0.82 0.15575 0.82125 0.17876 0.82125 0.18053 0.8162499999999999 0.15221 0.8162499999999999
0 0.20884999999999998 0.80625 0.21061999999999997 0.8099999999999999 0.23717000000000002 0.8087500000000001 0.23717000000000002 0.80625 0.20884999999999998 0.80625
0 0.09558 0.8175000000000001 0.09558 0.82125 0.12566 0.82125 0.12566 0.8175000000000001 0.09558 0.8175000000000001
0 0.5061899999999999 0.8099999999999999 0.5061899999999999 0.81375 0.53451 0.8125 0.53451 0.8099999999999999 0.5061899999999999 0.8099999999999999
0 0.59469 0.82 0.59469 0.8162499999999999 0.5858399999999999 0.8162499999999999 0.57699 0.81375 0.56814 0.81375 0.56814 0.8175000000000001 0.57345 0.8175000000000001 0.5823 0.82 0.59469 0.82
0 0.75575 0.8087500000000001 0.7646 0.8087500000000001 0.76637 0.8099999999999999 0.77522 0.8087500000000001 0.77522 0.80625 0.77168 0.80625 0.76991 0.805 0.76106 0.80375 0.74867 0.8025 0.74159 0.80375 0.74159 0.80625 0.74513 0.8074999999999999 0.75398 0.8074999999999999 0.75575 0.8087500000000001
0 0.8283200000000001 0.8099999999999999 0.8584099999999999 0.80625 0.8265499999999999 0.80625 0.8283200000000001 0.8099999999999999
0 0.19823 0.8949999999999999 0.20884999999999998 0.8949999999999999 0.22124000000000002 0.89375 0.23186 0.89125 0.23186 0.8887499999999999 0.22477999999999998 0.8887499999999999 0.21061999999999997 0.89 0.19823 0.8925000000000001 0.19823 0.8949999999999999
0 0.7115 0.89125 0.72566 0.89125 0.72389 0.8875 0.70619 0.885 0.69912 0.885 0.69912 0.8887499999999999 0.70265 0.8887499999999999 0.70442 0.89 0.7115 0.89125
0 0.78053 0.8949999999999999 0.78053 0.89125 0.77699 0.89125 0.76637 0.8887499999999999 0.76106 0.8862500000000001 0.75575 0.885 0.75221 0.885 0.75044 0.8875 0.75398 0.8887499999999999 0.75575 0.89 0.77699 0.8949999999999999 0.78053 0.8949999999999999
0 0.28319 0.88375 0.28142 0.885 0.27610999999999997 0.885 0.27610999999999997 0.8887499999999999 0.30619 0.8887499999999999 0.30619 0.88375 0.28319 0.88375
0 0.33982 0.8825 0.33274 0.885 0.33274 0.8887499999999999 0.33805 0.8887499999999999 0.35929 0.88375 0.36283 0.8825 0.36106 0.8775000000000001 0.35752 0.8787499999999999 0.35398 0.8787499999999999 0.34513 0.8825 0.33982 0.8825
0 0.38938 0.87625 0.38938 0.88125 0.39469 0.88125 0.39646 0.8800000000000001 0.40530999999999995 0.8787499999999999 0.41416000000000003 0.8787499999999999 0.41769999999999996 0.8775000000000001 0.41769999999999996 0.87375 0.41062000000000004 0.87375 0.40885 0.875 0.39823 0.87625 0.38938 0.87625
0 0.5858399999999999 0.88125 0.59469 0.88125 0.59469 0.8775000000000001 0.5911500000000001 0.87625 0.57876 0.875 0.5592900000000001 0.875 0.5592900000000001 0.8787499999999999 0.57168 0.8787499999999999 0.58407 0.8800000000000001 0.5858399999999999 0.88125
0 0.6531 0.8887499999999999 0.66726 0.8887499999999999 0.6654899999999999 0.88375 0.65664 0.88375 0.6495599999999999 0.88125 0.64071 0.88125 0.64071 0.885 0.64425 0.8862500000000001 0.6495599999999999 0.8862500000000001 0.6531 0.8887499999999999