1 0.28319 0.17124999999999999 0.28673000000000004 0.16875 0.28496 0.16375 0.27788 0.16625 0.27610999999999997 0.16875 0.27965 0.17124999999999999 0.28319 0.17124999999999999
1 0.32389 0.1575 0.32743 0.155 0.32566 0.15125 0.32212 0.15125 0.31858 0.15375 0.31858 0.1575 0.32389 0.1575
1 0.33982 0.155 0.34336 0.15375 0.34336 0.14875 0.33805 0.14875 0.33451 0.15125 0.33628 0.155 0.33982 0.155
1 0.30796 0.15875 0.29735 0.16 0.29735 0.16499999999999998 0.30619 0.16499999999999998 0.30796 0.1625 0.30796 0.15875
1 0.37522 0.1675 0.37876 0.16499999999999998 0.38053 0.1625 0.37876 0.15875 0.37168 0.16125 0.36814 0.16125 0.36991 0.1675 0.37522 0.1675
1 0.53097 0.16499999999999998 0.5221199999999999 0.16625 0.52035 0.16875 0.52389 0.17124999999999999 0.5274300000000001 0.17124999999999999 0.53097 0.16875 0.53097 0.16499999999999998
1 0.56283 0.15375 0.5646 0.1575 0.57168 0.15625 0.57345 0.15375 0.56283 0.15375
1 0.58407 0.155 0.58761 0.15375 0.58761 0.14875 0.5823 0.14875 0.57876 0.15125 0.58053 0.155 0.58407 0.155
1 0.61416 0.15125 0.6230100000000001 0.15 0.6230100000000001 0.14875 0.62478 0.14625 0.62124 0.14375 0.61416 0.14625 0.61239 0.14875 0.61416 0.15125
1 0.55221 0.15875 0.54159 0.16 0.54159 0.1625 0.54513 0.16499999999999998 0.55221 0.16375 0.55221 0.15875
1 0.76991 0.15 0.77522 0.15375 0.77699 0.15375 0.77876 0.14875 0.76991 0.15
1 0.79469 0.145 0.78938 0.14625 0.78938 0.15125 0.79292 0.15125 0.79646 0.15 0.79469 0.145
1 0.80708 0.14250000000000002 0.8053100000000001 0.145 0.8053100000000001 0.14750000000000002 0.81416 0.14625 0.81416 0.14250000000000002 0.80708 0.14250000000000002
1 0.8265499999999999 0.145 0.83363 0.14375 0.83363 0.13874999999999998 0.83009 0.13874999999999998 0.8265499999999999 0.13999999999999999 0.82478 0.14250000000000002 0.8265499999999999 0.145
1 0.9008800000000001 0.13999999999999999 0.8991199999999999 0.135 0.89558 0.135 0.89204 0.1375 0.89204 0.14125000000000001 0.9008800000000001 0.13999999999999999
1 0.92035 0.14375 0.9221199999999999 0.14125000000000001 0.92035 0.13874999999999998 0.91504 0.13874999999999998 0.9115 0.14250000000000002 0.9168100000000001 0.145 0.92035 0.14375
1 0.9292 0.14250000000000002 0.9292 0.14750000000000002 0.93628 0.14750000000000002 0.9380499999999999 0.14250000000000002 0.9292 0.14250000000000002
1 0.9539799999999999 0.15125 0.95752 0.14875 0.9557499999999999 0.145 0.95221 0.145 0.9486700000000001 0.14750000000000002 0.9486700000000001 0.15125 0.9539799999999999 0.15125
1 0.85664 0.135 0.8531000000000001 0.1375 0.8531000000000001 0.14125000000000001 0.86372 0.13999999999999999 0.86195 0.135 0.85664 0.135
1 0.18407 0.26749999999999996 0.18761 0.265 0.18584 0.26125 0.18053 0.26125 0.17699 0.26375000000000004 0.17699 0.26749999999999996 0.18407 0.26749999999999996
1 0.19646 0.27 0.19823 0.27375 0.20531000000000002 0.2725 0.20531000000000002 0.26875 0.19646 0.27
1 0.22301 0.28125 0.22654999999999997 0.27999999999999997 0.22832 0.275 0.22124000000000002 0.275 0.21947 0.27749999999999997 0.21947 0.27999999999999997 0.22301 0.28125
1 0.16283 0.25875 0.15221 0.26 0.15221 0.265 0.16106 0.265 0.1646 0.2625 0.16283 0.25875
1 0.26726 0.27749999999999997 0.26017999999999997 0.27749999999999997 0.25664 0.27875 0.25841 0.28375 0.26372 0.28375 0.26726 0.28125 0.26726 0.27749999999999997
1 0.44602 0.29 0.44955999999999996 0.2875 0.44779 0.28375 0.44425 0.28375 0.43894 0.28625 0.44248000000000004 0.29 0.44602 0.29
1 0.46902999999999995 0.28375 0.47257 0.28250000000000003 0.47257 0.27749999999999997 0.46726 0.27749999999999997 0.46372 0.27999999999999997 0.46548999999999996 0.28375 0.46902999999999995 0.28375
1 0.48495999999999995 0.27749999999999997 0.49027000000000004 0.27749999999999997 0.49381 0.275 0.49381 0.2725 0.49027000000000004 0.27125 0.48495999999999995 0.2725 0.48319 0.275 0.48495999999999995 0.27749999999999997
1 0.50796 0.26875 0.50796 0.27375 0.51504 0.2725 0.51504 0.26875 0.50796 0.26875
1 0.55575 0.27999999999999997 0.54513 0.28125 0.54513 0.28625 0.5539799999999999 0.28625 0.55575 0.28500000000000003 0.55575 0.27999999999999997
1 0.73274 0.29 0.73628 0.28875 0.73805 0.28625 0.73628 0.28375 0.73097 0.28375 0.72743 0.28625 0.7292 0.29 0.73274 0.29
1 0.75575 0.28375 0.75929 0.28250000000000003 0.75929 0.27749999999999997 0.75575 0.27749999999999997 0.75221 0.27875 0.75221 0.28375 0.75575 0.28375
1 0.77699 0.27749999999999997 0.78053 0.275 0.78053 0.2725 0.77699 0.27125 0.77168 0.2725 0.77168 0.27749999999999997 0.77699 0.27749999999999997
1 0.79469 0.26875 0.79469 0.27375 0.8 0.27375 0.80177 0.26875 0.79469 0.26875
1 0.87788 0.26749999999999996 0.88142 0.265 0.88142 0.26125 0.87611 0.26125 0.87257 0.2625 0.87257 0.26749999999999996 0.87788 0.26749999999999996
1 0.8353999999999999 0.27 0.8353999999999999 0.26875 0.8371700000000001 0.26625 0.8353999999999999 0.26375000000000004 0.83186 0.26375000000000004 0.8283200000000001 0.265 0.8283200000000001 0.27125 0.8353999999999999 0.27
1 0.93097 0.26625 0.93097 0.26125 0.92743 0.26125 0.9238899999999999 0.2625 0.9221199999999999 0.26749999999999996 0.93097 0.26625
1 0.9008800000000001 0.27125 0.90442 0.27 0.90442 0.265 0.8991199999999999 0.265 0.89558 0.26749999999999996 0.89735 0.27125 0.9008800000000001 0.27125
1 0.95221 0.255 0.94513 0.255 0.94159 0.25625 0.94159 0.26125 0.9504400000000001 0.26125 0.95221 0.25875 0.95221 0.255
1 0.15398 0.38875000000000004 0.15398 0.39375 0.16283 0.39249999999999996 0.16283 0.3875 0.15398 0.38875000000000004
1 0.18053 0.39125 0.17699 0.39375 0.17699 0.39625 0.18761 0.395 0.18584 0.39125 0.18053 0.39125
1 0.20531000000000002 0.39249999999999996 0.20708000000000001 0.38875000000000004 0.2 0.3875 0.19646 0.39 0.19823 0.39375 0.20531000000000002 0.39249999999999996
1 0.11857999999999999 0.39249999999999996 0.11681 0.3875 0.11327000000000001 0.3875 0.10973 0.39 0.10973 0.39375 0.11857999999999999 0.39249999999999996
1 0.21947 0.3875 0.23009 0.38625 0.22832 0.38125 0.22301 0.38125 0.21947 0.3875
1 0.26195 0.4025 0.26195 0.39875 0.25133 0.40125 0.25133 0.40499999999999997 0.25841 0.40625 0.26017999999999997 0.40625 0.26195 0.4025
1 0.29912 0.38125 0.29558 0.38375 0.29735 0.3875 0.30619 0.3875 0.30619 0.38125 0.29912 0.38125
1 0.33097 0.3825 0.3292 0.37875000000000003 0.32212 0.37875000000000003 0.31858 0.3825 0.32035 0.385 0.32743 0.385 0.33097 0.3825
1 0.35044 0.38875000000000004 0.34867 0.385 0.34336 0.385 0.33982 0.3875 0.34159 0.39125 0.3469 0.39125 0.35044 0.38875000000000004
1 0.37345 0.385 0.37168 0.38125 0.36637 0.38125 0.36283 0.38375 0.36283 0.3875 0.37168 0.3875 0.37345 0.385
1 0.40530999999999995 0.3875 0.40176999999999996 0.39 0.40176999999999996 0.39375 0.41239 0.39249999999999996 0.41239 0.3875 0.40530999999999995 0.3875
1 0.5911500000000001 0.39249999999999996 0.5911500000000001 0.3875 0.5858399999999999 0.3875 0.5823 0.39 0.5823 0.39375 0.5911500000000001 0.39249999999999996
1 0.61416 0.385 0.60531 0.38625 0.60531 0.39125 0.61062 0.39125 0.61416 0.38875000000000004 0.61416 0.385
1 0.6389400000000001 0.385 0.6389400000000001 0.38125 0.63186 0.38125 0.62832 0.38375 0.62832 0.3875 0.63717 0.3875 0.6389400000000001 0.385
1 0.65841 0.3825 0.65664 0.37875000000000003 0.65133 0.37875000000000003 0.64779 0.38125 0.6495599999999999 0.385 0.6548700000000001 0.385 0.65841 0.3825
1 0.70442 0.37875000000000003 0.70442 0.37625000000000003 0.70088 0.37374999999999997 0.69204 0.37374999999999997 0.6885 0.37625000000000003 0.69027 0.38 0.69381 0.38125 0.70088 0.38125 0.70442 0.37875000000000003
1 0.8831899999999999 0.3975 0.88142 0.39375 0.87788 0.39375 0.8743399999999999 0.39625 0.87257 0.39875 0.88142 0.4 0.8831899999999999 0.3975
1 0.8991199999999999 0.39249999999999996 0.8991199999999999 0.39625 0.90442 0.3975 0.9079599999999999 0.39625 0.90973 0.39249999999999996 0.8991199999999999 0.39249999999999996
1 0.9292 0.39249999999999996 0.9292 0.3875 0.9238899999999999 0.3875 0.92035 0.39 0.92035 0.39375 0.9292 0.39249999999999996
1 0.94513 0.37875000000000003 0.9486700000000001 0.37875000000000003 0.95221 0.3775 0.9539799999999999 0.375 0.95221 0.37124999999999997 0.9469 0.37124999999999997 0.94336 0.3725 0.94159 0.3775 0.94513 0.37875000000000003
1 0.88142 0.52 0.87257 0.52125 0.8708 0.5237499999999999 0.87257 0.52625 0.87788 0.52625 0.88142 0.5237499999999999 0.88142 0.52
1 0.88142 0.52 0.87257 0.52125 0.8708 0.5237499999999999 0.87257 0.52625 0.87788 0.52625 0.88142 0.5237499999999999 0.88142 0.52
1 0.9061899999999999 0.5175 0.90442 0.51375 0.8991199999999999 0.51375 0.89558 0.51625 0.89735 0.52 0.9026500000000001 0.52 0.9061899999999999 0.5175
1 0.93097 0.5125 0.93097 0.5075000000000001 0.92566 0.5075000000000001 0.9221199999999999 0.51 0.9238899999999999 0.51375 0.93097 0.5125
1 0.9504400000000001 0.50875 0.9486700000000001 0.5037499999999999 0.94513 0.505 0.94336 0.505 0.94159 0.51 0.9504400000000001 0.50875
1 0.72389 0.5037499999999999 0.71504 0.5037499999999999 0.7115 0.5075000000000001 0.71504 0.51 0.72212 0.51 0.72566 0.50875 0.72389 0.5037499999999999
1 0.64779 0.51375 0.65133 0.5125 0.65133 0.5075000000000001 0.64779 0.5075000000000001 0.64425 0.50875 0.64425 0.51375 0.64779 0.51375
1 0.62655 0.5075000000000001 0.63186 0.50625 0.63186 0.50125 0.62655 0.50125 0.6230100000000001 0.5037499999999999 0.6230100000000001 0.50625 0.62655 0.5075000000000001
1 0.61062 0.5075000000000001 0.60885 0.5037499999999999 0.6017699999999999 0.50625 0.6017699999999999 0.51 0.60885 0.51 0.61062 0.5075000000000001
1 0.5858399999999999 0.51375 0.58938 0.5125 0.5911500000000001 0.50875 0.58407 0.5075000000000001 0.58053 0.51 0.5823 0.51375 0.5858399999999999 0.51375
1 0.44955999999999996 0.49874999999999997 0.44955999999999996 0.495 0.44602 0.49375 0.44248000000000004 0.495 0.44071 0.5 0.44955999999999996 0.49874999999999997
1 0.47257 0.5025000000000001 0.47257 0.49749999999999994 0.46726 0.49749999999999994 0.46372 0.5 0.46548999999999996 0.5037499999999999 0.47257 0.5025000000000001
1 0.49381 0.50125 0.48495999999999995 0.5025000000000001 0.48495999999999995 0.5075000000000001 0.49027000000000004 0.5075000000000001 0.49381 0.505 0.49381 0.50125
1 0.50796 0.51 0.51504 0.50875 0.51681 0.50625 0.50796 0.505 0.50796 0.51
1 0.54513 0.51375 0.54867 0.51125 0.54867 0.50625 0.5433600000000001 0.50625 0.53982 0.5075000000000001 0.53982 0.51375 0.54513 0.51375
1 0.30265 0.51375 0.30619 0.51125 0.30619 0.5075000000000001 0.30088 0.5075000000000001 0.29735 0.50875 0.29558 0.5125 0.30265 0.51375
1 0.31681 0.50875 0.32389 0.51 0.32743 0.5075000000000001 0.32743 0.505 0.32389 0.5037499999999999 0.32035 0.505 0.31858 0.50625 0.31681 0.50875
1 0.35044 0.5025000000000001 0.34159 0.5025000000000001 0.34159 0.5075000000000001 0.34513 0.5075000000000001 0.34867 0.50625 0.35044 0.5025000000000001
1 0.37168 0.5025000000000001 0.37168 0.49749999999999994 0.36637 0.49749999999999994 0.36283 0.5 0.3646 0.5037499999999999 0.37168 0.5025000000000001
1 0.40530999999999995 0.5 0.40530999999999995 0.495 0.39646 0.49625 0.39646 0.50125 0.4 0.50125 0.40176999999999996 0.5 0.40530999999999995 0.5
1 0.11504 0.6425 0.12212 0.6425 0.12566 0.64 0.12743 0.6375 0.12566 0.635 0.12212 0.635 0.11681 0.63625 0.11327000000000001 0.64 0.11504 0.6425
1 0.29735 0.64625 0.30265 0.64625 0.30619 0.64375 0.30619 0.63875 0.30088 0.63875 0.29735 0.64 0.29558 0.6425 0.29735 0.64625
1 0.32566 0.64 0.3292 0.6375 0.3292 0.63375 0.32389 0.63375 0.32035 0.635 0.32212 0.64 0.32566 0.64
1 0.34336 0.6275000000000001 0.34159 0.6325000000000001 0.34867 0.6325000000000001 0.34867 0.6275000000000001 0.34336 0.6275000000000001
1 0.37168 0.6287499999999999 0.37345 0.62625 0.37168 0.62375 0.36814 0.62375 0.3646 0.625 0.36283 0.63 0.37168 0.6287499999999999
1 0.40885 0.62625 0.41239 0.62375 0.41239 0.62 0.40530999999999995 0.62 0.40176999999999996 0.6224999999999999 0.40176999999999996 0.62625 0.40885 0.62625
1 0.58938 0.63 0.5911500000000001 0.6275000000000001 0.58938 0.62375 0.5858399999999999 0.625 0.58407 0.625 0.5823 0.63 0.58938 0.63
1 0.61416 0.625 0.61239 0.62 0.60885 0.62 0.60531 0.6224999999999999 0.60531 0.62625 0.61416 0.625
1 0.6389400000000001 0.6212500000000001 0.6389400000000001 0.61875 0.6354 0.6174999999999999 0.63186 0.6174999999999999 0.62832 0.62 0.63009 0.62375 0.63717 0.62375 0.6389400000000001 0.6212500000000001
1 0.65841 0.6174999999999999 0.65664 0.61375 0.6495599999999999 0.615 0.64779 0.6174999999999999 0.64779 0.62 0.65664 0.62 0.65841 0.6174999999999999
1 0.69204 0.61125 0.6814199999999999 0.6125 0.68319 0.6174999999999999 0.6885 0.6174999999999999 0.69204 0.615 0.69204 0.61125
1 0.73628 0.61125 0.72743 0.6125 0.72743 0.6174999999999999 0.73274 0.6174999999999999 0.73628 0.615 0.73628 0.61125
1 0.75044 0.6174999999999999 0.75044 0.62 0.75929 0.62 0.76106 0.6174999999999999 0.75929 0.6125 0.75575 0.6125 0.75221 0.61375 0.75221 0.61625 0.75044 0.6174999999999999
1 0.78053 0.6212500000000001 0.77876 0.6174999999999999 0.77345 0.6174999999999999 0.76991 0.62 0.77168 0.62375 0.77876 0.62375 0.78053 0.6212500000000001
1 0.83363 0.63 0.8371700000000001 0.6287499999999999 0.83894 0.62625 0.8371700000000001 0.62375 0.83186 0.62375 0.8283200000000001 0.62625 0.8283200000000001 0.63 0.83363 0.63
1 0.8035399999999999 0.62375 0.8035399999999999 0.62 0.79469 0.62 0.79292 0.6224999999999999 0.79292 0.62625 0.80177 0.62625 0.8035399999999999 0.62375
1 0.8743399999999999 0.615 0.8743399999999999 0.62 0.8849600000000001 0.61875 0.8849600000000001 0.61375 0.8743399999999999 0.615
1 0.9061899999999999 0.6174999999999999 0.8991199999999999 0.6174999999999999 0.89558 0.62 0.89735 0.62375 0.9026500000000001 0.62375 0.9061899999999999 0.6224999999999999 0.9061899999999999 0.6174999999999999
1 0.9185800000000001 0.6224999999999999 0.9185800000000001 0.62625 0.92743 0.625 0.92743 0.6212500000000001 0.9185800000000001 0.6224999999999999
1 0.9504400000000001 0.62375 0.94336 0.62375 0.9398199999999999 0.62625 0.94159 0.63 0.9469 0.63 0.9504400000000001 0.6287499999999999 0.9504400000000001 0.62375
1 0.12035 0.76 0.12388999999999999 0.75875 0.12566 0.75625 0.12566 0.7525000000000001 0.11857999999999999 0.7525000000000001 0.11504 0.755 0.11681 0.76 0.12035 0.76
1 0.30442 0.76375 0.30442 0.75875 0.29912 0.75875 0.29558 0.76 0.29558 0.765 0.30442 0.76375
1 0.32566 0.75875 0.32743 0.7537499999999999 0.32389 0.7525000000000001 0.32035 0.7537499999999999 0.31858 0.75875 0.32212 0.76 0.32566 0.75875
1 0.35044 0.75125 0.35221 0.7474999999999999 0.34513 0.7462500000000001 0.34159 0.74875 0.34336 0.7525000000000001 0.35044 0.75125
1 0.36991 0.7474999999999999 0.36991 0.74375 0.36283 0.74375 0.36106 0.7474999999999999 0.36637 0.75 0.36991 0.7474999999999999
1 0.41416000000000003 0.7575000000000001 0.41239 0.755 0.40354 0.75625 0.4 0.75875 0.40176999999999996 0.76125 0.40885 0.7625 0.41239 0.76125 0.41416000000000003 0.7575000000000001
1 0.61593 0.75875 0.6176999999999999 0.75625 0.61593 0.7525000000000001 0.61239 0.7537499999999999 0.61062 0.7537499999999999 0.61062 0.76 0.61593 0.75875
1 0.5911500000000001 0.76375 0.5911500000000001 0.75875 0.5858399999999999 0.75875 0.5823 0.76 0.5823 0.765 0.5911500000000001 0.76375
1 0.63717 0.7462500000000001 0.63009 0.7474999999999999 0.63009 0.7525000000000001 0.63717 0.7525000000000001 0.6389400000000001 0.75 0.63717 0.7462500000000001
1 0.66018 0.74875 0.66195 0.7462500000000001 0.66195 0.74375 0.6548700000000001 0.74375 0.65133 0.7474999999999999 0.65664 0.75 0.66018 0.74875
1 0.69204 0.7462500000000001 0.69558 0.74375 0.69558 0.74 0.6885 0.74 0.68496 0.74125 0.68496 0.7462500000000001 0.69204 0.7462500000000001
1 0.73097 0.74375 0.73451 0.7424999999999999 0.73451 0.7375 0.7292 0.7375 0.72566 0.73875 0.72566 0.74375 0.73097 0.74375
1 0.75929 0.745 0.75752 0.74 0.75398 0.74 0.75044 0.74125 0.74867 0.7462500000000001 0.75929 0.745
1 0.77699 0.74375 0.78053 0.74125 0.78053 0.7375 0.77345 0.7375 0.76991 0.74 0.76991 0.74375 0.77699 0.74375
1 0.80177 0.73625 0.80177 0.73125 0.79469 0.73125 0.79292 0.73375 0.79292 0.7375 0.79646 0.73625 0.80177 0.73625
1 0.88142 0.74375 0.87257 0.745 0.8708 0.7474999999999999 0.8743399999999999 0.75 0.87788 0.75 0.88142 0.7474999999999999 0.88142 0.74375
1 0.9079599999999999 0.75125 0.9079599999999999 0.7462500000000001 0.90442 0.7462500000000001 0.9008800000000001 0.7474999999999999 0.8991199999999999 0.7525000000000001 0.9079599999999999 0.75125
1 0.9221199999999999 0.745 0.9238899999999999 0.74875 0.93097 0.7474999999999999 0.93097 0.74375 0.9221199999999999 0.745
1 0.8265499999999999 0.74875 0.83363 0.74875 0.8371700000000001 0.7462500000000001 0.8353999999999999 0.7424999999999999 0.83186 0.7424999999999999 0.83009 0.74375 0.8265499999999999 0.74375 0.8265499999999999 0.74875
1 0.9539799999999999 0.7424999999999999 0.95221 0.7375 0.9486700000000001 0.7375 0.94513 0.74 0.94513 0.74375 0.9539799999999999 0.7424999999999999
1 0.11681 0.88125 0.12035 0.8787499999999999 0.11857999999999999 0.875 0.11504 0.875 0.1115 0.87625 0.10973 0.88125 0.11681 0.88125
1 0.16106 0.8574999999999999 0.15221 0.8574999999999999 0.15221 0.8625 0.15752 0.8625 0.16106 0.8612500000000001 0.16106 0.8574999999999999
1 0.18761 0.8574999999999999 0.18584 0.85375 0.18053 0.85375 0.17699 0.85625 0.17876 0.86 0.18407 0.86 0.18761 0.8574999999999999
1 0.20708000000000001 0.86625 0.20884999999999998 0.8637499999999999 0.20708000000000001 0.86 0.2 0.8612500000000001 0.19823 0.8637499999999999 0.19823 0.86625 0.20177 0.8675 0.20708000000000001 0.86625
1 0.22124000000000002 0.8625 0.22832 0.8625 0.23186 0.85875 0.22832 0.85625 0.22477999999999998 0.8574999999999999 0.22301 0.8574999999999999 0.22124000000000002 0.8625
1 0.26549 0.8625 0.26195 0.8625 0.25664 0.8675 0.26017999999999997 0.8699999999999999 0.26903 0.86875 0.26903 0.8637499999999999 0.26549 0.8625
1 0.43894 0.85875 0.43716999999999995 0.8612500000000001 0.44425 0.8625 0.44779 0.8612500000000001 0.44779 0.8574999999999999 0.43894 0.85875
1 0.47257 0.86 0.46548999999999996 0.86 0.46372 0.8625 0.46372 0.86625 0.47257 0.865 0.47257 0.86
1 0.49558 0.8574999999999999 0.48673 0.8574999999999999 0.48673 0.8625 0.49204 0.8625 0.49558 0.86 0.49558 0.8574999999999999
1 0.51504 0.85625 0.51858 0.8525 0.51504 0.85 0.5115000000000001 0.85125 0.50973 0.85125 0.50973 0.85625 0.51504 0.85625
1 0.53982 0.8675 0.5469 0.86875 0.54867 0.86875 0.55044 0.8675 0.55044 0.86625 0.55221 0.8637499999999999 0.55044 0.8612500000000001 0.5469 0.8625 0.5433600000000001 0.8625 0.53982 0.865 0.53982 0.8675
1 0.5911500000000001 0.8675 0.58938 0.8625 0.5858399999999999 0.8637499999999999 0.58407 0.8637499999999999 0.5823 0.86875 0.5911500000000001 0.8675
1 0.6070800000000001 0.8675 0.61239 0.8712500000000001 0.61416 0.8712500000000001 0.61593 0.86625 0.6070800000000001 0.8675
1 0.63009 0.865 0.62832 0.8675 0.6354 0.86875 0.6389400000000001 0.86625 0.6389400000000001 0.8637499999999999 0.63009 0.865
1 0.66018 0.8574999999999999 0.65664 0.85625 0.65133 0.8574999999999999 0.65133 0.8625 0.65664 0.8625 0.66018 0.86 0.66018 0.8574999999999999
1 0.67965 0.8775000000000001 0.67965 0.8800000000000001 0.68319 0.8825 0.69027 0.8825 0.69558 0.8800000000000001 0.69558 0.87625 0.69204 0.87375 0.6867300000000001 0.87375 0.68319 0.875 0.67965 0.8775000000000001
1 0.72743 0.85875 0.72743 0.8625 0.73628 0.8612500000000001 0.73628 0.8574999999999999 0.72743 0.85875
1 0.76106 0.85625 0.75929 0.85375 0.75398 0.85375 0.75044 0.85625 0.75221 0.86 0.75752 0.86 0.76106 0.85625
1 0.77345 0.8612500000000001 0.77345 0.86625 0.7823 0.865 0.78053 0.86 0.77345 0.8612500000000001
1 0.80177 0.85625 0.79646 0.8574999999999999 0.79646 0.8625 0.8053100000000001 0.8612500000000001 0.8053100000000001 0.8574999999999999 0.80177 0.85625
1 0.84602 0.8675 0.84602 0.865 0.8424799999999999 0.8625 0.83363 0.8625 0.83009 0.865 0.83186 0.8675 0.83363 0.86875 0.84071 0.86875 0.84602 0.8675
0 0.30442 0.13374999999999998 0.28673000000000004 0.135 0.28673000000000004 0.13874999999999998 0.29381 0.13874999999999998 0.3115 0.1375 0.32035 0.13625 0.3292 0.13374999999999998 0.33628 0.13374999999999998 0.33805 0.1325 0.34336 0.1325 0.34336 0.12875 0.33274 0.12875 0.32389 0.13 0.31504 0.1325 0.30442 0.13374999999999998
0 0.5469 0.1325 0.5292 0.135 0.5292 0.13874999999999998 0.53451 0.13874999999999998 0.55221 0.13625 0.5752200000000001 0.13625 0.58053 0.135 0.58761 0.1325 0.58761 0.12875 0.5823 0.12875 0.5752200000000001 0.13 0.5646 0.1325 0.5469 0.1325
0 0.78938 0.125 0.77699 0.125 0.77699 0.12875 0.79469 0.12875 0.81593 0.12625 0.8265499999999999 0.12375 0.8353999999999999 0.12375 0.83363 0.11875 0.8212400000000001 0.12 0.8106199999999999 0.12125 0.78938 0.125
0 0.9221199999999999 0.12125 0.9292 0.12375 0.94336 0.12375 0.94513 0.125 0.95752 0.12125 0.9504400000000001 0.12 0.93628 0.12 0.92743 0.11750000000000001 0.90973 0.11750000000000001 0.90442 0.11499999999999999 0.89735 0.11499999999999999 0.89735 0.12 0.9026500000000001 0.12 0.90442 0.12125 0.9221199999999999 0.12125
0 0.18407 0.24375 0.18584 0.24500000000000002 0.19823 0.24500000000000002 0.21239 0.2475 0.22301 0.24874999999999997 0.22832 0.24874999999999997 0.22832 0.24500000000000002 0.22301 0.24500000000000002 0.22124000000000002 0.24375 0.21061999999999997 0.24375 0.20884999999999998 0.2425 0.18407 0.24 0.16991 0.23875000000000002 0.16283 0.23875000000000002 0.16283 0.2425 0.16991 0.2425 0.17168 0.24375 0.18407 0.24375
0 0.8991199999999999 0.24 0.89735 0.24125000000000002 0.88673 0.24125000000000002 0.8849600000000001 0.2425 0.88142 0.2425 0.88142 0.24500000000000002 0.8902699999999999 0.24500000000000002 0.9079599999999999 0.24375 0.9345100000000001 0.24125000000000002 0.9504400000000001 0.23875000000000002 0.9504400000000001 0.23625 0.9398199999999999 0.23625 0.9380499999999999 0.2375 0.9115 0.23875000000000002 0.8991199999999999 0.24
0 0.46726 0.25375000000000003 0.45841000000000004 0.25375000000000003 0.45664 0.255 0.44955999999999996 0.255 0.44955999999999996 0.25875 0.46195 0.25875 0.48141999999999996 0.255 0.50973 0.255 0.51327 0.25375000000000003 0.51504 0.24874999999999997 0.49912 0.24874999999999997 0.49734999999999996 0.25125000000000003 0.47434000000000004 0.25125000000000003 0.46726 0.25375000000000003
0 0.75929 0.25375000000000003 0.73628 0.25375000000000003 0.73628 0.2575 0.76637 0.2575 0.77699 0.25625 0.7823 0.25375000000000003 0.79115 0.25375000000000003 0.8 0.2525 0.8035399999999999 0.25125000000000003 0.8035399999999999 0.2475 0.79469 0.2475 0.77699 0.25 0.76991 0.2525 0.75929 0.25375000000000003
0 0.17522 0.36625 0.16283 0.36875 0.16283 0.37124999999999997 0.16991 0.37124999999999997 0.1823 0.37 0.19646 0.3675 0.21239 0.3675 0.22301 0.36625 0.22477999999999998 0.365 0.22832 0.365 0.22832 0.3625 0.21416 0.3625 0.20177 0.36375 0.18938 0.36625 0.17522 0.36625
0 0.30619 0.35875 0.30796 0.3625 0.35221 0.3625 0.37168 0.35875 0.30619 0.35875
0 0.61062 0.3625 0.60885 0.36375 0.59823 0.36375 0.59646 0.365 0.59292 0.365 0.59292 0.3675 0.61062 0.3675 0.6230100000000001 0.365 0.6389400000000001 0.365 0.64779 0.3625 0.65841 0.3625 0.65841 0.35875 0.65133 0.35875 0.63717 0.36124999999999996 0.6230100000000001 0.36124999999999996 0.61062 0.3625
0 0.92035 0.35625 0.89735 0.35625 0.8885 0.35750000000000004 0.88673 0.35875 0.88142 0.35875 0.88142 0.3625 0.8902699999999999 0.3625 0.9026500000000001 0.36 0.92566 0.36 0.93097 0.35750000000000004 0.9398199999999999 0.35625 0.9469 0.35625 0.9486700000000001 0.355 0.9539799999999999 0.355 0.9539799999999999 0.35125 0.94159 0.35125 0.9345100000000001 0.35375 0.92566 0.35375 0.92035 0.35625
0 0.30619 0.4875 0.32389 0.4875 0.33451 0.485 0.35044 0.485 0.36283 0.48250000000000004 0.37168 0.48250000000000004 0.37168 0.47874999999999995 0.35752 0.47874999999999995 0.31681 0.48250000000000004 0.30619 0.485 0.30619 0.4875
0 0.49381 0.48375 0.5115000000000001 0.485 0.51504 0.48125 0.5115000000000001 0.48 0.50088 0.47874999999999995 0.46018 0.475 0.44955999999999996 0.47625 0.45133 0.48 0.45487 0.47874999999999995 0.48319 0.48125 0.49381 0.48375
0 0.59292 0.485 0.6495599999999999 0.48125 0.6 0.48375 0.59292 0.485
0 0.9061899999999999 0.4875 0.89381 0.49000000000000005 0.8849600000000001 0.49000000000000005 0.88142 0.49375 0.9008800000000001 0.49375 0.9115 0.49124999999999996 0.92566 0.49124999999999996 0.93628 0.48875 0.9486700000000001 0.48875 0.95221 0.48624999999999996 0.9398199999999999 0.485 0.9380499999999999 0.48624999999999996 0.9238899999999999 0.4875 0.9061899999999999 0.4875
0 0.59469 0.6 0.5911500000000001 0.60375 0.60885 0.60375 0.62124 0.6012500000000001 0.6389400000000001 0.6012500000000001 0.64779 0.59875 0.65841 0.59875 0.65841 0.595 0.64248 0.595 0.6176999999999999 0.5974999999999999 0.60354 0.59875 0.59469 0.6
0 0.74336 0.6425 0.76814 0.645 0.78053 0.645 0.7823 0.64625 0.79292 0.64625 0.79115 0.64125 0.77699 0.64 0.7646 0.64 0.75221 0.6375 0.73628 0.63625 0.72743 0.63625 0.72743 0.64 0.73097 0.64125 0.74159 0.64125 0.74336 0.6425
0 0.92035 0.6012500000000001 0.93628 0.6025 0.9486700000000001 0.605 0.95221 0.60375 0.9486700000000001 0.6 0.91504 0.5962500000000001 0.8991199999999999 0.595 0.8849600000000001 0.595 0.88673 0.6 0.89558 0.59875 0.9061899999999999 0.6012500000000001 0.92035 0.6012500000000001
0 0.32389 0.6075 0.31504 0.61 0.30442 0.61 0.30442 0.61375 0.32035 0.61375 0.3292 0.61125 0.33982 0.61125 0.34867 0.60875 0.37168 0.60875 0.37168 0.60375 0.36814 0.60375 0.34159 0.605 0.33274 0.6075 0.32389 0.6075
0 0.32389 0.7275 0.31504 0.72875 0.30619 0.73375 0.30973 0.73375 0.32035 0.7325 0.33451 0.73 0.3469 0.72875 0.35929 0.72875 0.36106 0.7275 0.36991 0.7275 0.37168 0.725 0.36814 0.72375 0.35221 0.7262500000000001 0.33628 0.7262500000000001 0.32389 0.7275
0 0.6 0.73 0.59292 0.73 0.59646 0.73375 0.6070800000000001 0.7325 0.62124 0.73 0.63717 0.73 0.6495599999999999 0.7275 0.66018 0.7275 0.66195 0.725 0.64248 0.725 0.61239 0.7275 0.6017699999999999 0.72875 0.6 0.73
0 0.7469 0.76 0.73451 0.76125 0.73274 0.7625 0.72566 0.7625 0.72566 0.765 0.74159 0.765 0.76637 0.7625 0.78053 0.76125 0.79292 0.75875 0.79292 0.75625 0.78938 0.75625 0.77168 0.7575000000000001 0.75929 0.76 0.7469 0.76
0 0.9061899999999999 0.7212500000000001 0.89204 0.7224999999999999 0.88142 0.725 0.9008800000000001 0.7262500000000001 0.92566 0.7224999999999999 0.9398199999999999 0.7212500000000001 0.9539799999999999 0.7212500000000001 0.9539799999999999 0.7175 0.9469 0.7175 0.9327400000000001 0.71875 0.9185800000000001 0.7212500000000001 0.9061899999999999 0.7212500000000001
0 0.5911500000000001 0.845 0.60885 0.8462500000000001 0.61947 0.84375 0.6336299999999999 0.84375 0.64602 0.8425 0.66018 0.8400000000000001 0.66018 0.8375 0.64602 0.8375 0.60354 0.8412499999999999 0.59469 0.8425 0.5911500000000001 0.845
0 0.20354 0.8862500000000001 0.20531000000000002 0.885 0.22124000000000002 0.885 0.22124000000000002 0.88125 0.2 0.88125 0.15044 0.8825 0.15044 0.8862500000000001 0.20354 0.8862500000000001
0 0.48495999999999995 0.8787499999999999 0.46726 0.8800000000000001 0.45133 0.8800000000000001 0.44955999999999996 0.88125 0.43716999999999995 0.88125 0.43716999999999995 0.885 0.45487 0.885 0.49027000000000004 0.8825 0.49734999999999996 0.8800000000000001 0.50442 0.8800000000000001 0.50796 0.8787499999999999 0.50796 0.875 0.50088 0.875 0.49912 0.87625 0.49027000000000004 0.87625 0.48495999999999995 0.8787499999999999
0 0.79469 0.88125 0.74513 0.88125 0.74336 0.8825 0.72566 0.8825 0.72566 0.8862500000000001 0.79115 0.8862500000000001 0.79469 0.885 0.79469 0.88125