1 0.26903 0.15125 0.27257 0.14875 0.27257 0.145 0.26903 0.14375 0.26549 0.145 0.26372 0.145 0.26372 0.15125 0.26903 0.15125
1 0.29203999999999997 0.14750000000000002 0.29558 0.145 0.29558 0.14125000000000001 0.2885 0.14125000000000001 0.28496 0.14375 0.28673000000000004 0.14750000000000002 0.29203999999999997 0.14750000000000002
1 0.31858 0.1375 0.30796 0.13874999999999998 0.30796 0.14375 0.31504 0.14375 0.31858 0.14125000000000001 0.31858 0.1375
1 0.33451 0.14125000000000001 0.34159 0.13874999999999998 0.33982 0.13374999999999998 0.33451 0.13374999999999998 0.33097 0.13625 0.33097 0.13874999999999998 0.33451 0.14125000000000001
1 0.37168 0.13 0.36814 0.1325 0.36814 0.13625 0.37876 0.135 0.37699 0.13 0.37168 0.13
1 0.40176999999999996 0.15125 0.40708 0.15125 0.41062000000000004 0.15 0.41239 0.14750000000000002 0.41239 0.145 0.40885 0.14375 0.40530999999999995 0.145 0.40354 0.145 0.40176999999999996 0.15125
1 0.44071 0.14125000000000001 0.44425 0.13999999999999999 0.44779 0.1375 0.44602 0.13374999999999998 0.44071 0.13374999999999998 0.43716999999999995 0.135 0.4354 0.13874999999999998 0.44071 0.14125000000000001
1 0.47788 0.14750000000000002 0.47434000000000004 0.14875 0.47257 0.14875 0.47611 0.15375 0.48141999999999996 0.1525 0.48141999999999996 0.14875 0.47788 0.14750000000000002
1 0.5274300000000001 0.13625 0.52035 0.1375 0.51858 0.13999999999999999 0.51858 0.14375 0.5274300000000001 0.14375 0.53097 0.14125000000000001 0.53097 0.1375 0.5274300000000001 0.13625
1 0.55575 0.15875 0.56283 0.15625 0.5646 0.15375 0.56283 0.15125 0.55575 0.15125 0.55221 0.15375 0.55221 0.1575 0.55575 0.15875
1 0.59823 0.14125000000000001 0.5911500000000001 0.14125000000000001 0.58761 0.14375 0.58938 0.14750000000000002 0.59469 0.14750000000000002 0.59823 0.14625 0.59823 0.14125000000000001
1 0.62655 0.1625 0.63009 0.16125 0.63186 0.16 0.6336299999999999 0.1575 0.63186 0.155 0.62478 0.155 0.62124 0.1575 0.6230100000000001 0.16125 0.62655 0.1625
1 0.67434 0.15125 0.67788 0.15 0.67965 0.14750000000000002 0.67965 0.145 0.67611 0.14375 0.66903 0.14625 0.66903 0.15125 0.67434 0.15125
1 0.70973 0.1625 0.69912 0.16375 0.70088 0.16875 0.70619 0.16875 0.70973 0.16625 0.70973 0.1625
1 0.73097 0.155 0.73451 0.155 0.73805 0.15375 0.73982 0.14875 0.73628 0.14750000000000002 0.73274 0.14875 0.73097 0.14875 0.73097 0.155
1 0.76637 0.17250000000000001 0.76991 0.16999999999999998 0.76814 0.16499999999999998 0.7646 0.16499999999999998 0.76106 0.16625 0.76106 0.17250000000000001 0.76637 0.17250000000000001
1 0.78761 0.155 0.79115 0.15375 0.79292 0.15125 0.79292 0.14875 0.78938 0.14750000000000002 0.78584 0.14875 0.78407 0.14875 0.7823 0.15375 0.78761 0.155
1 0.79469 0.1525 0.79469 0.1575 0.8053100000000001 0.15625 0.8053100000000001 0.15125 0.79469 0.1525
1 0.86372 0.1625 0.8672599999999999 0.16125 0.86549 0.155 0.86195 0.15375 0.8584099999999999 0.15375 0.85664 0.155 0.8531000000000001 0.155 0.8513299999999999 0.15875 0.8531000000000001 0.16125 0.85664 0.1625 0.86372 0.1625
1 0.65664 0.22749999999999998 0.64602 0.22875 0.64602 0.23374999999999999 0.6548700000000001 0.23374999999999999 0.65664 0.23125 0.65664 0.22749999999999998
1 0.70973 0.20750000000000002 0.70796 0.21125 0.71681 0.2125 0.72035 0.21000000000000002 0.71858 0.20625 0.70973 0.20750000000000002
1 0.76283 0.21000000000000002 0.75575 0.21000000000000002 0.75221 0.2125 0.75398 0.21625 0.76283 0.215 0.7646 0.2125 0.76283 0.21000000000000002
1 0.54513 0.275 0.53982 0.275 0.53628 0.27625 0.53628 0.28125 0.54513 0.28125 0.5469 0.27875 0.54513 0.275
1 0.58938 0.28125 0.58761 0.27875 0.58053 0.27875 0.57699 0.28125 0.57876 0.28500000000000003 0.5858399999999999 0.28500000000000003 0.58938 0.28125
1 0.47434000000000004 0.3 0.47611 0.30375 0.48495999999999995 0.3025 0.48495999999999995 0.30125 0.4885 0.29874999999999996 0.4885 0.29625 0.48495999999999995 0.29500000000000004 0.48141999999999996 0.29625 0.47611 0.2975 0.47434000000000004 0.3
1 0.76106 0.6325000000000001 0.76283 0.63 0.76106 0.62625 0.75221 0.6275000000000001 0.75044 0.63 0.75044 0.63375 0.75752 0.63375 0.76106 0.6325000000000001
1 0.79292 0.63375 0.79646 0.6325000000000001 0.79469 0.62625 0.79115 0.62625 0.78761 0.6275000000000001 0.78761 0.63375 0.79292 0.63375
1 0.80885 0.63375 0.8123900000000001 0.63125 0.8106199999999999 0.62625 0.80708 0.62625 0.8035399999999999 0.6275000000000001 0.8035399999999999 0.63375 0.80885 0.63375
1 0.8283200000000001 0.63375 0.83363 0.63375 0.8371700000000001 0.63125 0.8353999999999999 0.62625 0.83186 0.62625 0.8283200000000001 0.6275000000000001 0.8265499999999999 0.63 0.8283200000000001 0.63375
1 0.84956 0.6325000000000001 0.8513299999999999 0.63 0.84956 0.62625 0.8442500000000001 0.62625 0.84071 0.6275000000000001 0.8424799999999999 0.63375 0.84956 0.6325000000000001
0 0.26726 0.16875 0.26195 0.16875 0.26195 0.17250000000000001 0.27080000000000004 0.17250000000000001 0.27257 0.17124999999999999 0.28319 0.17124999999999999 0.31858 0.1675 0.32743 0.16625 0.33097 0.16499999999999998 0.33097 0.1625 0.31681 0.1625 0.29027 0.16499999999999998 0.26903 0.1675 0.26726 0.16875
0 0.77522 0.1325 0.76814 0.1325 0.76814 0.13625 0.7823 0.135 0.78938 0.135 0.79115 0.1375 0.8 0.1375 0.8035399999999999 0.13625 0.8053100000000001 0.12625 0.79823 0.12625 0.79292 0.1275 0.78407 0.13125 0.77522 0.1325
0 0.81416 0.64625 0.8123900000000001 0.65125 0.79646 0.65 0.79646 0.64625 0.78407 0.64625 0.78407 0.655 0.8265499999999999 0.655 0.8265499999999999 0.64625 0.81416 0.64625