1 0.09735 0.16875 0.10088 0.17124999999999999 0.10619 0.17124999999999999 0.10973 0.16875 0.10795999999999999 0.16375 0.10442 0.16375 0.10088 0.16499999999999998 0.09912 0.16625 0.09735 0.16875
1 0.14159 0.16125 0.13982 0.16375 0.13982 0.1675 0.14867 0.1675 0.15221 0.16499999999999998 0.15221 0.16 0.14159 0.16125
1 0.1823 0.16375 0.19115 0.1625 0.19292 0.16 0.19115 0.15625 0.18761 0.15625 0.18407 0.1575 0.18053 0.16 0.1823 0.16375
1 0.23186 0.15875 0.23186 0.15375 0.22301 0.15375 0.22124000000000002 0.15625 0.22124000000000002 0.15875 0.22477999999999998 0.16125 0.23186 0.15875
1 0.26903 0.16375 0.27080000000000004 0.16125 0.26903 0.15625 0.26372 0.15625 0.25841 0.16 0.26017999999999997 0.16499999999999998 0.26903 0.16375
1 0.29558 0.1575 0.28673000000000004 0.1575 0.28319 0.16 0.28319 0.16375 0.28673000000000004 0.16499999999999998 0.29558 0.16375 0.29558 0.1575
1 0.3646 0.16375 0.36814 0.16125 0.36637 0.15625 0.36106 0.15625 0.35752 0.1575 0.35575 0.16375 0.3646 0.16375
1 0.49912 0.17124999999999999 0.50265 0.16875 0.50088 0.16375 0.49734999999999996 0.16375 0.49381 0.16499999999999998 0.49381 0.17124999999999999 0.49912 0.17124999999999999
1 0.53628 0.1675 0.53982 0.16499999999999998 0.5380499999999999 0.16 0.53451 0.16 0.53097 0.16125 0.53097 0.1675 0.53628 0.1675
1 0.57345 0.16125 0.5752200000000001 0.16375 0.5823 0.16375 0.5858399999999999 0.16125 0.58407 0.15625 0.58053 0.15625 0.57699 0.1575 0.5752200000000001 0.15875 0.57345 0.16125
1 0.6867300000000001 0.1575 0.69027 0.15625 0.69204 0.15 0.6867300000000001 0.15 0.68319 0.15125 0.68319 0.15625 0.6867300000000001 0.1575
1 0.62832 0.15375 0.61947 0.15375 0.6176999999999999 0.15625 0.6176999999999999 0.16 0.62655 0.16 0.62832 0.15375
1 0.87965 0.1575 0.8831899999999999 0.15625 0.8849600000000001 0.155 0.88673 0.1525 0.8849600000000001 0.15 0.87965 0.15 0.87611 0.15125 0.87611 0.15625 0.87965 0.1575
1 0.77876 0.1525 0.78053 0.14625 0.76991 0.14750000000000002 0.76814 0.15 0.76814 0.15375 0.77522 0.15375 0.77876 0.1525
1 0.9486700000000001 0.15875 0.9486700000000001 0.15375 0.9398199999999999 0.15375 0.93628 0.155 0.93628 0.16 0.9398199999999999 0.16125 0.94513 0.16125 0.9486700000000001 0.15875
1 0.10442 0.23625 0.10442 0.2325 0.09558 0.2325 0.09381 0.23500000000000001 0.09558 0.23875000000000002 0.10088 0.23875000000000002 0.10442 0.23625
1 0.17876 0.23625 0.16814 0.2375 0.16814 0.2425 0.17522 0.2425 0.17876 0.24 0.17876 0.23625
1 0.2177 0.24625 0.22301 0.24625 0.22654999999999997 0.24375 0.22654999999999997 0.24 0.22301 0.23875000000000002 0.21947 0.24 0.21593 0.2425 0.2177 0.24625
1 0.28496 0.23625 0.27434 0.2375 0.27610999999999997 0.2425 0.28319 0.24125000000000002 0.28496 0.23875000000000002 0.28496 0.23625
1 0.34867 0.24625 0.35398 0.24625 0.35752 0.24375 0.35752 0.23875000000000002 0.35398 0.24 0.35044 0.24 0.3469 0.2425 0.34867 0.24625
1 0.41769999999999996 0.25 0.42123999999999995 0.25 0.42478 0.2475 0.42655000000000004 0.24375 0.41947 0.2425 0.41593 0.24375 0.41416000000000003 0.2475 0.41769999999999996 0.25
1 0.46372 0.24625 0.46726 0.24375 0.46726 0.23875000000000002 0.46195 0.23875000000000002 0.45841000000000004 0.24 0.45841000000000004 0.24625 0.46372 0.24625
1 0.57876 0.24625 0.58407 0.24625 0.58761 0.24375 0.58761 0.23875000000000002 0.5823 0.23875000000000002 0.57876 0.24 0.57699 0.2425 0.57876 0.24625
1 0.67611 0.25375000000000003 0.67965 0.2525 0.6814199999999999 0.25125000000000003 0.6814199999999999 0.24625 0.67611 0.24625 0.67257 0.2475 0.67257 0.2525 0.67611 0.25375000000000003
1 0.7115 0.25 0.71504 0.25 0.71858 0.2475 0.71858 0.2425 0.71327 0.2425 0.70973 0.24375 0.70796 0.2475 0.7115 0.25
1 0.74867 0.24 0.73982 0.24125000000000002 0.74159 0.24625 0.74513 0.24625 0.74867 0.24500000000000002 0.74867 0.24
1 0.78584 0.23625 0.77699 0.2375 0.77699 0.2425 0.7823 0.2425 0.78584 0.24125000000000002 0.78584 0.23625
1 0.81593 0.24 0.80708 0.24125000000000002 0.80885 0.24625 0.81593 0.24500000000000002 0.8177 0.2425 0.81593 0.24
1 0.84071 0.24 0.83009 0.24125000000000002 0.83186 0.24625 0.8371700000000001 0.24625 0.84071 0.24375 0.84071 0.24
1 0.89735 0.24625 0.9008800000000001 0.24375 0.9008800000000001 0.23875000000000002 0.89558 0.23875000000000002 0.8902699999999999 0.2425 0.89204 0.24625 0.89735 0.24625
1 0.07433999999999999 0.335 0.07788 0.3325 0.07788 0.32875 0.07433999999999999 0.3275 0.06726 0.32999999999999996 0.06903000000000001 0.335 0.07433999999999999 0.335
1 0.10619 0.325 0.09558 0.32625000000000004 0.09735 0.33125 0.10264999999999999 0.33125 0.10619 0.32875 0.10619 0.325
1 0.13274 0.32125 0.12566 0.32125 0.12212 0.32375 0.12388999999999999 0.3275 0.1292 0.3275 0.13274 0.32625000000000004 0.13274 0.32125
1 0.15752 0.325 0.1646 0.3225 0.1646 0.3175 0.15752 0.3175 0.15398 0.32 0.15398 0.32375 0.15752 0.325
1 0.19115 0.32125 0.19469 0.32 0.19823 0.31625000000000003 0.19646 0.31375000000000003 0.18938 0.31375000000000003 0.18584 0.31625000000000003 0.18584 0.31875 0.19115 0.32125
1 0.24779 0.3125 0.24779 0.3175 0.25664 0.3175 0.26195 0.3125 0.25841 0.31 0.25133 0.31 0.24779 0.3125
1 0.35221 0.31875 0.35752 0.32125 0.36106 0.32 0.3646 0.31625000000000003 0.36283 0.31375000000000003 0.35929 0.31375000000000003 0.35752 0.315 0.35398 0.315 0.35221 0.31875
1 0.41769999999999996 0.3175 0.40885 0.31875 0.40885 0.32375 0.41593 0.32375 0.41947 0.32125 0.41769999999999996 0.3175
1 0.4885 0.31375000000000003 0.48319 0.31375000000000003 0.47965 0.315 0.47788 0.31875 0.48495999999999995 0.32 0.48673 0.32 0.4885 0.31375000000000003
1 0.5380499999999999 0.325 0.5433600000000001 0.32375 0.54513 0.32125 0.54513 0.3175 0.5380499999999999 0.3175 0.53451 0.32 0.53451 0.32375 0.5380499999999999 0.325
1 0.6070800000000001 0.3275 0.61062 0.325 0.61062 0.32125 0.60354 0.32125 0.6 0.32375 0.6 0.3275 0.6070800000000001 0.3275
1 0.6708000000000001 0.3175 0.6654899999999999 0.3175 0.66195 0.31875 0.66195 0.32375 0.6708000000000001 0.32375 0.67257 0.32125 0.6708000000000001 0.3175
1 0.70973 0.3275 0.71681 0.3275 0.72035 0.325 0.71858 0.32125 0.71327 0.32125 0.70973 0.3225 0.70796 0.325 0.70973 0.3275
1 0.76106 0.325 0.75044 0.32625000000000004 0.75221 0.33125 0.75752 0.33125 0.76106 0.32875 0.76106 0.325
1 0.79115 0.32125 0.78761 0.32375 0.78938 0.3275 0.79823 0.32625000000000004 0.79823 0.32125 0.79115 0.32125
1 0.89204 0.3275 0.89558 0.325 0.89558 0.32125 0.8885 0.32125 0.8849600000000001 0.32375 0.8885 0.32875 0.89204 0.3275
1 0.08319 0.4125 0.08142 0.40750000000000003 0.07433999999999999 0.40750000000000003 0.0708 0.41 0.07257 0.41500000000000004 0.07965 0.41500000000000004 0.08319 0.4125
1 0.0708 0.41875 0.07257 0.4225 0.07965 0.4225 0.08319 0.42000000000000004 0.08319 0.41624999999999995 0.07965 0.41500000000000004 0.07611 0.41500000000000004 0.07257 0.41624999999999995 0.0708 0.41875
1 0.11857999999999999 0.41125 0.12212 0.40875000000000006 0.12035 0.40374999999999994 0.11504 0.40374999999999994 0.10973 0.40750000000000003 0.10973 0.41125 0.11857999999999999 0.41125
1 0.12212 0.41624999999999995 0.12212 0.41125 0.11504 0.41125 0.1115 0.4125 0.10973 0.4175 0.11327000000000001 0.41875 0.11857999999999999 0.41875 0.12212 0.41624999999999995
1 0.15929 0.40374999999999994 0.15929 0.40125 0.14867 0.40125 0.14513 0.40374999999999994 0.1469 0.40750000000000003 0.15398 0.40750000000000003 0.15752 0.40625 0.15929 0.40374999999999994
1 0.15575 0.40750000000000003 0.14867 0.40875000000000006 0.1469 0.41125 0.14867 0.41500000000000004 0.15752 0.41375 0.15575 0.40750000000000003
1 0.19823 0.40125 0.19823 0.3975 0.18938 0.3975 0.18584 0.4 0.18761 0.40374999999999994 0.19469 0.40374999999999994 0.19823 0.40125
1 0.19292 0.41125 0.19646 0.40875000000000006 0.19646 0.40499999999999997 0.18938 0.40499999999999997 0.18584 0.40750000000000003 0.18584 0.41125 0.19292 0.41125
1 0.24779 0.39375 0.23717000000000002 0.395 0.2354 0.3975 0.23717000000000002 0.40125 0.24425 0.40125 0.24779 0.39875 0.24779 0.39375
1 0.24779 0.40499999999999997 0.24602 0.40125 0.23894 0.40125 0.2354 0.40374999999999994 0.23717000000000002 0.40750000000000003 0.24425 0.40750000000000003 0.24779 0.40499999999999997
1 0.32035 0.395 0.32035 0.39 0.31327 0.39 0.30973 0.39249999999999996 0.30973 0.3975 0.31858 0.3975 0.32035 0.395
1 0.30973 0.40374999999999994 0.31858 0.40374999999999994 0.32212 0.40125 0.32212 0.39875 0.32035 0.39625 0.31681 0.39625 0.31327 0.3975 0.30973 0.4 0.30973 0.40374999999999994
1 0.4 0.3975 0.40354 0.39625 0.40530999999999995 0.39 0.39823 0.39 0.39469 0.39125 0.39646 0.3975 0.4 0.3975
1 0.40530999999999995 0.40125 0.40530999999999995 0.3975 0.39823 0.3975 0.39469 0.4 0.39469 0.40374999999999994 0.40354 0.40374999999999994 0.40530999999999995 0.40125
1 0.46548999999999996 0.40125 0.45487 0.4025 0.45664 0.40750000000000003 0.46195 0.40750000000000003 0.46548999999999996 0.40499999999999997 0.46548999999999996 0.40125
1 0.46372 0.39375 0.46726 0.39 0.46548999999999996 0.38625 0.46018 0.38625 0.45664 0.3875 0.45664 0.39375 0.46372 0.39375
1 0.55752 0.39 0.56106 0.38875000000000004 0.56283 0.3825 0.55575 0.3825 0.55221 0.385 0.5539799999999999 0.39 0.55752 0.39
1 0.56106 0.39625 0.56283 0.39375 0.56283 0.39 0.55752 0.39 0.5539799999999999 0.39125 0.55221 0.39625 0.56106 0.39625
1 0.67611 0.39375 0.6814199999999999 0.39375 0.6867300000000001 0.39 0.68496 0.38625 0.67965 0.38625 0.67611 0.3875 0.67434 0.39 0.67611 0.39375
1 0.67434 0.4 0.68319 0.4 0.6867300000000001 0.3975 0.68496 0.39375 0.67965 0.39375 0.67611 0.395 0.67434 0.3975 0.67434 0.4
1 0.73628 0.39 0.73982 0.3875 0.73982 0.3825 0.73274 0.3825 0.72743 0.38625 0.72743 0.39 0.73628 0.39
1 0.73451 0.39875 0.73982 0.395 0.73982 0.39 0.73274 0.39 0.7292 0.39249999999999996 0.73097 0.39875 0.73451 0.39875
1 0.7823 0.3875 0.7823 0.39 0.79115 0.39 0.79469 0.3875 0.79469 0.3825 0.78938 0.3825 0.78584 0.38375 0.78407 0.385 0.7823 0.3875
1 0.78938 0.3975 0.79292 0.39625 0.79469 0.39 0.78761 0.39 0.78407 0.39125 0.78407 0.3975 0.78938 0.3975
1 0.9061899999999999 0.3975 0.90973 0.395 0.90973 0.39 0.9026500000000001 0.39 0.89735 0.39375 0.8991199999999999 0.3975 0.9061899999999999 0.3975
1 0.90973 0.40125 0.9008800000000001 0.40125 0.8991199999999999 0.40374999999999994 0.8991199999999999 0.40750000000000003 0.90973 0.40625 0.90973 0.40125
1 0.9504400000000001 0.39125 0.9539799999999999 0.39125 0.95929 0.3875 0.95929 0.385 0.95752 0.3825 0.9486700000000001 0.38375 0.9469 0.38625 0.9469 0.38875000000000004 0.9504400000000001 0.39125
1 0.07611 0.46375 0.07965 0.4625 0.08319 0.45999999999999996 0.08319 0.4575 0.07965 0.45625 0.07611 0.4575 0.07433999999999999 0.4575 0.07611 0.46375
1 0.9486700000000001 0.3975 0.9539799999999999 0.3975 0.95752 0.395 0.95929 0.39249999999999996 0.95929 0.38875000000000004 0.9557499999999999 0.38875000000000004 0.9504400000000001 0.39 0.9469 0.39249999999999996 0.9486700000000001 0.3975
1 0.08319 0.46749999999999997 0.07257 0.46875 0.07257 0.47375 0.07965 0.47375 0.08319 0.47125000000000006 0.08319 0.46749999999999997
1 0.13451 0.46749999999999997 0.13982 0.46375 0.13805 0.45999999999999996 0.13274 0.45999999999999996 0.1292 0.4625 0.1292 0.46749999999999997 0.13451 0.46749999999999997
1 0.13628 0.475 0.13982 0.4725 0.13982 0.46749999999999997 0.13274 0.46749999999999997 0.1292 0.47000000000000003 0.13097 0.475 0.13628 0.475
1 0.19469 0.46749999999999997 0.19292 0.46375 0.18584 0.46375 0.1823 0.46624999999999994 0.18407 0.47125000000000006 0.19115 0.47125000000000006 0.19469 0.46749999999999997
1 0.19469 0.47125000000000006 0.18584 0.47125000000000006 0.1823 0.4725 0.18407 0.47750000000000004 0.19115 0.47750000000000004 0.19469 0.475 0.19469 0.47125000000000006
1 0.2531 0.47125000000000006 0.2531 0.46749999999999997 0.24425 0.46749999999999997 0.24070999999999998 0.47000000000000003 0.24247999999999997 0.475 0.24779 0.475 0.25133 0.47375 0.2531 0.47125000000000006
1 0.24247999999999997 0.47625 0.24247999999999997 0.48125 0.2531 0.48 0.25487000000000004 0.47750000000000004 0.25487000000000004 0.475 0.24247999999999997 0.47625
1 0.27788 0.47125000000000006 0.28142 0.47125000000000006 0.28496 0.47000000000000003 0.28673000000000004 0.46875 0.28673000000000004 0.46375 0.28142 0.46375 0.27788 0.465 0.27610999999999997 0.46749999999999997 0.27788 0.47125000000000006
1 0.27965 0.485 0.28319 0.485 0.2885 0.48125 0.28673000000000004 0.47750000000000004 0.28142 0.47750000000000004 0.27610999999999997 0.48125 0.27610999999999997 0.48375 0.27965 0.485
1 0.35929 0.46875 0.35929 0.46375 0.35398 0.46375 0.35044 0.465 0.35044 0.47000000000000003 0.35929 0.46875
1 0.35044 0.485 0.35575 0.485 0.35929 0.48250000000000004 0.35929 0.47750000000000004 0.35398 0.47750000000000004 0.35044 0.47874999999999995 0.34867 0.48250000000000004 0.35044 0.485
1 0.42832 0.47000000000000003 0.43894 0.47000000000000003 0.44071 0.465 0.43894 0.4625 0.4354 0.46375 0.43186 0.46375 0.42832 0.46624999999999994 0.42832 0.47000000000000003
1 0.43894 0.48250000000000004 0.43894 0.47750000000000004 0.43186 0.47750000000000004 0.42832 0.48 0.42832 0.485 0.43716999999999995 0.485 0.43894 0.48250000000000004
1 0.49558 0.46375 0.49204 0.46624999999999994 0.49204 0.47000000000000003 0.50265 0.46875 0.50088 0.46375 0.49558 0.46375
1 0.49912 0.495 0.50265 0.4925 0.50265 0.48875 0.49558 0.48875 0.49204 0.49124999999999996 0.49381 0.495 0.49912 0.495
1 0.5646 0.465 0.56283 0.45999999999999996 0.5592900000000001 0.45999999999999996 0.55575 0.46125 0.55575 0.46624999999999994 0.5646 0.465
1 0.5646 0.48875 0.55752 0.48875 0.5539799999999999 0.49124999999999996 0.55575 0.495 0.56106 0.495 0.5646 0.49375 0.5646 0.48875
1 0.61062 0.49124999999999996 0.61416 0.48875 0.61239 0.485 0.6070800000000001 0.485 0.60354 0.48624999999999996 0.60354 0.49124999999999996 0.61062 0.49124999999999996
1 0.61239 0.46375 0.6070800000000001 0.46375 0.6017699999999999 0.46749999999999997 0.60354 0.47000000000000003 0.61239 0.47000000000000003 0.61416 0.46749999999999997 0.61239 0.46375
1 0.64602 0.46875 0.64602 0.47375 0.6548700000000001 0.4725 0.6548700000000001 0.46749999999999997 0.64602 0.46875
1 0.6548700000000001 0.49000000000000005 0.6548700000000001 0.485 0.6495599999999999 0.485 0.64602 0.48624999999999996 0.64602 0.49124999999999996 0.6548700000000001 0.49000000000000005
1 0.72035 0.4875 0.72212 0.485 0.72212 0.48125 0.71504 0.48125 0.7115 0.48250000000000004 0.70973 0.48875 0.72035 0.4875
1 0.70973 0.48125 0.72035 0.48 0.72212 0.47750000000000004 0.72035 0.47375 0.71681 0.47375 0.71327 0.475 0.70973 0.47750000000000004 0.70973 0.48125
1 0.81593 0.46375 0.8123900000000001 0.46624999999999994 0.81416 0.47000000000000003 0.82301 0.46875 0.82301 0.46375 0.81593 0.46375
1 0.81416 0.49000000000000005 0.81416 0.495 0.8194699999999999 0.495 0.82301 0.49375 0.82478 0.49000000000000005 0.81416 0.49000000000000005
1 0.87965 0.45999999999999996 0.8743399999999999 0.45999999999999996 0.8708 0.46125 0.8708 0.46624999999999994 0.87965 0.46624999999999994 0.88142 0.46375 0.87965 0.45999999999999996
1 0.87965 0.49375 0.88142 0.49124999999999996 0.88142 0.48875 0.8743399999999999 0.48875 0.8708 0.49000000000000005 0.8708 0.495 0.87965 0.49375
1 0.9292 0.46375 0.92566 0.46624999999999994 0.92743 0.47000000000000003 0.93628 0.46875 0.9345100000000001 0.46375 0.9292 0.46375
1 0.9292 0.485 0.92566 0.4875 0.92743 0.49124999999999996 0.93628 0.49000000000000005 0.9345100000000001 0.485 0.9292 0.485
1 0.96283 0.46749999999999997 0.95929 0.47000000000000003 0.96106 0.47375 0.9699099999999999 0.4725 0.9699099999999999 0.46749999999999997 0.96283 0.46749999999999997
1 0.96283 0.485 0.95929 0.4875 0.96106 0.49124999999999996 0.9699099999999999 0.49000000000000005 0.9699099999999999 0.485 0.96283 0.485
1 0.0885 0.56125 0.09381 0.5575 0.09204 0.55375 0.08496000000000001 0.55375 0.08142 0.55625 0.08142 0.56125 0.0885 0.56125
1 0.0885 0.56875 0.09381 0.5650000000000001 0.09381 0.56125 0.08496000000000001 0.56125 0.08142 0.56375 0.08142 0.56875 0.0885 0.56875
1 0.18584 0.5675 0.19646 0.5662499999999999 0.19646 0.5650000000000001 0.19823 0.5625 0.19469 0.5599999999999999 0.19115 0.5599999999999999 0.18761 0.56125 0.18584 0.5675
1 0.25133 0.55375 0.24956 0.55 0.24247999999999997 0.55 0.23894 0.55125 0.24070999999999998 0.5575 0.24602 0.5575 0.24956 0.55625 0.25133 0.55375
1 0.24956 0.5575 0.24247999999999997 0.5575 0.23894 0.56125 0.23894 0.56375 0.24956 0.56375 0.24956 0.5575
1 0.30265 0.5475 0.29381 0.5475 0.29203999999999997 0.55 0.29203999999999997 0.55375 0.30265 0.55375 0.30265 0.5475
1 0.29558 0.55375 0.29203999999999997 0.55625 0.29203999999999997 0.5599999999999999 0.30265 0.5587500000000001 0.30265 0.55375 0.29558 0.55375
1 0.35575 0.5475 0.35575 0.545 0.35398 0.5425 0.3469 0.5425 0.34336 0.545 0.34336 0.55 0.35221 0.55 0.35575 0.5475
1 0.35221 0.56125 0.35575 0.5575 0.35575 0.55375 0.34867 0.55375 0.34513 0.5549999999999999 0.34513 0.56125 0.35221 0.56125
1 0.19292 0.56125 0.19646 0.5587500000000001 0.19646 0.55375 0.18938 0.55375 0.18407 0.5575 0.18584 0.56125 0.19292 0.56125
1 0.44425 0.5475 0.44779 0.545 0.44602 0.54 0.43716999999999995 0.54 0.4354 0.5425 0.4354 0.545 0.43716999999999995 0.5475 0.44425 0.5475
1 0.44248000000000004 0.5650000000000001 0.44779 0.5625 0.44779 0.5575 0.44071 0.5575 0.4354 0.56125 0.43716999999999995 0.5650000000000001 0.44248000000000004 0.5650000000000001
1 0.62832 0.54375 0.62124 0.54375 0.6176999999999999 0.54625 0.61947 0.55 0.62478 0.55 0.62832 0.54875 0.62832 0.54375
1 0.70442 0.56125 0.70265 0.5575 0.6973499999999999 0.5575 0.69381 0.56125 0.69558 0.56375 0.70265 0.56375 0.70442 0.56125
1 0.70265 0.54 0.69381 0.54125 0.69558 0.54625 0.70088 0.54625 0.70442 0.54375 0.70265 0.54
1 0.63009 0.56125 0.62832 0.5575 0.62124 0.5575 0.6176999999999999 0.5599999999999999 0.6176999999999999 0.56375 0.62655 0.56375 0.63009 0.56125
1 0.77876 0.54 0.76814 0.54125 0.76814 0.54625 0.77522 0.54625 0.77876 0.54375 0.77876 0.54
1 0.77522 0.5650000000000001 0.77876 0.5625 0.77876 0.5575 0.77168 0.5575 0.76814 0.5587500000000001 0.76814 0.5650000000000001 0.77522 0.5650000000000001
1 0.8991199999999999 0.55375 0.9026500000000001 0.55125 0.9008800000000001 0.54625 0.89735 0.54625 0.89381 0.5475 0.89204 0.55375 0.8991199999999999 0.55375
1 0.9557499999999999 0.5599999999999999 0.9539799999999999 0.5575 0.94513 0.5587500000000001 0.9504400000000001 0.56375 0.95221 0.56375 0.9539799999999999 0.5625 0.9557499999999999 0.5599999999999999
1 0.94513 0.54625 0.9539799999999999 0.545 0.9557499999999999 0.54125 0.94513 0.54125 0.94513 0.54625
1 0.9026500000000001 0.5700000000000001 0.9026500000000001 0.5650000000000001 0.89558 0.5650000000000001 0.89204 0.5662499999999999 0.8902699999999999 0.57125 0.9026500000000001 0.5700000000000001
1 0.07965 0.6325000000000001 0.08319 0.63 0.08142 0.62625 0.07611 0.62625 0.07257 0.6287499999999999 0.07611 0.63375 0.07965 0.6325000000000001
1 0.12212 0.63 0.11857999999999999 0.6325000000000001 0.12035 0.63625 0.1292 0.635 0.12743 0.63 0.12212 0.63
1 0.17699 0.63 0.16814 0.63125 0.16814 0.63625 0.17699 0.63625 0.17876 0.63375 0.17699 0.63
1 0.21061999999999997 0.64 0.21416 0.6375 0.21239 0.63375 0.20708000000000001 0.63375 0.20354 0.63625 0.20354 0.64 0.21061999999999997 0.64
1 0.08319 0.6487499999999999 0.08319 0.64625 0.07965 0.64375 0.07433999999999999 0.64375 0.0708 0.64625 0.0708 0.65125 0.07965 0.65125 0.08319 0.6487499999999999
1 0.12743 0.6475 0.11857999999999999 0.6487499999999999 0.12035 0.655 0.12743 0.655 0.1292 0.6525000000000001 0.12743 0.6475
1 0.16814 0.655 0.17699 0.6537499999999999 0.17876 0.65125 0.17699 0.6475 0.17168 0.6475 0.16814 0.6487499999999999 0.16637 0.6525000000000001 0.16814 0.655
1 0.21416 0.655 0.21239 0.65125 0.20531000000000002 0.65125 0.20177 0.655 0.20354 0.6587500000000001 0.21061999999999997 0.6587500000000001 0.21416 0.655
1 0.29558 0.63375 0.29203999999999997 0.63625 0.29381 0.64 0.30265 0.63875 0.30265 0.63375 0.29558 0.63375
1 0.24779 0.64125 0.24779 0.6375 0.23894 0.6375 0.2354 0.64 0.2354 0.64375 0.24425 0.64375 0.24779 0.64125
1 0.24779 0.655 0.23894 0.655 0.2354 0.6575 0.23717000000000002 0.66125 0.24602 0.66125 0.24779 0.6587500000000001 0.24779 0.655
1 0.27610999999999997 0.6625 0.28142 0.6587500000000001 0.27965 0.655 0.27257 0.655 0.26903 0.6575 0.27080000000000004 0.6625 0.27610999999999997 0.6625
1 0.27610999999999997 0.645 0.28142 0.64125 0.27965 0.63625 0.27080000000000004 0.6375 0.26903 0.64 0.27080000000000004 0.645 0.27610999999999997 0.645
1 0.29912 0.655 0.30265 0.6525000000000001 0.30265 0.6475 0.29735 0.6475 0.29381 0.6487499999999999 0.29203999999999997 0.655 0.29912 0.655
1 0.34867 0.6375 0.3469 0.63375 0.34159 0.63375 0.33805 0.635 0.33628 0.6375 0.33982 0.64 0.34513 0.64 0.34867 0.6375
1 0.3469 0.6537499999999999 0.34867 0.65125 0.3469 0.64625 0.34159 0.6475 0.33805 0.65 0.33982 0.655 0.3469 0.6537499999999999
1 0.42123999999999995 0.63375 0.41769999999999996 0.6325000000000001 0.41239 0.63375 0.40885 0.6375 0.41062000000000004 0.64 0.41947 0.63875 0.41947 0.63625 0.42123999999999995 0.63375
1 0.48495999999999995 0.635 0.48495999999999995 0.64 0.49381 0.63875 0.49381 0.63375 0.48495999999999995 0.635
1 0.41593 0.655 0.41947 0.6537499999999999 0.42123999999999995 0.6475 0.41416000000000003 0.6475 0.41062000000000004 0.6487499999999999 0.40885 0.655 0.41593 0.655
1 0.5292 0.63 0.52566 0.6325000000000001 0.5274300000000001 0.63625 0.53628 0.635 0.53451 0.63 0.5292 0.63
1 0.56814 0.63375 0.5646 0.63625 0.56637 0.64 0.5752200000000001 0.63875 0.5752200000000001 0.63375 0.56814 0.63375
1 0.61062 0.6375 0.6070800000000001 0.63625 0.60354 0.6375 0.6017699999999999 0.6375 0.6 0.64375 0.6070800000000001 0.64375 0.61062 0.6425 0.61062 0.6375
1 0.48495999999999995 0.66625 0.49381 0.665 0.49558 0.6625 0.49381 0.6575 0.4885 0.6575 0.48495999999999995 0.6587500000000001 0.48319 0.66125 0.48495999999999995 0.66625
1 0.53274 0.66625 0.5380499999999999 0.6625 0.53628 0.6575 0.5292 0.6575 0.52566 0.6599999999999999 0.5274300000000001 0.66625 0.53274 0.66625
1 0.5752200000000001 0.6599999999999999 0.5752200000000001 0.655 0.56814 0.655 0.5646 0.6575 0.56637 0.6625 0.57345 0.6625 0.5752200000000001 0.6599999999999999
1 0.6 0.6625 0.6070800000000001 0.6625 0.61062 0.6599999999999999 0.61062 0.655 0.60354 0.655 0.6 0.65625 0.59823 0.6587500000000001 0.6 0.6625
1 0.67257 0.65125 0.67611 0.65 0.67788 0.64375 0.6708000000000001 0.64375 0.6654899999999999 0.6475 0.6654899999999999 0.65125 0.67257 0.65125
1 0.67611 0.6575 0.67788 0.655 0.67788 0.65125 0.6708000000000001 0.65125 0.6654899999999999 0.655 0.66726 0.6587500000000001 0.67611 0.6575
1 0.8106199999999999 0.635 0.8106199999999999 0.64 0.8194699999999999 0.63875 0.8194699999999999 0.63375 0.8106199999999999 0.635
1 0.8106199999999999 0.6599999999999999 0.8106199999999999 0.665 0.8194699999999999 0.6637500000000001 0.8194699999999999 0.6587500000000001 0.8106199999999999 0.6599999999999999
1 0.88142 0.6587500000000001 0.87257 0.6599999999999999 0.87257 0.665 0.87965 0.665 0.8831899999999999 0.6625 0.88142 0.6587500000000001
1 0.87965 0.63625 0.8831899999999999 0.6325000000000001 0.88142 0.63 0.87611 0.63 0.87257 0.63125 0.87257 0.63625 0.87965 0.63625
1 0.9168100000000001 0.63375 0.91327 0.63625 0.91504 0.64 0.9238899999999999 0.63875 0.9238899999999999 0.63375 0.9168100000000001 0.63375
1 0.92566 0.6587500000000001 0.9238899999999999 0.655 0.9168100000000001 0.655 0.91327 0.65625 0.91327 0.6625 0.92035 0.6625 0.9238899999999999 0.66125 0.92566 0.6587500000000001
1 0.9539799999999999 0.645 0.96106 0.645 0.9663700000000001 0.64125 0.9646000000000001 0.63625 0.95929 0.63625 0.9557499999999999 0.6375 0.95221 0.64 0.9539799999999999 0.645
1 0.96106 0.6625 0.9646000000000001 0.6599999999999999 0.9646000000000001 0.655 0.95752 0.655 0.9539799999999999 0.6575 0.9557499999999999 0.6625 0.96106 0.6625
1 0.08142 0.7375 0.08496000000000001 0.73625 0.0885 0.73375 0.08673 0.72875 0.08142 0.72875 0.07788 0.73 0.07611 0.7375 0.08142 0.7375
1 0.08496000000000001 0.74375 0.08673 0.7424999999999999 0.0885 0.74 0.0885 0.73625 0.08319 0.73625 0.07611 0.73875 0.07611 0.74375 0.08496000000000001 0.74375
1 0.18053 0.73375 0.18053 0.73 0.17168 0.73 0.16814 0.7325 0.16991 0.7375 0.17699 0.7375 0.18053 0.73375
1 0.17876 0.7424999999999999 0.18053 0.74 0.17876 0.73625 0.17345 0.73625 0.16814 0.74 0.16814 0.74375 0.17876 0.7424999999999999
1 0.22654999999999997 0.73125 0.22654999999999997 0.72875 0.22477999999999998 0.7262500000000001 0.2177 0.7262500000000001 0.21416 0.72875 0.21593 0.73375 0.22301 0.73375 0.22654999999999997 0.73125
1 0.22654999999999997 0.7375 0.22477999999999998 0.73375 0.2177 0.73375 0.21416 0.73625 0.21593 0.74 0.22301 0.74 0.22654999999999997 0.7375
1 0.26903 0.7224999999999999 0.25841 0.72375 0.26017999999999997 0.73 0.26549 0.73 0.26903 0.7275 0.26903 0.7224999999999999
1 0.26726 0.73625 0.26903 0.73375 0.26903 0.73 0.26195 0.73 0.25841 0.7325 0.26017999999999997 0.7375 0.26726 0.73625
1 0.31858 0.7212500000000001 0.31681 0.71875 0.31327 0.7175 0.30796 0.72 0.30796 0.725 0.3115 0.7262500000000001 0.31681 0.725 0.31858 0.7212500000000001
1 0.31327 0.7375 0.31681 0.73625 0.31858 0.73375 0.31858 0.73 0.30796 0.73 0.30619 0.7325 0.30619 0.735 0.30973 0.7375 0.31327 0.7375
1 0.3823 0.7224999999999999 0.38584 0.72 0.38584 0.7175 0.38407 0.7150000000000001 0.37699 0.7162499999999999 0.37522 0.71875 0.37699 0.7224999999999999 0.3823 0.7224999999999999
1 0.38407 0.74 0.38761 0.7375 0.38584 0.7325 0.38053 0.7325 0.37522 0.73625 0.37522 0.74 0.38407 0.74
1 0.49027000000000004 0.71875 0.48495999999999995 0.7212500000000001 0.48495999999999995 0.725 0.49381 0.72375 0.49381 0.72 0.49027000000000004 0.71875
1 0.53628 0.7212500000000001 0.5380499999999999 0.7162499999999999 0.5292 0.7162499999999999 0.5274300000000001 0.71875 0.5292 0.7224999999999999 0.53274 0.7224999999999999 0.53628 0.7212500000000001
1 0.49558 0.73375 0.4885 0.73375 0.48495999999999995 0.735 0.48495999999999995 0.74 0.49381 0.74 0.49558 0.7375 0.49558 0.73375
1 0.53097 0.73375 0.5274300000000001 0.73625 0.5274300000000001 0.74 0.53982 0.73875 0.5380499999999999 0.73375 0.53097 0.73375
1 0.5823 0.7162499999999999 0.57168 0.7162499999999999 0.5699099999999999 0.72 0.57168 0.7224999999999999 0.57699 0.7224999999999999 0.5823 0.71875 0.5823 0.7162499999999999
1 0.57876 0.74 0.5823 0.7375 0.58053 0.7325 0.5752200000000001 0.7325 0.5699099999999999 0.73625 0.57168 0.74 0.57876 0.74
1 0.6495599999999999 0.7275 0.6495599999999999 0.7224999999999999 0.64425 0.7224999999999999 0.64071 0.72375 0.64071 0.72875 0.6495599999999999 0.7275
1 0.68496 0.7224999999999999 0.69027 0.7224999999999999 0.69381 0.72 0.69204 0.7150000000000001 0.6885 0.7150000000000001 0.68496 0.7162499999999999 0.68319 0.71875 0.68496 0.7224999999999999
1 0.64248 0.7474999999999999 0.64602 0.7474999999999999 0.6495599999999999 0.7462500000000001 0.65133 0.7424999999999999 0.6495599999999999 0.74 0.64602 0.74 0.64248 0.74125 0.6389400000000001 0.745 0.64248 0.7474999999999999
1 0.69558 0.73625 0.69381 0.73375 0.6867300000000001 0.73375 0.68319 0.73625 0.68496 0.74 0.69027 0.74 0.69381 0.73875 0.69558 0.73625
1 0.7469 0.71375 0.7469 0.71875 0.75575 0.7175 0.75575 0.7125 0.7469 0.71375
1 0.7469 0.73 0.7469 0.73625 0.75575 0.735 0.75575 0.73 0.7469 0.73
1 0.8053100000000001 0.7224999999999999 0.80885 0.72 0.80885 0.7162499999999999 0.8053100000000001 0.7150000000000001 0.80177 0.7162499999999999 0.8 0.7162499999999999 0.8 0.7224999999999999 0.8053100000000001 0.7224999999999999
1 0.80708 0.73375 0.79823 0.735 0.8 0.74 0.8053100000000001 0.74 0.80885 0.7375 0.80708 0.73375
1 0.9185800000000001 0.72375 0.9185800000000001 0.72875 0.92743 0.7275 0.92743 0.7224999999999999 0.9185800000000001 0.72375
1 0.84779 0.7224999999999999 0.85664 0.7212500000000001 0.85487 0.7150000000000001 0.8513299999999999 0.7150000000000001 0.84779 0.7162499999999999 0.84602 0.72 0.84779 0.7224999999999999
1 0.9805300000000001 0.7262500000000001 0.98407 0.725 0.9858399999999999 0.72375 0.9876099999999999 0.7212500000000001 0.98407 0.71875 0.9805300000000001 0.72 0.97876 0.72 0.97699 0.725 0.9805300000000001 0.7262500000000001
1 0.85664 0.73375 0.84956 0.73375 0.84602 0.735 0.84779 0.74 0.85487 0.74 0.8584099999999999 0.7375 0.85664 0.73375
1 0.89381 0.74125 0.89204 0.7375 0.8831899999999999 0.7375 0.88142 0.74 0.88142 0.74375 0.89204 0.74375 0.89381 0.74125
1 0.89204 0.71875 0.8849600000000001 0.71875 0.88142 0.7212500000000001 0.8831899999999999 0.7262500000000001 0.8885 0.7262500000000001 0.89204 0.725 0.89204 0.71875
1 0.92035 0.74125 0.9168100000000001 0.7424999999999999 0.9185800000000001 0.7474999999999999 0.92743 0.7462500000000001 0.92743 0.74125 0.92035 0.74125
1 0.95929 0.73 0.96283 0.7275 0.96283 0.7224999999999999 0.9557499999999999 0.7224999999999999 0.95221 0.725 0.9539799999999999 0.73 0.95929 0.73
1 0.9646000000000001 0.745 0.96283 0.74 0.9539799999999999 0.74 0.95221 0.7424999999999999 0.9539799999999999 0.7474999999999999 0.96106 0.7474999999999999 0.9646000000000001 0.745
1 0.9876099999999999 0.7375 0.9858399999999999 0.73375 0.97876 0.73375 0.97522 0.73625 0.97699 0.74 0.98407 0.74 0.9876099999999999 0.7375
1 0.08496000000000001 0.8125 0.09204 0.8125 0.09558 0.8087500000000001 0.09381 0.80625 0.09026999999999999 0.805 0.08673 0.80625 0.08319 0.8087500000000001 0.08496000000000001 0.8125
1 0.16106 0.8125 0.16991 0.81125 0.16991 0.805 0.16637 0.805 0.1646 0.80625 0.15929 0.8074999999999999 0.16106 0.8125
1 0.09381 0.82 0.08673 0.82 0.08319 0.8225 0.08496000000000001 0.8275 0.09026999999999999 0.8275 0.09381 0.8262499999999999 0.09381 0.82
1 0.16991 0.82 0.16283 0.82 0.15929 0.82125 0.15752 0.8262499999999999 0.16106 0.8275 0.1646 0.8275 0.17168 0.825 0.16991 0.82
1 0.24779 0.80625 0.23894 0.8074999999999999 0.23894 0.8125 0.24602 0.8125 0.24956 0.8099999999999999 0.24779 0.80625
1 0.28673000000000004 0.8025 0.28319 0.805 0.28496 0.8087500000000001 0.29381 0.8074999999999999 0.29381 0.8025 0.28673000000000004 0.8025
1 0.33274 0.80625 0.32566 0.80625 0.32212 0.8087500000000001 0.32389 0.8125 0.3292 0.8125 0.33274 0.81125 0.33274 0.80625
1 0.3646 0.8162499999999999 0.36814 0.8150000000000001 0.36637 0.8087500000000001 0.36283 0.8099999999999999 0.35752 0.81125 0.35929 0.8162499999999999 0.3646 0.8162499999999999
1 0.36814 0.8275 0.36106 0.8275 0.35752 0.82875 0.35929 0.83375 0.3646 0.83375 0.36814 0.83125 0.36814 0.8275
1 0.32566 0.8275 0.32212 0.8300000000000001 0.32389 0.83375 0.33274 0.8324999999999999 0.33274 0.8275 0.32566 0.8275
1 0.29558 0.835 0.29558 0.8324999999999999 0.29381 0.8300000000000001 0.28673000000000004 0.8300000000000001 0.28319 0.8324999999999999 0.28496 0.8375 0.29203999999999997 0.8375 0.29558 0.835
1 0.23894 0.8375 0.24602 0.8375 0.24956 0.835 0.24779 0.8300000000000001 0.24247999999999997 0.8300000000000001 0.23894 0.83125 0.23717000000000002 0.83375 0.23894 0.8375
1 0.43009000000000003 0.8162499999999999 0.41947 0.8175000000000001 0.42123999999999995 0.8237500000000001 0.42832 0.8237500000000001 0.43186 0.8225 0.43009000000000003 0.8162499999999999
1 0.42655000000000004 0.8300000000000001 0.43009000000000003 0.8275 0.43009000000000003 0.8237500000000001 0.42301 0.8237500000000001 0.41947 0.8262499999999999 0.41947 0.8300000000000001 0.42655000000000004 0.8300000000000001
1 0.54867 0.80625 0.53982 0.8074999999999999 0.53982 0.8125 0.5469 0.8125 0.55044 0.8099999999999999 0.54867 0.80625
1 0.60531 0.80625 0.60354 0.8025 0.59823 0.8025 0.59469 0.805 0.59646 0.8087500000000001 0.6017699999999999 0.8087500000000001 0.60531 0.80625
1 0.6389400000000001 0.80625 0.63186 0.80625 0.62832 0.8087500000000001 0.63009 0.8125 0.6354 0.8125 0.6389400000000001 0.81125 0.6389400000000001 0.80625
1 0.67257 0.81375 0.6708000000000001 0.8087500000000001 0.6654899999999999 0.8087500000000001 0.66195 0.81125 0.66372 0.8162499999999999 0.66903 0.8162499999999999 0.67257 0.81375
1 0.55044 0.83375 0.55044 0.83125 0.53982 0.8324999999999999 0.54159 0.8375 0.54513 0.8375 0.54867 0.83625 0.55044 0.83375
1 0.6389400000000001 0.8275 0.63186 0.8275 0.62832 0.82875 0.63009 0.83375 0.6354 0.83375 0.6389400000000001 0.83125 0.6389400000000001 0.8275
1 0.66726 0.83375 0.6708000000000001 0.8324999999999999 0.6708000000000001 0.8275 0.6654899999999999 0.8275 0.66195 0.82875 0.66372 0.83375 0.66726 0.83375
1 0.9026500000000001 0.8087500000000001 0.89204 0.8087500000000001 0.8885 0.81125 0.8885 0.81375 0.89204 0.8162499999999999 0.90442 0.8150000000000001 0.9026500000000001 0.8087500000000001
1 0.8885 0.82875 0.8902699999999999 0.83375 0.90442 0.8324999999999999 0.9026500000000001 0.8275 0.8885 0.82875
1 0.72566 0.82 0.72566 0.8162499999999999 0.71681 0.8162499999999999 0.71327 0.81875 0.71504 0.8237500000000001 0.72035 0.8237500000000001 0.72389 0.8225 0.72566 0.82
1 0.72035 0.83125 0.72566 0.8275 0.72566 0.825 0.72212 0.8225 0.71858 0.8237500000000001 0.71327 0.825 0.71504 0.83125 0.72035 0.83125
1 0.8353999999999999 0.82 0.83894 0.81875 0.83894 0.8125 0.83363 0.8125 0.83009 0.81375 0.8283200000000001 0.82 0.8353999999999999 0.82
1 0.83186 0.8237500000000001 0.8283200000000001 0.8262499999999999 0.8283200000000001 0.8300000000000001 0.83894 0.82875 0.83894 0.8237500000000001 0.83186 0.8237500000000001
1 0.77876 0.8162499999999999 0.76814 0.8175000000000001 0.76814 0.8237500000000001 0.77522 0.8237500000000001 0.77876 0.82125 0.77876 0.8162499999999999
1 0.77876 0.82875 0.77699 0.8237500000000001 0.77168 0.8237500000000001 0.76814 0.8262499999999999 0.76991 0.83125 0.77522 0.83125 0.77876 0.82875
1 0.6017699999999999 0.8375 0.60531 0.835 0.60354 0.8300000000000001 0.6 0.8300000000000001 0.59646 0.83125 0.59646 0.8375 0.6017699999999999 0.8375
0 0.25487000000000004 0.1375 0.25841 0.13874999999999998 0.26017999999999997 0.145 0.27080000000000004 0.145 0.26903 0.135 0.26195 0.13374999999999998 0.24602 0.1325 0.23186 0.1325 0.23186 0.13625 0.23894 0.13625 0.24070999999999998 0.1375 0.25487000000000004 0.1375
0 0.8849600000000001 0.13874999999999998 0.9008800000000001 0.13874999999999998 0.9026500000000001 0.13999999999999999 0.9238899999999999 0.14125000000000001 0.9486700000000001 0.14125000000000001 0.9486700000000001 0.1325 0.94513 0.13125 0.9221199999999999 0.13125 0.90442 0.12875 0.88673 0.12875 0.88673 0.1325 0.9008800000000001 0.13374999999999998 0.8849600000000001 0.135 0.8849600000000001 0.13874999999999998
0 0.14867 0.21625 0.15575 0.21875 0.17345 0.21875 0.17699 0.22125 0.17699 0.22374999999999998 0.18584 0.22374999999999998 0.18761 0.225 0.2 0.22625 0.22654999999999997 0.22625 0.22654999999999997 0.2225 0.22832 0.22125 0.22654999999999997 0.21625 0.19823 0.21625 0.18584 0.21375000000000002 0.16991 0.215 0.16283 0.215 0.15398 0.2125 0.14336 0.21125 0.10442 0.21000000000000002 0.10442 0.215 0.1292 0.215 0.13805 0.21749999999999997 0.14867 0.21625
0 0.32035 0.22000000000000003 0.34336 0.22125 0.35752 0.22374999999999998 0.35752 0.22625 0.36106 0.22875 0.37168 0.22749999999999998 0.40530999999999995 0.22999999999999998 0.42655000000000004 0.22875 0.42655000000000004 0.22374999999999998 0.42478 0.22125 0.40708 0.22125 0.40530999999999995 0.22000000000000003 0.3823 0.22000000000000003 0.36106 0.21749999999999997 0.33628 0.21749999999999997 0.3115 0.215 0.28496 0.215 0.28496 0.21875 0.29558 0.21875 0.29735 0.22000000000000003 0.32035 0.22000000000000003
0 0.8 0.22000000000000003 0.8035399999999999 0.22125 0.80708 0.225 0.8123900000000001 0.22625 0.8177 0.22625 0.8177 0.21749999999999997 0.81416 0.21749999999999997 0.8123900000000001 0.21625 0.8 0.215 0.78761 0.215 0.78761 0.21875 0.79115 0.21875 0.79292 0.22000000000000003 0.8 0.22000000000000003
0 0.40354 0.30375 0.41947 0.305 0.41947 0.2975 0.41593 0.29500000000000004 0.39469 0.29500000000000004 0.37522 0.2925 0.3646 0.2925 0.36283 0.29500000000000004 0.3646 0.30375 0.36814 0.30375 0.37699 0.3025 0.40354 0.30375
0 0.54159 0.3 0.54513 0.3025 0.54513 0.305 0.5592900000000001 0.305 0.57699 0.3075 0.59469 0.3075 0.61062 0.31 0.60885 0.3 0.60531 0.29874999999999996 0.58761 0.29874999999999996 0.56814 0.29625 0.54867 0.29500000000000004 0.52566 0.29500000000000004 0.50265 0.2925 0.49027000000000004 0.29375 0.49027000000000004 0.2975 0.51681 0.2975 0.53628 0.29874999999999996 0.54159 0.3
0 0.71504 0.30375 0.71858 0.30625 0.72035 0.31 0.73805 0.31 0.75752 0.3125 0.76106 0.3125 0.76283 0.31 0.76283 0.305 0.75929 0.3025 0.74513 0.3025 0.7292 0.30125 0.71504 0.29874999999999996 0.68319 0.29625 0.67257 0.2975 0.67434 0.30125 0.6885 0.3025 0.70265 0.3025 0.71504 0.30375
0 0.95752 0.45499999999999996 0.9699099999999999 0.45375 0.9699099999999999 0.44625000000000004 0.96283 0.44625000000000004 0.96106 0.445 0.9079599999999999 0.445 0.9061899999999999 0.44375 0.8513299999999999 0.4425 0.82478 0.44375 0.82478 0.45125000000000004 0.84602 0.45125000000000004 0.84779 0.4525 0.95752 0.45499999999999996
0 0.23894 0.58 0.22832 0.58125 0.19115 0.58125 0.18938 0.5825 0.18584 0.5825 0.18584 0.5862499999999999 0.2354 0.585 0.24602 0.5825 0.26726 0.58125 0.30619 0.58125 0.32035 0.57875 0.34336 0.57875 0.34336 0.575 0.29203999999999997 0.575 0.27434 0.5775 0.24956 0.5775 0.23894 0.58
0 0.9008800000000001 0.585 0.89204 0.585 0.89204 0.58875 0.8991199999999999 0.58875 0.90973 0.5862499999999999 0.92035 0.5862499999999999 0.9292 0.58375 0.93628 0.58375 0.9380499999999999 0.5825 0.94336 0.5825 0.94336 0.57875 0.9398199999999999 0.57875 0.9185800000000001 0.58125 0.90973 0.5825 0.9008800000000001 0.585
0 0.6176999999999999 0.57875 0.6176999999999999 0.5825 0.69381 0.58125 0.69204 0.57375 0.68319 0.57375 0.6814199999999999 0.57875 0.6176999999999999 0.57875
0 0.6176999999999999 0.795 0.66018 0.7975 0.67257 0.79625 0.6708000000000001 0.7875 0.64071 0.78625 0.5592900000000001 0.7837500000000001 0.5539799999999999 0.7837500000000001 0.55044 0.7849999999999999 0.55044 0.79375 0.5752200000000001 0.79375 0.60531 0.79625 0.6176999999999999 0.795
0 0.31681 0.795 0.36814 0.79625 0.36637 0.7875 0.29381 0.7849999999999999 0.24956 0.7849999999999999 0.24956 0.79375 0.27788 0.79375 0.29558 0.79625 0.31681 0.795
0 0.65133 0.70125 0.65841 0.70125 0.66018 0.7 0.6708000000000001 0.69875 0.69558 0.6975 0.69558 0.69375 0.6885 0.69375 0.66372 0.6950000000000001 0.65133 0.6975 0.65133 0.70125
0 0.48319 0.7537499999999999 0.48319 0.75875 0.5274300000000001 0.75875 0.5274300000000001 0.74875 0.51681 0.74875 0.51504 0.755 0.49204 0.7537499999999999 0.48319 0.7537499999999999
0 0.28142 0.69875 0.17876 0.7 0.18053 0.705 0.28673000000000004 0.705 0.29912 0.7025 0.32035 0.70125 0.31858 0.6950000000000001 0.31327 0.6950000000000001 0.29203999999999997 0.69625 0.28142 0.69875
0 0.9876099999999999 0.70625 0.9858399999999999 0.6950000000000001 0.9115 0.69375 0.85664 0.6950000000000001 0.8584099999999999 0.7 0.96283 0.7025 0.9646000000000001 0.7075 0.9876099999999999 0.70625
0 0.23717000000000002 0.61625 0.25133 0.6174999999999999 0.27788 0.6174999999999999 0.27965 0.62 0.30442 0.62 0.30265 0.61 0.28673000000000004 0.61 0.25841 0.61125 0.24247999999999997 0.61 0.23186 0.6075 0.19115 0.60625 0.17699 0.6075 0.17876 0.6125 0.18938 0.61375 0.22654999999999997 0.61375 0.23717000000000002 0.61625
0 0.6973499999999999 0.41500000000000004 0.68496 0.4175 0.67434 0.4175 0.67434 0.42125 0.69027 0.42125 0.69204 0.42000000000000004 0.7115 0.41875 0.73097 0.41875 0.73097 0.41125 0.72743 0.40875000000000006 0.71681 0.41 0.71504 0.41500000000000004 0.6973499999999999 0.41500000000000004
0 0.23186 0.5 0.26903 0.5025000000000001 0.27610999999999997 0.5025000000000001 0.27434 0.49874999999999997 0.24779 0.49625 0.21416 0.49375 0.19823 0.49375 0.19646 0.4925 0.1823 0.4925 0.1823 0.495 0.18584 0.49625 0.20177 0.49625 0.23186 0.5
0 0.90973 0.365 0.90973 0.36875 0.9168100000000001 0.36875 0.94336 0.3675 0.94513 0.36625 0.95929 0.36625 0.95752 0.36124999999999996 0.9486700000000001 0.36124999999999996 0.9327400000000001 0.36375 0.90973 0.365
0 0.63717 0.45499999999999996 0.65664 0.45375 0.6548700000000001 0.44625000000000004 0.64425 0.445 0.53628 0.4425 0.50442 0.4425 0.50265 0.445 0.50442 0.45125000000000004 0.52566 0.4525 0.5823 0.4525 0.63717 0.45499999999999996
0 0.5752200000000001 0.625 0.57699 0.62375 0.61239 0.62375 0.61062 0.61375 0.60354 0.61375 0.6017699999999999 0.615 0.59292 0.615 0.57345 0.61375 0.5646 0.61125 0.49381 0.6125 0.49558 0.6224999999999999 0.56283 0.6224999999999999 0.5699099999999999 0.625 0.5752200000000001 0.625