1 0.15575 0.17373 0.16637 0.17373 0.1646 0.16826000000000002 0.16106 0.16963 0.15929 0.16963 0.15752 0.17099999999999999 0.15575 0.17373
1 0.18938 0.17921 0.18938 0.17237 0.18584 0.17373 0.18407 0.17373 0.18761 0.17921 0.18938 0.17921
1 0.20177 0.18057 0.20708000000000001 0.17647 0.20531000000000002 0.17237 0.2 0.17237 0.19646 0.17373 0.19646 0.17921 0.20177 0.18057
1 0.22124000000000002 0.17784 0.22124000000000002 0.18331 0.23009 0.18194 0.23009 0.17647 0.22124000000000002 0.17784
1 0.28496 0.16826000000000002 0.27610999999999997 0.16826000000000002 0.27257 0.16963 0.27434 0.17647 0.2885 0.17509999999999998 0.2885 0.17099999999999999 0.28496 0.16826000000000002
1 0.47257 0.17373 0.4708 0.16826000000000002 0.46726 0.16826000000000002 0.46372 0.16963 0.46195 0.17509999999999998 0.47257 0.17373
1 0.49558 0.17921 0.49912 0.17647 0.49734999999999996 0.17237 0.49381 0.17373 0.4885 0.17509999999999998 0.49027000000000004 0.17921 0.49558 0.17921
1 0.51681 0.17784 0.51681 0.18331 0.52566 0.18194 0.52566 0.17647 0.51681 0.17784
1 0.41947 0.16826000000000002 0.41416000000000003 0.16826000000000002 0.41062000000000004 0.17099999999999999 0.41062000000000004 0.17509999999999998 0.42123999999999995 0.17373 0.42123999999999995 0.17099999999999999 0.41947 0.16826000000000002
1 0.57345 0.16826000000000002 0.56637 0.16826000000000002 0.56283 0.16963 0.56106 0.17373 0.5646 0.17647 0.57699 0.17509999999999998 0.57699 0.17099999999999999 0.57345 0.16826000000000002
1 0.75398 0.16142 0.75044 0.16416 0.75044 0.16826000000000002 0.76106 0.16689 0.76106 0.16142 0.75398 0.16142
1 0.7823 0.17237 0.78584 0.16963 0.78584 0.16553 0.77876 0.16553 0.77522 0.16963 0.77876 0.17237 0.7823 0.17237
1 0.79646 0.17237 0.8 0.16963 0.8 0.16553 0.79646 0.16416 0.79292 0.16553 0.79292 0.17237 0.79646 0.17237
1 0.82478 0.16826000000000002 0.8194699999999999 0.16826000000000002 0.81593 0.17509999999999998 0.82478 0.17373 0.82478 0.16826000000000002
1 0.7115 0.17647 0.71504 0.17509999999999998 0.71681 0.17099999999999999 0.71327 0.16826000000000002 0.70973 0.16826000000000002 0.70619 0.17099999999999999 0.70619 0.17509999999999998 0.7115 0.17647
1 0.86372 0.16142 0.8601800000000001 0.16416 0.86195 0.16826000000000002 0.87611 0.16689 0.8743399999999999 0.16142 0.86372 0.16142
1 0.09735 0.27633 0.09735 0.27223 0.08673 0.2736 0.08496000000000001 0.27633 0.08496000000000001 0.27907000000000004 0.09558 0.27907000000000004 0.09735 0.27633
1 0.13628 0.2777 0.1469 0.2777 0.14513 0.27223 0.13805 0.2736 0.13628 0.2777
1 0.16637 0.28317000000000003 0.16991 0.28043999999999997 0.16814 0.27633 0.1646 0.27633 0.16106 0.27907000000000004 0.16283 0.28317000000000003 0.16637 0.28317000000000003
1 0.18053 0.28317000000000003 0.18407 0.28181 0.18407 0.27633 0.17876 0.27633 0.17522 0.27907000000000004 0.17699 0.28317000000000003 0.18053 0.28317000000000003
1 0.20884999999999998 0.28043999999999997 0.2 0.28181 0.20177 0.28728 0.20531000000000002 0.28728 0.20884999999999998 0.28454 0.20884999999999998 0.28043999999999997
1 0.26195 0.26539 0.25841 0.26402000000000003 0.2531 0.26402000000000003 0.24779 0.26949 0.24779 0.27086 0.25841 0.27223 0.26195 0.27086 0.26195 0.26539
1 0.46018 0.26539 0.45133 0.26676 0.45133 0.27223 0.45664 0.27223 0.46018 0.26949 0.46018 0.26539
1 0.48673 0.26539 0.47788 0.26676 0.47788 0.27223 0.48319 0.27223 0.48673 0.26949 0.48673 0.26539
1 0.51681 0.26813 0.51681 0.26539 0.50796 0.26539 0.5061899999999999 0.26813 0.50796 0.27223 0.51504 0.27086 0.51681 0.26813
1 0.5539799999999999 0.26265 0.55575 0.25992000000000004 0.55221 0.25718 0.5469 0.25718 0.5433600000000001 0.25992000000000004 0.5433600000000001 0.26402000000000003 0.55221 0.26402000000000003 0.5539799999999999 0.26265
1 0.62124 0.27086 0.62124 0.26539 0.61416 0.26539 0.61239 0.26813 0.61239 0.27223 0.6176999999999999 0.27223 0.62124 0.27086
1 0.63717 0.27497 0.64425 0.27497 0.64602 0.26949 0.63717 0.27086 0.63717 0.27497
1 0.59646 0.26813 0.6 0.26539 0.6 0.26128999999999997 0.59292 0.26128999999999997 0.58938 0.26402000000000003 0.5911500000000001 0.26813 0.59646 0.26813
1 0.6708000000000001 0.26265 0.66903 0.25718 0.6654899999999999 0.25718 0.66195 0.25855 0.66195 0.26402000000000003 0.6708000000000001 0.26265
1 0.70442 0.27497 0.70796 0.27086 0.70442 0.26813 0.6973499999999999 0.27086 0.6973499999999999 0.27497 0.70442 0.27497
1 0.75221 0.2777 0.75398 0.27497 0.75221 0.27223 0.7469 0.27223 0.74336 0.27497 0.74336 0.27907000000000004 0.75221 0.2777
1 0.40176999999999996 0.27223 0.40530999999999995 0.26949 0.40354 0.26402000000000003 0.39823 0.26402000000000003 0.39469 0.26676 0.39469 0.27223 0.40176999999999996 0.27223
1 0.76637 0.27086 0.76637 0.27497 0.77522 0.2736 0.77522 0.26949 0.76637 0.27086
1 0.8 0.2777 0.79823 0.27223 0.79469 0.27223 0.79115 0.27497 0.79115 0.27907000000000004 0.8 0.2777
1 0.82478 0.26539 0.82301 0.26128999999999997 0.8177 0.26128999999999997 0.81416 0.26402000000000003 0.81593 0.26813 0.8212400000000001 0.26813 0.82478 0.26539
1 0.8601800000000001 0.2777 0.8584099999999999 0.27223 0.85487 0.27223 0.8513299999999999 0.2736 0.8513299999999999 0.27907000000000004 0.8601800000000001 0.2777
1 0.9008800000000001 0.28181 0.9008800000000001 0.27633 0.89558 0.27633 0.89204 0.27907000000000004 0.89381 0.28317000000000003 0.9008800000000001 0.28181
1 0.92035 0.28317000000000003 0.9238899999999999 0.28181 0.9238899999999999 0.27633 0.9185800000000001 0.27633 0.91504 0.27907000000000004 0.9168100000000001 0.28317000000000003 0.92035 0.28317000000000003
1 0.9469 0.28043999999999997 0.9380499999999999 0.28181 0.9380499999999999 0.28728 0.94336 0.28728 0.9469 0.28454 0.9469 0.28043999999999997
1 0.97699 0.27633 0.9805300000000001 0.27497 0.9823000000000001 0.2736 0.98407 0.27086 0.9805300000000001 0.26813 0.97699 0.26949 0.97522 0.26949 0.97345 0.27497 0.97699 0.27633
1 0.9557499999999999 0.28728 0.95929 0.28591 0.95929 0.28043999999999997 0.9539799999999999 0.28043999999999997 0.9504400000000001 0.28317000000000003 0.9504400000000001 0.28728 0.9557499999999999 0.28728
1 0.0885 0.39808 0.09204 0.39672 0.09381 0.39398 0.09204 0.38988 0.0885 0.39124 0.08319 0.39261 0.08319 0.39672 0.0885 0.39808
1 0.1292 0.40218999999999994 0.13274 0.39944999999999997 0.13274 0.39535 0.12566 0.39535 0.12212 0.39944999999999997 0.12566 0.40218999999999994 0.1292 0.40218999999999994
1 0.15044 0.39808 0.15575 0.39672 0.15752 0.39398 0.15575 0.38988 0.15221 0.38988 0.14867 0.39124 0.1469 0.39535 0.15044 0.39808
1 0.17522 0.40218999999999994 0.17876 0.39944999999999997 0.17876 0.39535 0.17168 0.39535 0.16814 0.39808 0.16991 0.40218999999999994 0.17522 0.40218999999999994
1 0.19115 0.39535 0.1823 0.39672 0.18407 0.40218999999999994 0.18761 0.40218999999999994 0.19115 0.39944999999999997 0.19115 0.39535
1 0.21239 0.39808 0.20354 0.39944999999999997 0.20354 0.40492 0.20884999999999998 0.40492 0.21239 0.40218999999999994 0.21239 0.39808
1 0.25664 0.39808 0.26017999999999997 0.39672 0.26195 0.39124 0.25841 0.38988 0.24779 0.39124 0.24779 0.39261 0.24602 0.39535 0.24956 0.39808 0.25664 0.39808
1 0.40354 0.38988 0.39646 0.38988 0.39292 0.39261 0.39469 0.39808 0.4 0.39808 0.40354 0.39672 0.40354 0.38988
1 0.44955999999999996 0.40218999999999994 0.45487 0.39808 0.45487 0.39535 0.45133 0.39398 0.44425 0.39672 0.44602 0.40218999999999994 0.44955999999999996 0.40218999999999994
1 0.47611 0.40356 0.47611 0.39808 0.4708 0.39808 0.46726 0.40082000000000007 0.46726 0.40492 0.47611 0.40356
1 0.48495999999999995 0.40629 0.49027000000000004 0.40492 0.49204 0.40218999999999994 0.49204 0.39808 0.48495999999999995 0.39808 0.48141999999999996 0.40082000000000007 0.48141999999999996 0.40356 0.48495999999999995 0.40629
1 0.50973 0.39535 0.5061899999999999 0.39808 0.5061899999999999 0.40082000000000007 0.51504 0.40082000000000007 0.51681 0.39535 0.50973 0.39535
1 0.5539799999999999 0.39944999999999997 0.55575 0.40492 0.56814 0.40492 0.56637 0.39808 0.5539799999999999 0.39944999999999997
1 0.70619 0.40492 0.70973 0.40218999999999994 0.70796 0.39672 0.70442 0.39672 0.70088 0.39808 0.69912 0.40492 0.70619 0.40492
1 0.75044 0.39808 0.75398 0.39535 0.75221 0.38988 0.74867 0.39124 0.7469 0.39124 0.7469 0.39808 0.75044 0.39808
1 0.78053 0.39535 0.77168 0.39672 0.77345 0.40218999999999994 0.77699 0.40218999999999994 0.78053 0.39944999999999997 0.78053 0.39535
1 0.78407 0.39672 0.7823 0.39944999999999997 0.78761 0.40218999999999994 0.79115 0.39944999999999997 0.79292 0.39672 0.78407 0.39672
1 0.8053100000000001 0.40492 0.81416 0.40356 0.81593 0.39944999999999997 0.8053100000000001 0.39944999999999997 0.8053100000000001 0.40492
1 0.86195 0.40218999999999994 0.8601800000000001 0.39808 0.8531000000000001 0.39808 0.84956 0.40082000000000007 0.84956 0.40492 0.8584099999999999 0.40492 0.86195 0.40218999999999994
1 0.89204 0.38304 0.89558 0.38167 0.8991199999999999 0.37893 0.8991199999999999 0.3762 0.89558 0.37483 0.89204 0.37483 0.8885 0.37756 0.89204 0.38304
1 0.9168100000000001 0.3762 0.91504 0.37209 0.90973 0.37209 0.9061899999999999 0.37483 0.9079599999999999 0.37893 0.91327 0.37893 0.9168100000000001 0.3762
1 0.9327400000000001 0.38304 0.93628 0.38167 0.9380499999999999 0.37893 0.9380499999999999 0.3762 0.9345100000000001 0.37483 0.93097 0.37483 0.92743 0.37756 0.92743 0.38167 0.9327400000000001 0.38304
1 0.9539799999999999 0.37893 0.9469 0.38304 0.9486700000000001 0.38714 0.95221 0.38714 0.9557499999999999 0.38577 0.95752 0.38029999999999997 0.9539799999999999 0.37893
1 0.061950000000000005 0.49657999999999997 0.061950000000000005 0.50068 0.0708 0.50068 0.07257 0.49795 0.07257 0.49521 0.061950000000000005 0.49657999999999997
1 0.09026999999999999 0.49521 0.0885 0.49111000000000005 0.08319 0.49111000000000005 0.07965 0.49521 0.08319 0.49795 0.08673 0.49795 0.09026999999999999 0.49521
1 0.10264999999999999 0.49521 0.09912 0.49795 0.09912 0.50068 0.10973 0.49932 0.10973 0.49521 0.10264999999999999 0.49521
1 0.12566 0.5047900000000001 0.1292 0.50342 0.12743 0.49795 0.12388999999999999 0.49795 0.12035 0.50068 0.12035 0.5047900000000001 0.12566 0.5047900000000001
1 0.13982 0.50889 0.14336 0.50752 0.14336 0.50205 0.13805 0.50205 0.13451 0.5047900000000001 0.13628 0.50889 0.13982 0.50889
1 0.15929 0.5047900000000001 0.16283 0.50342 0.1646 0.50068 0.15929 0.49795 0.15575 0.49932 0.15398 0.5047900000000001 0.15929 0.5047900000000001
1 0.1823 0.50752 0.1823 0.50205 0.17699 0.50205 0.17345 0.5047900000000001 0.17522 0.50889 0.1823 0.50752
1 0.2 0.5102599999999999 0.19823 0.50616 0.19292 0.50616 0.18938 0.50889 0.19115 0.513 0.19646 0.513 0.2 0.5102599999999999
1 0.22832 0.51436 0.22654999999999997 0.50889 0.22301 0.50889 0.21947 0.51163 0.21947 0.51573 0.22832 0.51436
1 0.24247999999999997 0.513 0.24602 0.5102599999999999 0.24602 0.50616 0.24070999999999998 0.50616 0.23717000000000002 0.50889 0.23894 0.513 0.24247999999999997 0.513
1 0.26195 0.50889 0.26549 0.50752 0.26726 0.5047900000000001 0.26549 0.50205 0.26017999999999997 0.50205 0.25664 0.5047900000000001 0.25841 0.50889 0.26195 0.50889
1 0.28319 0.49795 0.27965 0.49932 0.27788 0.49932 0.27788 0.5047900000000001 0.28496 0.50342 0.28673000000000004 0.50068 0.28319 0.49795
1 0.30265 0.49795 0.30265 0.49521 0.29381 0.49521 0.29203999999999997 0.49795 0.29203999999999997 0.50068 0.30088 0.50068 0.30265 0.49795
1 0.31681 0.49795 0.30973 0.50205 0.3115 0.5047900000000001 0.31681 0.5047900000000001 0.32035 0.50205 0.32035 0.49932 0.31681 0.49795
1 0.33628 0.50889 0.33982 0.50752 0.33982 0.50205 0.33451 0.50205 0.33097 0.50342 0.33097 0.50889 0.33628 0.50889
1 0.3469 0.50068 0.3469 0.5047900000000001 0.35575 0.50342 0.35575 0.49932 0.3469 0.50068
1 0.39469 0.50752 0.39646 0.5047900000000001 0.39469 0.50205 0.38938 0.50205 0.38584 0.5047900000000001 0.38584 0.50889 0.39469 0.50752
1 0.43716999999999995 0.5198400000000001 0.44602 0.51847 0.44602 0.51163 0.44248000000000004 0.51163 0.43894 0.513 0.4354 0.51573 0.43716999999999995 0.5198400000000001
1 0.59292 0.50205 0.58407 0.50342 0.58407 0.50889 0.58938 0.50889 0.59292 0.50616 0.59292 0.50205
1 0.6176999999999999 0.49932 0.61416 0.49795 0.60885 0.49932 0.6070800000000001 0.50205 0.60885 0.5047900000000001 0.61416 0.5047900000000001 0.6176999999999999 0.50205 0.6176999999999999 0.49932
1 0.63186 0.49657999999999997 0.63186 0.50068 0.64071 0.50068 0.64248 0.49795 0.64248 0.49521 0.63186 0.49657999999999997
1 0.66018 0.49795 0.66372 0.49657999999999997 0.66372 0.49111000000000005 0.65841 0.49111000000000005 0.6548700000000001 0.49383999999999995 0.65664 0.49795 0.66018 0.49795
1 0.69558 0.487 0.6885 0.48837 0.6885 0.49383999999999995 0.69381 0.49383999999999995 0.6973499999999999 0.49111000000000005 0.69558 0.487
1 0.71681 0.49111000000000005 0.70796 0.49248000000000003 0.70973 0.49795 0.71327 0.49795 0.71858 0.49383999999999995 0.71681 0.49111000000000005
1 0.72743 0.49657999999999997 0.72743 0.50068 0.73628 0.49932 0.73628 0.49521 0.72743 0.49657999999999997
1 0.75221 0.50752 0.75221 0.50205 0.7469 0.50205 0.74336 0.5047900000000001 0.74336 0.50889 0.75221 0.50752
1 0.77168 0.5102599999999999 0.77168 0.50616 0.76637 0.50616 0.76283 0.50889 0.7646 0.513 0.76991 0.513 0.77168 0.5102599999999999
1 0.79115 0.50752 0.79292 0.5047900000000001 0.79115 0.50205 0.78584 0.50205 0.7823 0.5047900000000001 0.78407 0.50889 0.79115 0.50752
1 0.80885 0.50342 0.8106199999999999 0.50068 0.8053100000000001 0.49795 0.80177 0.49932 0.80177 0.5047900000000001 0.80885 0.50342
1 0.8194699999999999 0.49521 0.81593 0.49795 0.8177 0.50068 0.8265499999999999 0.49932 0.8265499999999999 0.49521 0.8194699999999999 0.49521
1 0.84956 0.49795 0.8531000000000001 0.49657999999999997 0.8531000000000001 0.49111000000000005 0.84779 0.49111000000000005 0.8442500000000001 0.49383999999999995 0.84602 0.49795 0.84956 0.49795
1 0.8743399999999999 0.49248000000000003 0.8743399999999999 0.487 0.8690300000000001 0.487 0.86549 0.48974 0.86549 0.49383999999999995 0.8743399999999999 0.49248000000000003
1 0.8902699999999999 0.49795 0.89381 0.49657999999999997 0.89381 0.49111000000000005 0.8885 0.49111000000000005 0.8849600000000001 0.49383999999999995 0.88673 0.49795 0.8902699999999999 0.49795
1 0.9115 0.50205 0.9026500000000001 0.50342 0.9026500000000001 0.50889 0.9079599999999999 0.50889 0.9115 0.50616 0.9115 0.50205
1 0.93097 0.49795 0.93097 0.49521 0.9221199999999999 0.49521 0.92035 0.49795 0.92035 0.50068 0.9292 0.50068 0.93097 0.49795
1 0.9469 0.5047900000000001 0.9504400000000001 0.50205 0.9486700000000001 0.49795 0.94336 0.49932 0.9398199999999999 0.50205 0.94159 0.5047900000000001 0.9469 0.5047900000000001
1 0.9699099999999999 0.50205 0.96106 0.50342 0.96106 0.50889 0.96814 0.50889 0.9699099999999999 0.50616 0.9699099999999999 0.50205
1 0.9823000000000001 0.513 0.9858399999999999 0.5102599999999999 0.9858399999999999 0.50616 0.9805300000000001 0.50616 0.97699 0.50752 0.97876 0.513 0.9823000000000001 0.513
1 0.07788 0.60602 0.06726 0.60739 0.06726 0.61286 0.07611 0.61286 0.07788 0.61012 0.07788 0.60602
1 0.1469 0.60602 0.13628 0.60739 0.13628 0.61286 0.14336 0.61286 0.1469 0.61149 0.1469 0.60602
1 0.22477999999999998 0.60328 0.22477999999999998 0.60876 0.23363 0.60739 0.23363 0.60192 0.22477999999999998 0.60328
1 0.29912 0.60602 0.30265 0.60465 0.30265 0.5978100000000001 0.29735 0.5978100000000001 0.29381 0.6005499999999999 0.29558 0.60602 0.29912 0.60602
1 0.39823 0.6005499999999999 0.40176999999999996 0.6005499999999999 0.4 0.59371 0.39115 0.59371 0.38761 0.59508 0.38938 0.6005499999999999 0.39292 0.60192 0.39646 0.60192 0.39823 0.6005499999999999
1 0.53982 0.60192 0.5433600000000001 0.5991799999999999 0.54159 0.59371 0.5380499999999999 0.59371 0.53451 0.59508 0.53451 0.6005499999999999 0.53982 0.60192
1 0.55752 0.5991799999999999 0.55752 0.6005499999999999 0.55575 0.60328 0.55752 0.60602 0.56283 0.60602 0.56637 0.60328 0.56814 0.5991799999999999 0.55752 0.5991799999999999
1 0.6 0.60602 0.59823 0.60192 0.59292 0.60192 0.58938 0.60465 0.5911500000000001 0.60876 0.59646 0.60876 0.6 0.60602
1 0.61947 0.61149 0.61947 0.60602 0.61239 0.60602 0.61062 0.60876 0.61239 0.61286 0.61593 0.61286 0.61947 0.61149
1 0.64071 0.6197 0.64425 0.61696 0.64425 0.61286 0.63717 0.61286 0.6336299999999999 0.6155999999999999 0.6336299999999999 0.6197 0.64071 0.6197
1 0.66195 0.62791 0.6654899999999999 0.62654 0.66726 0.62244 0.66372 0.6197 0.66018 0.62107 0.65841 0.62107 0.65664 0.62654 0.66195 0.62791
1 0.69912 0.63201 0.70265 0.63064 0.70619 0.62791 0.70619 0.62517 0.69912 0.62517 0.69558 0.62654 0.69558 0.63064 0.69912 0.63201
1 0.74513 0.6238 0.73628 0.62654 0.73628 0.63064 0.74159 0.63201 0.74513 0.63064 0.7469 0.62791 0.74513 0.6238
1 0.78584 0.61696 0.77699 0.61833 0.77699 0.6238 0.78407 0.6238 0.78761 0.62107 0.78584 0.61696
1 0.8601800000000001 0.61696 0.86372 0.6155999999999999 0.8672599999999999 0.61149 0.86549 0.60876 0.8601800000000001 0.60876 0.85487 0.61286 0.85487 0.6155999999999999 0.8601800000000001 0.61696
1 0.9327400000000001 0.60465 0.9345100000000001 0.60192 0.9345100000000001 0.5978100000000001 0.92743 0.5978100000000001 0.9238899999999999 0.6005499999999999 0.9238899999999999 0.60602 0.9327400000000001 0.60465
1 0.07788 0.72093 0.08319 0.7168300000000001 0.08142 0.71272 0.07611 0.71272 0.0708 0.7168300000000001 0.07257 0.72093 0.07788 0.72093
1 0.13805 0.72367 0.14336 0.72367 0.1469 0.7222999999999999 0.15044 0.7168300000000001 0.14336 0.71546 0.13982 0.7168300000000001 0.13805 0.71956 0.13805 0.72367
1 0.22124000000000002 0.7168300000000001 0.22654999999999997 0.7222999999999999 0.22832 0.7222999999999999 0.23009 0.7168300000000001 0.22124000000000002 0.7168300000000001
1 0.24602 0.72093 0.24247999999999997 0.7250300000000001 0.24956 0.7264 0.25133 0.7264 0.2531 0.72093 0.24602 0.72093
1 0.28496 0.72914 0.28496 0.72367 0.27965 0.72367 0.27610999999999997 0.7250300000000001 0.27788 0.73051 0.28496 0.72914
1 0.30796 0.73187 0.30619 0.72777 0.30088 0.72777 0.29735 0.73051 0.29912 0.73461 0.30442 0.73461 0.30796 0.73187
1 0.3292 0.72367 0.32212 0.72367 0.32035 0.7264 0.32035 0.73051 0.3292 0.72914 0.3292 0.72367
1 0.35221 0.72093 0.34336 0.7222999999999999 0.3469 0.72777 0.35044 0.7264 0.35398 0.72367 0.35221 0.72093
1 0.38584 0.73187 0.38938 0.73051 0.39115 0.72777 0.38938 0.7222999999999999 0.38584 0.7222999999999999 0.3823 0.72367 0.38053 0.73051 0.38584 0.73187
1 0.44425 0.72367 0.4354 0.7250300000000001 0.4354 0.73051 0.44248000000000004 0.73051 0.44425 0.72777 0.44425 0.72367
1 0.47788 0.73324 0.47788 0.72777 0.47257 0.72777 0.46902999999999995 0.73051 0.46902999999999995 0.73461 0.47788 0.73324
1 0.49734999999999996 0.7250300000000001 0.49734999999999996 0.73051 0.5061899999999999 0.72914 0.5061899999999999 0.72367 0.49734999999999996 0.7250300000000001
1 0.5433600000000001 0.71272 0.5469 0.71135 0.54867 0.70451 0.54159 0.70451 0.5380499999999999 0.7072499999999999 0.53982 0.71272 0.5433600000000001 0.71272
1 0.6 0.71546 0.60354 0.71409 0.60354 0.70862 0.59823 0.70862 0.59469 0.70999 0.59469 0.71546 0.6 0.71546
1 0.63186 0.70999 0.63186 0.70588 0.62832 0.70451 0.62478 0.70588 0.6230100000000001 0.71135 0.63186 0.70999
1 0.65841 0.71546 0.66195 0.71272 0.66018 0.70862 0.6548700000000001 0.70862 0.65133 0.71135 0.65133 0.71546 0.65841 0.71546
1 0.70265 0.71956 0.70619 0.7168300000000001 0.70442 0.71272 0.69912 0.71272 0.69558 0.71546 0.69558 0.71956 0.70265 0.71956
1 0.75398 0.7168300000000001 0.75044 0.72093 0.75752 0.7222999999999999 0.75929 0.7222999999999999 0.76106 0.7168300000000001 0.75398 0.7168300000000001
1 0.78584 0.71956 0.78938 0.7168300000000001 0.78761 0.71272 0.78407 0.71272 0.78053 0.71409 0.77876 0.71956 0.78584 0.71956
1 0.80885 0.71819 0.81416 0.7222999999999999 0.81593 0.7222999999999999 0.8177 0.7168300000000001 0.80885 0.71819
1 0.86195 0.7222999999999999 0.8601800000000001 0.71956 0.85487 0.71956 0.8513299999999999 0.7264 0.8584099999999999 0.7264 0.86195 0.7222999999999999
1 0.93628 0.7264 0.9380499999999999 0.7222999999999999 0.9345100000000001 0.71956 0.9292 0.72093 0.92743 0.72367 0.92743 0.7264 0.9327400000000001 0.72777 0.93628 0.7264
1 0.9115 0.72777 0.90973 0.72367 0.90442 0.72367 0.9008800000000001 0.7264 0.9026500000000001 0.73051 0.9079599999999999 0.73051 0.9115 0.72777
1 0.9805300000000001 0.72367 0.9699099999999999 0.7250300000000001 0.9699099999999999 0.73051 0.97699 0.73051 0.9805300000000001 0.72777 0.9805300000000001 0.72367
1 0.9539799999999999 0.72367 0.9539799999999999 0.72093 0.94513 0.72093 0.94336 0.7250300000000001 0.9486700000000001 0.72777 0.95221 0.7264 0.9539799999999999 0.72367
1 0.08319 0.84405 0.08496000000000001 0.84131 0.08319 0.83858 0.07788 0.83858 0.07433999999999999 0.84131 0.07433999999999999 0.8454200000000001 0.08319 0.84405
1 0.12212 0.83721 0.12212 0.8317399999999999 0.11681 0.8317399999999999 0.11327000000000001 0.8344699999999999 0.11327000000000001 0.83858 0.12212 0.83721
1 0.1646 0.8331099999999999 0.1646 0.8276300000000001 0.15929 0.8276300000000001 0.15575 0.829 0.15575 0.8344699999999999 0.1646 0.8331099999999999
1 0.24070999999999998 0.8235300000000001 0.24425 0.82079 0.24247999999999997 0.81532 0.23894 0.81532 0.2354 0.81669 0.2354 0.8235300000000001 0.24070999999999998 0.8235300000000001
1 0.31858 0.8235300000000001 0.32212 0.82079 0.32035 0.81532 0.31504 0.81532 0.3115 0.81806 0.3115 0.8235300000000001 0.31858 0.8235300000000001
1 0.40530999999999995 0.83995 0.40354 0.8344699999999999 0.39823 0.8344699999999999 0.39469 0.83721 0.39646 0.84268 0.40176999999999996 0.84268 0.40530999999999995 0.83995
1 0.44779 0.84405 0.44779 0.83858 0.44248000000000004 0.83858 0.43894 0.84131 0.43716999999999995 0.8454200000000001 0.44779 0.84405
1 0.48319 0.8344699999999999 0.47965 0.83721 0.47965 0.84131 0.49027000000000004 0.83995 0.49027000000000004 0.8344699999999999 0.48319 0.8344699999999999
1 0.67965 0.8454200000000001 0.68319 0.84268 0.6814199999999999 0.83858 0.67788 0.83858 0.67434 0.83995 0.67257 0.8454200000000001 0.67965 0.8454200000000001
0 0.18053 0.15732 0.18407 0.16005 0.19292 0.15869 0.19115 0.14774 0.18407 0.14637 0.17522 0.14501 0.1646 0.14637 0.16637 0.15184999999999998 0.16991 0.15321 0.18053 0.15458 0.18053 0.15732
0 0.22477999999999998 0.15595 0.22654999999999997 0.15732 0.23009 0.15732 0.23186 0.15458 0.22477999999999998 0.15184999999999998 0.21593 0.15048 0.20708000000000001 0.15048 0.20708000000000001 0.15321 0.21061999999999997 0.15458 0.2177 0.15458 0.22477999999999998 0.15595
0 0.82478 0.15048 0.8265499999999999 0.14637 0.82301 0.14501 0.81593 0.14364 0.80708 0.14227 0.8 0.14227 0.80177 0.14774 0.80708 0.14637 0.81593 0.14911000000000002 0.82478 0.15048
0 0.76814 0.19562 0.77699 0.19424999999999998 0.77522 0.18468 0.77168 0.18331 0.7646 0.18331 0.76106 0.18605 0.75044 0.18741000000000002 0.75221 0.19289 0.75752 0.19424999999999998 0.76637 0.19424999999999998 0.76814 0.19562
0 0.20177 0.25581 0.2 0.25445 0.18938 0.25308 0.18584 0.25308 0.18584 0.25855 0.21061999999999997 0.25855 0.20884999999999998 0.25581 0.20177 0.25581
0 0.15929 0.30643 0.15929 0.30369 0.16106 0.30233 0.15929 0.29549 0.14867 0.29549 0.14513 0.29958999999999997 0.13628 0.29822000000000004 0.13805 0.30369 0.1469 0.30369 0.15221 0.30643 0.15929 0.30643
0 0.9486700000000001 0.26676 0.9469 0.25581 0.94336 0.25445 0.9238899999999999 0.25445 0.9238899999999999 0.25855 0.9380499999999999 0.25992000000000004 0.9380499999999999 0.26676 0.9486700000000001 0.26676
0 0.9469 0.31053000000000003 0.9539799999999999 0.31053000000000003 0.96283 0.30643 0.96814 0.30643 0.97522 0.30369 0.97522 0.29958999999999997 0.96814 0.29958999999999997 0.95221 0.30369 0.9486700000000001 0.30506 0.9469 0.31053000000000003
0 0.16991 0.38029999999999997 0.17876 0.38029999999999997 0.17876 0.37756 0.18053 0.3762 0.17876 0.37073 0.17522 0.36936 0.16283 0.36799 0.15575 0.36799 0.15575 0.37209 0.15929 0.37346 0.16814 0.37483 0.16991 0.38029999999999997
0 0.21239 0.37893 0.21239 0.37483 0.20884999999999998 0.37483 0.20708000000000001 0.37346 0.19823 0.37209 0.19115 0.37209 0.19292 0.3762 0.2 0.3762 0.20708000000000001 0.37893 0.21239 0.37893
0 0.94513 0.40492 0.9292 0.40356 0.9079599999999999 0.40218999999999994 0.88673 0.40356 0.8902699999999999 0.40629 0.93097 0.40903 0.9469 0.40903 0.94513 0.40492
0 0.81593 0.37893 0.81416 0.37483 0.80885 0.37346 0.8 0.37209 0.79292 0.37209 0.79469 0.3762 0.80177 0.3762 0.8106199999999999 0.37893 0.81593 0.37893
0 0.49204 0.37893 0.49912 0.37893 0.50796 0.3762 0.51681 0.3762 0.51681 0.37209 0.50796 0.37209 0.49912 0.37346 0.49204 0.3762 0.49204 0.37893
0 0.46548999999999996 0.38304 0.47257 0.38577 0.47788 0.38577 0.47788 0.3762 0.47434000000000004 0.37346 0.46548999999999996 0.37209 0.45309999999999995 0.37209 0.45309999999999995 0.3762 0.46018 0.3762 0.46372 0.37756 0.46548999999999996 0.38304
0 0.76991 0.3762 0.76991 0.38029999999999997 0.77345 0.38029999999999997 0.77522 0.38167 0.78053 0.38167 0.78053 0.37073 0.77699 0.37073 0.77522 0.36936 0.76106 0.36799 0.75398 0.36799 0.75398 0.37209 0.75752 0.37346 0.76283 0.37483 0.76991 0.3762
0 0.10795999999999999 0.5280400000000001 0.11857999999999999 0.5280400000000001 0.11681 0.52257 0.09204 0.52257 0.06903000000000001 0.5198400000000001 0.061950000000000005 0.5198400000000001 0.061950000000000005 0.52394 0.06549 0.5253099999999999 0.08319 0.52668 0.10795999999999999 0.5280400000000001
0 0.18053 0.48152999999999996 0.1823 0.4829 0.2 0.4829 0.2 0.4788 0.19469 0.4788 0.19292 0.47743 0.17699 0.47606000000000004 0.15044 0.47469 0.14513 0.47606000000000004 0.14513 0.48016 0.15929 0.48016 0.16106 0.48152999999999996 0.18053 0.48152999999999996
0 0.23009 0.4829 0.23009 0.48563999999999996 0.24779 0.48563999999999996 0.27788 0.48016 0.28673000000000004 0.48016 0.28496 0.47469 0.27080000000000004 0.47606000000000004 0.24070999999999998 0.48016 0.23009 0.4829
0 0.31681 0.53078 0.33628 0.53215 0.34513 0.53215 0.3469 0.52941 0.34336 0.52668 0.32389 0.52668 0.30088 0.52394 0.29203999999999997 0.52394 0.29203999999999997 0.5280400000000001 0.30088 0.5280400000000001 0.30265 0.52941 0.31681 0.53078
0 0.61062 0.5253099999999999 0.59823 0.5253099999999999 0.5858399999999999 0.52668 0.5823 0.5280400000000001 0.5858399999999999 0.53215 0.60354 0.53078 0.61593 0.5280400000000001 0.62832 0.5280400000000001 0.64071 0.52668 0.65133 0.5253099999999999 0.6548700000000001 0.52394 0.6531 0.5198400000000001 0.6495599999999999 0.5198400000000001 0.6336299999999999 0.5212 0.61062 0.5253099999999999
0 0.72743 0.53078 0.73982 0.53215 0.74336 0.53078 0.74159 0.52668 0.73097 0.52668 0.69912 0.5212 0.69027 0.5198400000000001 0.6867300000000001 0.5212 0.6867300000000001 0.52394 0.69027 0.5253099999999999 0.6973499999999999 0.52668 0.72743 0.53078
0 0.78407 0.47606000000000004 0.77699 0.47743 0.77345 0.4788 0.77345 0.4829 0.77876 0.4829 0.8 0.48016 0.8194699999999999 0.47606000000000004 0.8265499999999999 0.47606000000000004 0.8265499999999999 0.47196 0.81593 0.47196 0.8053100000000001 0.47469 0.79469 0.47469 0.78407 0.47606000000000004
0 0.89735 0.53215 0.9008800000000001 0.53215 0.8991199999999999 0.52668 0.8690300000000001 0.52257 0.8584099999999999 0.52257 0.84779 0.5198400000000001 0.8442500000000001 0.5212 0.84602 0.5253099999999999 0.8531000000000001 0.52668 0.86549 0.5280400000000001 0.89735 0.53215
0 0.9805300000000001 0.4829 0.9858399999999999 0.4788 0.9823000000000001 0.47743 0.97345 0.47606000000000004 0.96283 0.47469 0.95221 0.47469 0.94159 0.47196 0.93097 0.47196 0.9327400000000001 0.47743 0.9398199999999999 0.47606000000000004 0.9486700000000001 0.4788 0.9805300000000001 0.4829
0 0.47965 0.70451 0.47965 0.70862 0.4885 0.70862 0.49912 0.7072499999999999 0.50088 0.70588 0.5061899999999999 0.70588 0.5061899999999999 0.7017800000000001 0.50265 0.70041 0.49027000000000004 0.7017800000000001 0.48319 0.70315 0.47965 0.70451
0 0.9716799999999999 0.70315 0.97876 0.70588 0.9805300000000001 0.70041 0.97522 0.70041 0.97345 0.69904 0.9646000000000001 0.69767 0.9539799999999999 0.69767 0.9539799999999999 0.7017800000000001 0.96106 0.7017800000000001 0.96283 0.70315 0.9716799999999999 0.70315
0 0.90973 0.70451 0.92743 0.70451 0.92743 0.70862 0.9327400000000001 0.70862 0.93628 0.7072499999999999 0.9380499999999999 0.69767 0.92743 0.69767 0.9168100000000001 0.70041 0.90973 0.70041 0.90973 0.70451
1 0.64071 0.8317399999999999 0.6389400000000001 0.8276300000000001 0.63186 0.8276300000000001 0.63009 0.8303699999999999 0.63009 0.8344699999999999 0.63717 0.8344699999999999 0.64071 0.8317399999999999
1 0.72566 0.8344699999999999 0.71858 0.8344699999999999 0.71504 0.83721 0.71504 0.84131 0.72389 0.84131 0.72566 0.8344699999999999
1 0.5539799999999999 0.8344699999999999 0.55752 0.8317399999999999 0.55752 0.8276300000000001 0.55044 0.8276300000000001 0.5469 0.8303699999999999 0.5469 0.8344699999999999 0.5539799999999999 0.8344699999999999
1 0.79115 0.84268 0.78761 0.8454200000000001 0.78938 0.8481500000000001 0.8035399999999999 0.8481500000000001 0.80177 0.84268 0.79115 0.84268
1 0.2 0.8276300000000001 0.19115 0.829 0.19115 0.8344699999999999 0.19823 0.8344699999999999 0.20177 0.8317399999999999 0.2 0.8276300000000001