1 0.15044 0.2125 0.14867 0.215 0.15398 0.21749999999999997 0.15929 0.21625 0.15929 0.21125 0.15044 0.2125
1 0.19469 0.1975 0.18584 0.1975 0.18407 0.2 0.18407 0.20375000000000001 0.19469 0.20249999999999999 0.19469 0.1975
1 0.22832 0.19125 0.23009 0.18875 0.22832 0.18625 0.22301 0.18625 0.21947 0.1875 0.21947 0.1925 0.22832 0.19125
1 0.25841 0.185 0.26195 0.1825 0.26195 0.18 0.25664 0.17875000000000002 0.24956 0.18125 0.25487000000000004 0.185 0.25841 0.185
1 0.2885 0.2225 0.28496 0.225 0.28496 0.22749999999999998 0.29381 0.22749999999999998 0.29558 0.2225 0.2885 0.2225
1 0.32389 0.215 0.32743 0.21375000000000002 0.3292 0.20750000000000002 0.32212 0.20750000000000002 0.31858 0.21000000000000002 0.32035 0.215 0.32389 0.215
1 0.36283 0.20125 0.36283 0.1975 0.35398 0.1975 0.35221 0.2 0.35398 0.20375000000000001 0.36106 0.20375000000000001 0.36283 0.20125
1 0.38938 0.1975 0.39646 0.195 0.39646 0.19 0.38938 0.19 0.38584 0.1925 0.38584 0.19624999999999998 0.38938 0.1975
1 0.44602 0.21875 0.43716999999999995 0.22000000000000003 0.43716999999999995 0.225 0.44248000000000004 0.225 0.44602 0.22374999999999998 0.44602 0.21875
1 0.47788 0.21125 0.48141999999999996 0.21000000000000002 0.48319 0.20750000000000002 0.48141999999999996 0.20375000000000001 0.47611 0.20375000000000001 0.47257 0.20625 0.47257 0.21125 0.47788 0.21125
1 0.51504 0.19375 0.5061899999999999 0.195 0.5061899999999999 0.2 0.51327 0.2 0.51681 0.1975 0.51504 0.19375
1 0.54513 0.1925 0.54867 0.19 0.5469 0.18625 0.54159 0.18625 0.53628 0.19 0.5380499999999999 0.1925 0.54513 0.1925
1 0.58053 0.23500000000000001 0.58407 0.2325 0.5823 0.22875 0.57699 0.22875 0.57168 0.2325 0.57345 0.23500000000000001 0.58053 0.23500000000000001
1 0.6070800000000001 0.21625 0.6070800000000001 0.22125 0.61593 0.22000000000000003 0.61593 0.215 0.6070800000000001 0.21625
1 0.6389400000000001 0.20875 0.64248 0.21125 0.64602 0.21125 0.6495599999999999 0.20875 0.6495599999999999 0.20375000000000001 0.64602 0.20375000000000001 0.64425 0.205 0.64071 0.205 0.6389400000000001 0.20875
1 0.67434 0.20375000000000001 0.68319 0.20249999999999999 0.68496 0.2 0.68319 0.19624999999999998 0.67965 0.1975 0.67611 0.1975 0.67257 0.20125 0.67434 0.20375000000000001
1 0.73451 0.22875 0.73451 0.225 0.72743 0.225 0.72389 0.22749999999999998 0.72389 0.23125 0.73274 0.23125 0.73451 0.22875
1 0.7646 0.21875 0.76814 0.21749999999999997 0.76991 0.215 0.76991 0.21125 0.76637 0.21000000000000002 0.75929 0.2125 0.75929 0.21749999999999997 0.7646 0.21875
1 0.80177 0.20625 0.8035399999999999 0.2 0.79823 0.2 0.79469 0.20125 0.79292 0.20625 0.80177 0.20625
1 0.8353999999999999 0.19375 0.8265499999999999 0.195 0.8283200000000001 0.2 0.83363 0.2 0.8371700000000001 0.1975 0.8353999999999999 0.19375
1 0.87257 0.23625 0.86549 0.23625 0.86195 0.2375 0.86372 0.2425 0.8690300000000001 0.2425 0.87257 0.24 0.87257 0.23625
1 0.9008800000000001 0.22875 0.90442 0.22749999999999998 0.90442 0.22125 0.9008800000000001 0.22125 0.89735 0.2225 0.89735 0.22875 0.9008800000000001 0.22875
1 0.9380499999999999 0.21125 0.92743 0.2125 0.92743 0.21749999999999997 0.9327400000000001 0.21875 0.9380499999999999 0.215 0.9380499999999999 0.21125
1 0.9646000000000001 0.21125 0.96814 0.21125 0.9716799999999999 0.21000000000000002 0.97345 0.20375000000000001 0.96814 0.20375000000000001 0.9663700000000001 0.205 0.96283 0.205 0.9646000000000001 0.21125
1 0.09912 0.39625 0.09558 0.39875 0.09735 0.4025 0.10619 0.40125 0.10619 0.39625 0.09912 0.39625
1 0.13982 0.38875000000000004 0.14336 0.38625 0.14159 0.38125 0.13805 0.38125 0.13451 0.3825 0.13274 0.38875000000000004 0.13982 0.38875000000000004
1 0.17522 0.3775 0.17876 0.375 0.17876 0.37124999999999997 0.17168 0.37124999999999997 0.16814 0.37374999999999997 0.16991 0.3775 0.17522 0.3775
1 0.21416 0.3675 0.21416 0.365 0.20354 0.36625 0.20531000000000002 0.37124999999999997 0.20884999999999998 0.37124999999999997 0.21239 0.37 0.21416 0.3675
1 0.24425 0.4 0.24956 0.39875 0.25133 0.395 0.24956 0.39249999999999996 0.24425 0.39249999999999996 0.24070999999999998 0.395 0.24070999999999998 0.39875 0.24425 0.4
1 0.3115 0.3725 0.31327 0.375 0.31858 0.375 0.32212 0.3725 0.32212 0.36875 0.31858 0.3675 0.31504 0.36875 0.31327 0.37 0.3115 0.3725
1 0.35575 0.36124999999999996 0.3469 0.3625 0.34513 0.365 0.3469 0.3675 0.35221 0.3675 0.35575 0.36625 0.35575 0.36124999999999996
1 0.28496 0.37875000000000003 0.27965 0.37875000000000003 0.27610999999999997 0.38125 0.27610999999999997 0.385 0.28319 0.385 0.28673000000000004 0.38375 0.28496 0.37875000000000003
1 0.41239 0.3825 0.40176999999999996 0.38375 0.40176999999999996 0.39 0.40530999999999995 0.39 0.40885 0.38875000000000004 0.41239 0.38625 0.41239 0.3825
1 0.44425 0.375 0.44779 0.37374999999999997 0.44955999999999996 0.37124999999999997 0.44955999999999996 0.36875 0.44425 0.3675 0.44071 0.36875 0.43894 0.375 0.44425 0.375
1 0.48495999999999995 0.36124999999999996 0.48319 0.35750000000000004 0.47611 0.35750000000000004 0.47257 0.36 0.47434000000000004 0.36375 0.48141999999999996 0.36375 0.48495999999999995 0.36124999999999996
1 0.52035 0.35375 0.51858 0.35 0.5115000000000001 0.35 0.50796 0.3525 0.50796 0.35750000000000004 0.51504 0.35750000000000004 0.51858 0.35625 0.52035 0.35375
1 0.55044 0.4 0.5539799999999999 0.39875 0.55752 0.395 0.5539799999999999 0.39249999999999996 0.55044 0.39249999999999996 0.54513 0.39625 0.54513 0.39875 0.55044 0.4
1 0.58407 0.38625 0.5911500000000001 0.38375 0.5911500000000001 0.37875000000000003 0.58407 0.37875000000000003 0.58053 0.38125 0.58053 0.38625 0.58407 0.38625
1 0.62832 0.36875 0.6176999999999999 0.37 0.61947 0.375 0.62478 0.375 0.62832 0.3725 0.62832 0.36875
1 0.66195 0.365 0.66195 0.36124999999999996 0.6548700000000001 0.36124999999999996 0.65133 0.36375 0.65133 0.3675 0.66018 0.3675 0.66195 0.365
1 0.70619 0.39625 0.7115 0.39625 0.71504 0.395 0.71858 0.39249999999999996 0.71681 0.38875000000000004 0.7115 0.38875000000000004 0.70796 0.39 0.70619 0.39249999999999996 0.70619 0.39625
1 0.75221 0.38125 0.75398 0.375 0.74513 0.37625000000000003 0.74336 0.37875000000000003 0.74336 0.3825 0.74867 0.3825 0.75221 0.38125
1 0.78407 0.37124999999999997 0.78761 0.37 0.78938 0.365 0.7823 0.365 0.77876 0.3675 0.78053 0.37124999999999997 0.78407 0.37124999999999997
1 0.8265499999999999 0.35750000000000004 0.81593 0.35875 0.81593 0.365 0.8194699999999999 0.365 0.82301 0.36375 0.8283200000000001 0.36 0.8265499999999999 0.35750000000000004
1 0.86372 0.4 0.85664 0.4 0.8531000000000001 0.40125 0.85487 0.40625 0.8601800000000001 0.40625 0.86372 0.40374999999999994 0.86372 0.4
1 0.89558 0.39249999999999996 0.8991199999999999 0.39 0.8991199999999999 0.385 0.89204 0.385 0.8885 0.3875 0.8902699999999999 0.39249999999999996 0.89558 0.39249999999999996
1 0.9292 0.3825 0.9327400000000001 0.38125 0.9345100000000001 0.37875000000000003 0.9327400000000001 0.37374999999999997 0.9292 0.375 0.9238899999999999 0.37625000000000003 0.92566 0.3825 0.9292 0.3825
1 0.9646000000000001 0.375 0.96814 0.37374999999999997 0.9699099999999999 0.37124999999999997 0.9699099999999999 0.3675 0.9646000000000001 0.3675 0.96106 0.36875 0.96106 0.375 0.9646000000000001 0.375
1 0.40176999999999996 0.2975 0.40530999999999995 0.2975 0.40885 0.29625 0.41239 0.29375 0.41062000000000004 0.28875 0.40530999999999995 0.28875 0.40176999999999996 0.29 0.4 0.29500000000000004 0.40176999999999996 0.2975
1 0.55221 0.3 0.55752 0.29625 0.55575 0.2925 0.55044 0.2925 0.54513 0.29625 0.54513 0.3 0.55221 0.3
1 0.71327 0.30375 0.71858 0.3 0.71681 0.29625 0.7115 0.29625 0.70796 0.2975 0.70619 0.30375 0.71327 0.30375
1 0.86372 0.30375 0.86372 0.3 0.85664 0.3 0.8531000000000001 0.30625 0.8601800000000001 0.30625 0.86372 0.30375
1 0.10264999999999999 0.57375 0.10619 0.5725 0.10619 0.5662499999999999 0.10088 0.5662499999999999 0.09558 0.5700000000000001 0.09735 0.57375 0.10264999999999999 0.57375
1 0.14336 0.5575 0.14159 0.5525 0.13628 0.5525 0.13274 0.5549999999999999 0.13451 0.5599999999999999 0.13982 0.5599999999999999 0.14336 0.5575
1 0.17522 0.54875 0.17876 0.54625 0.17876 0.5425 0.17168 0.5425 0.16814 0.545 0.16991 0.54875 0.17522 0.54875
1 0.20884999999999998 0.5425 0.21416 0.5387500000000001 0.21239 0.5349999999999999 0.20884999999999998 0.5349999999999999 0.20531000000000002 0.53625 0.20354 0.54125 0.20884999999999998 0.5425
1 0.24602 0.585 0.24956 0.58375 0.25133 0.58125 0.24956 0.5775 0.24425 0.5775 0.24070999999999998 0.58 0.23894 0.5825 0.24602 0.585
1 0.28319 0.5700000000000001 0.28673000000000004 0.5675 0.28496 0.5625 0.27610999999999997 0.5650000000000001 0.27434 0.5675 0.27610999999999997 0.5700000000000001 0.28319 0.5700000000000001
1 0.31858 0.5599999999999999 0.32212 0.5587500000000001 0.32389 0.5549999999999999 0.32212 0.5525 0.31681 0.5525 0.3115 0.5575 0.31327 0.5599999999999999 0.31858 0.5599999999999999
1 0.3469 0.5475 0.3469 0.5525 0.35575 0.55125 0.35575 0.54625 0.3469 0.5475
1 0.40885 0.57375 0.41239 0.57125 0.41062000000000004 0.5662499999999999 0.40708 0.5675 0.40176999999999996 0.56875 0.40176999999999996 0.57375 0.40885 0.57375
1 0.44779 0.5587500000000001 0.44955999999999996 0.55625 0.44955999999999996 0.5525 0.44425 0.5525 0.44071 0.55375 0.44071 0.5599999999999999 0.44779 0.5587500000000001
1 0.48319 0.5475 0.48319 0.5425 0.47788 0.5425 0.47434000000000004 0.54375 0.47434000000000004 0.54875 0.48319 0.5475
1 0.50973 0.54125 0.51858 0.54 0.51858 0.5387500000000001 0.52035 0.53625 0.51681 0.5349999999999999 0.51327 0.5349999999999999 0.50973 0.53625 0.50973 0.54125
1 0.54867 0.57125 0.55044 0.5700000000000001 0.55575 0.56875 0.55575 0.56375 0.54867 0.56375 0.54513 0.5662499999999999 0.54513 0.57125 0.54867 0.57125
1 0.58761 0.55625 0.5911500000000001 0.55375 0.58938 0.54875 0.58407 0.55 0.58053 0.5525 0.58053 0.55625 0.58761 0.55625
1 0.6230100000000001 0.54625 0.62655 0.545 0.62832 0.5425 0.62832 0.5387500000000001 0.62124 0.5387500000000001 0.6176999999999999 0.54125 0.6176999999999999 0.545 0.6230100000000001 0.54625
1 0.65133 0.5387500000000001 0.65841 0.5387500000000001 0.66195 0.53625 0.66018 0.53125 0.65664 0.53125 0.6531 0.5325 0.65133 0.5349999999999999 0.65133 0.5387500000000001
1 0.70973 0.56125 0.71681 0.5587500000000001 0.71858 0.55625 0.71681 0.5525 0.7115 0.5525 0.70796 0.55375 0.70619 0.5599999999999999 0.70973 0.56125
1 0.74513 0.54 0.74336 0.5425 0.74336 0.545 0.75398 0.54375 0.75398 0.5387500000000001 0.74513 0.54
1 0.77876 0.53 0.78053 0.5349999999999999 0.78584 0.5349999999999999 0.79115 0.53 0.78761 0.5275000000000001 0.77876 0.53
1 0.8283200000000001 0.5237499999999999 0.8265499999999999 0.52125 0.81593 0.5225 0.81416 0.525 0.81593 0.5287499999999999 0.8212400000000001 0.5287499999999999 0.82478 0.5275000000000001 0.8283200000000001 0.5237499999999999
1 0.85664 0.5700000000000001 0.8601800000000001 0.5700000000000001 0.86372 0.56875 0.86372 0.56375 0.85664 0.56375 0.8531000000000001 0.5662499999999999 0.8531000000000001 0.57125 0.85664 0.5700000000000001
1 0.89381 0.55625 0.89735 0.5549999999999999 0.89735 0.54875 0.89381 0.54875 0.8885 0.55125 0.8885 0.55625 0.89381 0.55625
1 0.93097 0.545 0.9345100000000001 0.5425 0.9327400000000001 0.5387500000000001 0.92743 0.5387500000000001 0.9238899999999999 0.54125 0.92743 0.54625 0.93097 0.545
1 0.9663700000000001 0.5387500000000001 0.9699099999999999 0.53625 0.96814 0.53125 0.9646000000000001 0.53125 0.96106 0.5325 0.95929 0.5387500000000001 0.9663700000000001 0.5387500000000001
1 0.10619 0.73125 0.09912 0.73125 0.09558 0.73375 0.09558 0.7375 0.10264999999999999 0.7375 0.10619 0.73625 0.10619 0.73125
1 0.14336 0.7175 0.13274 0.71875 0.13274 0.72375 0.13982 0.72375 0.14336 0.7212500000000001 0.14336 0.7175
1 0.17522 0.7125 0.17876 0.71 0.17699 0.70625 0.17168 0.70625 0.16814 0.70875 0.16814 0.7125 0.17522 0.7125
1 0.20177 0.70375 0.20354 0.70625 0.20884999999999998 0.70625 0.21239 0.705 0.21416 0.70375 0.21593 0.70125 0.21239 0.69875 0.20708000000000001 0.69875 0.20354 0.70125 0.20177 0.70375
1 0.24956 0.7474999999999999 0.24956 0.74125 0.24602 0.74125 0.24247999999999997 0.7424999999999999 0.24070999999999998 0.7474999999999999 0.24956 0.7474999999999999
1 0.28496 0.7275 0.27965 0.7275 0.27610999999999997 0.72875 0.27788 0.73375 0.28319 0.73375 0.28673000000000004 0.73125 0.28496 0.7275
1 0.32212 0.7175 0.31327 0.71875 0.31327 0.72375 0.31858 0.72375 0.32212 0.7212500000000001 0.32212 0.7175
1 0.35575 0.71 0.3469 0.7112499999999999 0.3469 0.7162499999999999 0.35398 0.7162499999999999 0.35575 0.71375 0.35575 0.71
1 0.40708 0.745 0.41062000000000004 0.74375 0.41062000000000004 0.7375 0.40708 0.7375 0.40354 0.73875 0.40354 0.745 0.40708 0.745
1 0.44425 0.73125 0.44779 0.72875 0.44779 0.7262500000000001 0.44955999999999996 0.72375 0.44248000000000004 0.72375 0.43894 0.7262500000000001 0.43894 0.73 0.44425 0.73125
1 0.48319 0.71375 0.47434000000000004 0.7150000000000001 0.47611 0.72 0.47965 0.72 0.48319 0.71875 0.48319 0.71375
1 0.51858 0.70625 0.5115000000000001 0.70625 0.50796 0.70875 0.50973 0.7125 0.51504 0.7125 0.51858 0.7112499999999999 0.51858 0.70625
1 0.55752 0.7525000000000001 0.55575 0.74875 0.54867 0.74875 0.54513 0.75125 0.5469 0.755 0.5539799999999999 0.755 0.55752 0.7525000000000001
1 0.58761 0.74125 0.5911500000000001 0.73875 0.59292 0.73625 0.58938 0.73375 0.58407 0.735 0.58053 0.73875 0.58407 0.74125 0.58761 0.74125
1 0.62832 0.72375 0.62124 0.72375 0.6176999999999999 0.7262500000000001 0.6176999999999999 0.73 0.62655 0.73 0.62832 0.72375
1 0.65841 0.72375 0.66195 0.7212500000000001 0.66018 0.7162499999999999 0.6548700000000001 0.7175 0.65133 0.72 0.6531 0.72375 0.65841 0.72375
1 0.70973 0.745 0.71327 0.745 0.71681 0.7424999999999999 0.71681 0.7375 0.7115 0.7375 0.70796 0.73875 0.70619 0.7424999999999999 0.70973 0.745
1 0.75398 0.72375 0.74867 0.72375 0.74513 0.725 0.74336 0.72875 0.75044 0.73 0.75221 0.73 0.75398 0.72375
1 0.78584 0.72 0.78938 0.7175 0.78761 0.7125 0.7823 0.71375 0.77876 0.7162499999999999 0.78053 0.72 0.78584 0.72
1 0.82301 0.7125 0.8265499999999999 0.71 0.8265499999999999 0.70625 0.8194699999999999 0.70625 0.81593 0.70875 0.8177 0.7125 0.82301 0.7125
1 0.8601800000000001 0.73375 0.8531000000000001 0.7375 0.8531000000000001 0.74125 0.8601800000000001 0.74125 0.86372 0.73875 0.86372 0.735 0.8601800000000001 0.73375
1 0.89381 0.7275 0.89735 0.7262500000000001 0.8991199999999999 0.72375 0.89735 0.72 0.89204 0.72 0.8885 0.7224999999999999 0.8902699999999999 0.7275 0.89381 0.7275
1 0.9327400000000001 0.71 0.92566 0.71 0.9238899999999999 0.7125 0.9238899999999999 0.7162499999999999 0.9327400000000001 0.7150000000000001 0.9327400000000001 0.71
1 0.9646000000000001 0.71 0.96814 0.70875 0.9699099999999999 0.70625 0.96814 0.7025 0.96283 0.7025 0.95929 0.705 0.96106 0.71 0.9646000000000001 0.71
1 0.09558 0.8162499999999999 0.10264999999999999 0.8162499999999999 0.10619 0.81375 0.10619 0.8099999999999999 0.10264999999999999 0.8087500000000001 0.09735 0.8099999999999999 0.09558 0.8125 0.09558 0.8162499999999999
1 0.17522 0.8087500000000001 0.17876 0.80625 0.17699 0.8025 0.17168 0.8025 0.16814 0.80375 0.16814 0.8087500000000001 0.17522 0.8087500000000001
1 0.24602 0.8025 0.24956 0.8012499999999999 0.25133 0.79875 0.24956 0.795 0.24425 0.795 0.24070999999999998 0.7975 0.24070999999999998 0.8025 0.24602 0.8025
1 0.32389 0.8012499999999999 0.32212 0.79875 0.31681 0.79875 0.31327 0.805 0.32212 0.80375 0.32389 0.8012499999999999
1 0.40885 0.8087500000000001 0.41239 0.80625 0.41239 0.8025 0.40530999999999995 0.8025 0.40176999999999996 0.805 0.40176999999999996 0.8087500000000001 0.40885 0.8087500000000001
1 0.48495999999999995 0.8125 0.48495999999999995 0.8099999999999999 0.48141999999999996 0.8087500000000001 0.47434000000000004 0.8099999999999999 0.47257 0.81375 0.47434000000000004 0.8162499999999999 0.48319 0.8150000000000001 0.48495999999999995 0.8125
1 0.5469 0.80375 0.5469 0.8087500000000001 0.55575 0.8074999999999999 0.55575 0.8025 0.5469 0.80375
1 0.62832 0.8099999999999999 0.62832 0.80625 0.62124 0.80625 0.6176999999999999 0.8087500000000001 0.61947 0.8125 0.62655 0.8125 0.62832 0.8099999999999999
1 0.71858 0.81125 0.70796 0.8099999999999999 0.70619 0.81375 0.70796 0.8162499999999999 0.71327 0.8162499999999999 0.71681 0.81375 0.71858 0.81125
1 0.78584 0.8237500000000001 0.78938 0.82125 0.79115 0.81875 0.79115 0.8162499999999999 0.78407 0.8162499999999999 0.78053 0.8175000000000001 0.78053 0.8237500000000001 0.78584 0.8237500000000001
1 0.86195 0.8150000000000001 0.8601800000000001 0.8087500000000001 0.85664 0.8087500000000001 0.8531000000000001 0.8099999999999999 0.8513299999999999 0.8162499999999999 0.86195 0.8150000000000001
1 0.93097 0.8087500000000001 0.9345100000000001 0.80625 0.9345100000000001 0.8025 0.92743 0.8025 0.9238899999999999 0.805 0.9238899999999999 0.8087500000000001 0.93097 0.8087500000000001
1 0.10088 0.9025000000000001 0.10442 0.9012499999999999 0.10795999999999999 0.89625 0.09912 0.8949999999999999 0.09558 0.8975 0.09735 0.9025000000000001 0.10088 0.9025000000000001
1 0.13628 0.8875 0.13982 0.8875 0.14336 0.885 0.14159 0.8800000000000001 0.13628 0.8800000000000001 0.13274 0.8825 0.13274 0.8887499999999999 0.13628 0.8875
1 0.17699 0.8699999999999999 0.17168 0.8699999999999999 0.16814 0.8712500000000001 0.16814 0.87625 0.17522 0.87625 0.17876 0.875 0.17699 0.8699999999999999
1 0.21416 0.8675 0.21593 0.865 0.21239 0.8625 0.20708000000000001 0.8625 0.20354 0.865 0.20708000000000001 0.8699999999999999 0.21416 0.8675
1 0.24070999999999998 0.9125 0.24602 0.9125 0.24956 0.9112500000000001 0.25133 0.9075 0.24779 0.905 0.24425 0.90625 0.24247999999999997 0.90625 0.24070999999999998 0.9125
1 0.27788 0.89875 0.28319 0.8975 0.28673000000000004 0.8949999999999999 0.28496 0.89125 0.27965 0.89125 0.27610999999999997 0.8925000000000001 0.27434 0.89625 0.27788 0.89875
1 0.32212 0.88125 0.31327 0.8825 0.31327 0.8875 0.31858 0.8875 0.32212 0.8862500000000001 0.32212 0.88125
1 0.35575 0.87375 0.3469 0.875 0.34513 0.8775000000000001 0.3469 0.8800000000000001 0.35398 0.8800000000000001 0.35752 0.8775000000000001 0.35575 0.87375
1 0.43894 0.8949999999999999 0.44425 0.8949999999999999 0.44955999999999996 0.89125 0.44955999999999996 0.8887499999999999 0.44602 0.8875 0.44248000000000004 0.8875 0.43894 0.89 0.43894 0.8949999999999999
1 0.40176999999999996 0.9037499999999999 0.40176999999999996 0.9087500000000001 0.40708 0.9087500000000001 0.41062000000000004 0.9075 0.41239 0.9025000000000001 0.40176999999999996 0.9037499999999999
1 0.52035 0.87375 0.51858 0.8699999999999999 0.5115000000000001 0.8699999999999999 0.50796 0.8724999999999999 0.50973 0.87625 0.51681 0.87625 0.52035 0.87375
1 0.55044 0.9199999999999999 0.5539799999999999 0.91875 0.55752 0.91625 0.55575 0.9125 0.54867 0.9125 0.54513 0.915 0.54513 0.9175000000000001 0.55044 0.9199999999999999
1 0.58761 0.905 0.5911500000000001 0.9025000000000001 0.58938 0.8975 0.58407 0.89875 0.58053 0.9012499999999999 0.5823 0.905 0.58761 0.905
1 0.66018 0.8875 0.66195 0.885 0.66018 0.8800000000000001 0.65664 0.88125 0.65133 0.8825 0.6531 0.8875 0.66018 0.8875
1 0.71504 0.915 0.71858 0.9125 0.71681 0.9087500000000001 0.7115 0.9087500000000001 0.70796 0.9099999999999999 0.70796 0.915 0.71504 0.915
1 0.74513 0.9012499999999999 0.75398 0.9 0.75575 0.89625 0.74513 0.89625 0.74513 0.9012499999999999
1 0.78584 0.89125 0.78938 0.8887499999999999 0.78761 0.88375 0.78053 0.885 0.77876 0.8887499999999999 0.7823 0.89125 0.78584 0.89125
1 0.8212400000000001 0.88375 0.82478 0.8825 0.82478 0.87625 0.8194699999999999 0.87625 0.81593 0.8775000000000001 0.81593 0.88375 0.8212400000000001 0.88375
1 0.8531000000000001 0.9262499999999999 0.86195 0.925 0.86372 0.9225 0.86195 0.9199999999999999 0.85664 0.9199999999999999 0.8513299999999999 0.92125 0.84956 0.9237500000000001 0.8531000000000001 0.9262499999999999
1 0.89735 0.905 0.89204 0.905 0.8885 0.9075 0.8885 0.9112500000000001 0.89735 0.9112500000000001 0.89735 0.905
1 0.9345100000000001 0.8949999999999999 0.9238899999999999 0.89625 0.9238899999999999 0.9012499999999999 0.93097 0.9012499999999999 0.9345100000000001 0.89875 0.9345100000000001 0.8949999999999999
1 0.9646000000000001 0.8949999999999999 0.96814 0.89375 0.96814 0.8875 0.9646000000000001 0.8875 0.96106 0.8887499999999999 0.96106 0.8949999999999999 0.9646000000000001 0.8949999999999999
1 0.09558 0.48250000000000004 0.10264999999999999 0.48250000000000004 0.10619 0.48 0.10619 0.47375 0.10088 0.47375 0.09735 0.475 0.09558 0.47750000000000004 0.09558 0.48250000000000004
1 0.25133 0.48250000000000004 0.24956 0.47750000000000004 0.24425 0.47750000000000004 0.24070999999999998 0.48 0.24247999999999997 0.485 0.24779 0.485 0.25133 0.48250000000000004
1 0.62655 0.89375 0.62655 0.8875 0.62124 0.8875 0.6176999999999999 0.89 0.6176999999999999 0.8925000000000001 0.62478 0.89375 0.62655 0.89375
1 0.40885 0.48125 0.41239 0.47874999999999995 0.41062000000000004 0.47375 0.40708 0.47375 0.40354 0.475 0.40176999999999996 0.48125 0.40885 0.48125
1 0.54867 0.47874999999999995 0.55221 0.47750000000000004 0.55752 0.475 0.55752 0.4725 0.55575 0.47000000000000003 0.55044 0.47000000000000003 0.54513 0.47375 0.54513 0.47874999999999995 0.54867 0.47874999999999995
1 0.70619 0.47125000000000006 0.70619 0.475 0.71327 0.475 0.71681 0.4725 0.71858 0.47000000000000003 0.71858 0.46749999999999997 0.71327 0.46749999999999997 0.7115 0.46875 0.70796 0.46875 0.70619 0.47125000000000006
1 0.8513299999999999 0.47000000000000003 0.86372 0.46875 0.86372 0.46375 0.85664 0.46375 0.8531000000000001 0.465 0.8513299999999999 0.46749999999999997 0.8513299999999999 0.47000000000000003
1 0.86372 0.47625 0.86372 0.47125000000000006 0.85664 0.47125000000000006 0.8531000000000001 0.4725 0.85664 0.47874999999999995 0.86372 0.47625
1 0.8601800000000001 0.485 0.86372 0.48250000000000004 0.86372 0.47874999999999995 0.85664 0.47874999999999995 0.8531000000000001 0.48 0.8531000000000001 0.485 0.8601800000000001 0.485
1 0.10264999999999999 0.645 0.10619 0.6425 0.10442 0.6375 0.10088 0.6375 0.09735 0.63875 0.09558 0.645 0.10264999999999999 0.645
1 0.10264999999999999 0.6525000000000001 0.10619 0.65 0.10619 0.645 0.10088 0.645 0.09558 0.6487499999999999 0.09558 0.6525000000000001 0.10264999999999999 0.6525000000000001
1 0.10264999999999999 0.6625 0.10619 0.6599999999999999 0.10619 0.65625 0.09912 0.65625 0.09558 0.6587500000000001 0.09558 0.6625 0.10264999999999999 0.6625
1 0.24602 0.6487499999999999 0.25133 0.645 0.24956 0.64125 0.24602 0.64125 0.24247999999999997 0.6425 0.24070999999999998 0.6487499999999999 0.24602 0.6487499999999999
1 0.24070999999999998 0.655 0.24779 0.655 0.25133 0.6525000000000001 0.25133 0.6487499999999999 0.24602 0.6487499999999999 0.24425 0.65 0.24070999999999998 0.65 0.24070999999999998 0.655
1 0.24779 0.6625 0.25133 0.6599999999999999 0.25133 0.65625 0.24425 0.65625 0.24070999999999998 0.6575 0.24070999999999998 0.6625 0.24779 0.6625
1 0.71327 0.46749999999999997 0.71858 0.46375 0.71681 0.45999999999999996 0.7115 0.45999999999999996 0.70619 0.46375 0.70619 0.46749999999999997 0.71327 0.46749999999999997
1 0.70619 0.485 0.7115 0.485 0.71504 0.48375 0.71858 0.48 0.71681 0.47750000000000004 0.7115 0.47750000000000004 0.70796 0.48 0.70619 0.48250000000000004 0.70619 0.485
1 0.40885 0.6525000000000001 0.41239 0.65 0.41239 0.645 0.40530999999999995 0.645 0.40176999999999996 0.6475 0.40176999999999996 0.6525000000000001 0.40885 0.6525000000000001
1 0.40885 0.6587500000000001 0.41239 0.65625 0.41239 0.6525000000000001 0.40885 0.6525000000000001 0.40176999999999996 0.655 0.40176999999999996 0.6587500000000001 0.40885 0.6587500000000001
1 0.40176999999999996 0.67 0.40708 0.67 0.41239 0.6675 0.41062000000000004 0.6625 0.40708 0.6625 0.40354 0.6637500000000001 0.4 0.66625 0.40176999999999996 0.67
1 0.5469 0.65625 0.55221 0.65625 0.55752 0.6525000000000001 0.55575 0.6487499999999999 0.55044 0.6487499999999999 0.5469 0.65 0.54513 0.6525000000000001 0.5469 0.65625
1 0.55221 0.6637500000000001 0.55752 0.6599999999999999 0.55575 0.65625 0.54867 0.65625 0.54513 0.6587500000000001 0.5469 0.6637500000000001 0.55221 0.6637500000000001
1 0.55221 0.67 0.55575 0.6637500000000001 0.55221 0.6637500000000001 0.54513 0.66625 0.54513 0.67 0.55221 0.67
1 0.71327 0.6525000000000001 0.71858 0.65 0.71858 0.645 0.7115 0.645 0.70619 0.6487499999999999 0.70619 0.6525000000000001 0.71327 0.6525000000000001
1 0.71327 0.67 0.71858 0.66625 0.71858 0.6625 0.7115 0.6625 0.70619 0.665 0.70796 0.67 0.71327 0.67
1 0.70619 0.6587500000000001 0.71681 0.6587500000000001 0.71858 0.65625 0.71858 0.6525000000000001 0.7115 0.6525000000000001 0.70796 0.6537499999999999 0.70619 0.65625 0.70619 0.6587500000000001
1 0.85664 0.6675 0.8601800000000001 0.66625 0.86372 0.6637500000000001 0.86195 0.6587500000000001 0.85664 0.6587500000000001 0.8531000000000001 0.6625 0.8531000000000001 0.6675 0.85664 0.6675
1 0.8601800000000001 0.65625 0.86372 0.6537499999999999 0.86372 0.6487499999999999 0.8601800000000001 0.6487499999999999 0.8531000000000001 0.65125 0.8531000000000001 0.65625 0.8601800000000001 0.65625
1 0.86372 0.6475 0.86195 0.64125 0.85664 0.64125 0.8531000000000001 0.64375 0.8531000000000001 0.6487499999999999 0.8584099999999999 0.6487499999999999 0.8601800000000001 0.6475 0.86372 0.6475
0 0.18053 0.2325 0.16283 0.23374999999999999 0.14867 0.23625 0.14867 0.23875000000000002 0.16283 0.23875000000000002 0.23717000000000002 0.23374999999999999 0.24956 0.23125 0.24956 0.22875 0.2354 0.22875 0.21593 0.22999999999999998 0.19823 0.2325 0.18053 0.2325
0 0.32743 0.2425 0.30796 0.24500000000000002 0.2885 0.24500000000000002 0.28496 0.24625 0.28496 0.24874999999999997 0.30796 0.24874999999999997 0.32389 0.24625 0.34336 0.24625 0.35929 0.24500000000000002 0.36106 0.24375 0.37522 0.24375 0.37699 0.2425 0.38584 0.2425 0.38584 0.23875000000000002 0.3823 0.23875000000000002 0.36106 0.24 0.3469 0.2425 0.32743 0.2425
0 0.44779 0.2425 0.43894 0.24125000000000002 0.43716999999999995 0.24625 0.44248000000000004 0.24625 0.46372 0.24500000000000002 0.48141999999999996 0.2425 0.50088 0.2425 0.53274 0.24 0.53628 0.23875000000000002 0.53628 0.23625 0.52035 0.23625 0.48319 0.23875000000000002 0.46548999999999996 0.24125000000000002 0.44779 0.2425
0 0.73982 0.1775 0.73805 0.17875000000000002 0.73451 0.17875000000000002 0.73451 0.1825 0.73982 0.1825 0.76991 0.18125 0.78407 0.17875000000000002 0.8053100000000001 0.17875000000000002 0.8194699999999999 0.17625 0.8371700000000001 0.17625 0.8371700000000001 0.17124999999999999 0.8283200000000001 0.17124999999999999 0.75752 0.17625 0.75575 0.1775 0.73982 0.1775
0 0.8902699999999999 0.1875 0.87257 0.19 0.87611 0.19375 0.96106 0.1875 0.9716799999999999 0.1825 0.96283 0.1825 0.94336 0.18375 0.9079599999999999 0.1875 0.8902699999999999 0.1875
0 0.16283 0.34375 0.12743 0.34500000000000003 0.12035 0.34625 0.11327000000000001 0.34875 0.10619 0.35 0.10795999999999999 0.355 0.11857999999999999 0.355 0.12388999999999999 0.3525 0.13451 0.35125 0.16991 0.35 0.20354 0.35 0.21416 0.34875 0.2177 0.34625 0.21593 0.34125 0.21061999999999997 0.34125 0.19646 0.34375 0.16283 0.34375
0 0.73274 0.4125 0.70973 0.4125 0.70619 0.41375 0.70619 0.41624999999999995 0.70973 0.4175 0.78938 0.4125 0.8053100000000001 0.41125 0.80708 0.41 0.81593 0.41 0.81593 0.40625 0.8106199999999999 0.40625 0.77168 0.40875000000000006 0.75221 0.41125 0.73274 0.4125
0 0.8902699999999999 0.34875 0.87611 0.35 0.86195 0.3525 0.86372 0.35750000000000004 0.87965 0.35750000000000004 0.89735 0.355 0.92566 0.35375 0.9557499999999999 0.35375 0.9646000000000001 0.35125 0.9699099999999999 0.35125 0.9699099999999999 0.34500000000000003 0.95752 0.34500000000000003 0.9486700000000001 0.34750000000000003 0.9185800000000001 0.34750000000000003 0.8902699999999999 0.34875
0 0.10619 0.525 0.13097 0.5225 0.14159 0.5237499999999999 0.14513 0.5237499999999999 0.14867 0.52125 0.16637 0.52125 0.1823 0.51875 0.20177 0.5175 0.21239 0.51875 0.21416 0.51375 0.19646 0.51375 0.12212 0.51875 0.10619 0.52125 0.10619 0.525
0 0.35752 0.5275000000000001 0.35575 0.525 0.33451 0.525 0.29735 0.5287499999999999 0.27788 0.5287499999999999 0.25841 0.53 0.25664 0.53125 0.25133 0.53125 0.25133 0.53625 0.26195 0.5337500000000001 0.27965 0.5325 0.28673000000000004 0.5349999999999999 0.29203999999999997 0.5325 0.30265 0.53125 0.31858 0.53 0.32566 0.53125 0.33805 0.5287499999999999 0.35575 0.53 0.35752 0.5275000000000001
0 0.46372 0.5175 0.44602 0.5175 0.42832 0.51875 0.41239 0.52125 0.41239 0.52625 0.41947 0.5237499999999999 0.43362999999999996 0.5225 0.50973 0.5175 0.51327 0.5175 0.51504 0.51875 0.52035 0.5175 0.51858 0.51375 0.50265 0.51375 0.48141999999999996 0.515 0.46372 0.5175
0 0.59646 0.585 0.57699 0.585 0.5592900000000001 0.5862499999999999 0.55752 0.5875 0.54513 0.5875 0.5469 0.5912499999999999 0.55575 0.5912499999999999 0.59646 0.58875 0.61416 0.5862499999999999 0.6354 0.5862499999999999 0.65133 0.58375 0.65133 0.58125 0.6354 0.58125 0.6336299999999999 0.5825 0.61593 0.5825 0.59646 0.585
0 0.74336 0.57375 0.7292 0.57625 0.70619 0.5775 0.70796 0.58125 0.72212 0.58125 0.72389 0.58 0.74159 0.57875 0.76283 0.57875 0.77876 0.57625 0.8 0.57625 0.81593 0.57375 0.81593 0.56875 0.80177 0.57125 0.77699 0.57125 0.76106 0.57375 0.74336 0.57375
0 0.10973 0.7537499999999999 0.10795999999999999 0.755 0.09558 0.755 0.09558 0.75875 0.10973 0.75875 0.13097 0.7575000000000001 0.18584 0.7537499999999999 0.2 0.7525000000000001 0.20354 0.75125 0.20354 0.74875 0.18407 0.74875 0.1646 0.75 0.12743 0.7537499999999999 0.10973 0.7537499999999999
0 0.26017999999999997 0.69375 0.25841 0.6950000000000001 0.25133 0.6950000000000001 0.25133 0.69875 0.26017999999999997 0.69875 0.27965 0.69625 0.28673000000000004 0.6975 0.30265 0.6950000000000001 0.31504 0.69375 0.31858 0.69375 0.32035 0.6950000000000001 0.32566 0.6950000000000001 0.33628 0.6925 0.35575 0.6925 0.35575 0.68875 0.33628 0.68875 0.29912 0.6925 0.27965 0.69375 0.26017999999999997 0.69375
0 0.47611 0.68625 0.45841000000000004 0.6875 0.44248000000000004 0.6900000000000001 0.42301 0.6900000000000001 0.42123999999999995 0.6912499999999999 0.41239 0.6912499999999999 0.41239 0.69625 0.42301 0.69375 0.46195 0.6912499999999999 0.48495999999999995 0.6912499999999999 0.49912 0.68875 0.52035 0.68875 0.51858 0.6849999999999999 0.49912 0.6849999999999999 0.49734999999999996 0.68625 0.47611 0.68625
0 0.67788 0.175 0.60531 0.18 0.60354 0.18125 0.58761 0.18125 0.58407 0.1825 0.58407 0.18625 0.5911500000000001 0.18625 0.60885 0.18375 0.63009 0.18375 0.64425 0.18125 0.6531 0.1825 0.6654899999999999 0.18 0.68496 0.17875000000000002 0.68496 0.17625 0.6814199999999999 0.175 0.67788 0.175
0 0.27434 0.41375 0.25664 0.41624999999999995 0.23894 0.4175 0.23894 0.42000000000000004 0.25841 0.42000000000000004 0.31504 0.41624999999999995 0.31681 0.41500000000000004 0.33274 0.41500000000000004 0.33451 0.41375 0.34513 0.41375 0.34513 0.41 0.33628 0.41 0.31681 0.4125 0.29381 0.4125 0.27434 0.41375
0 0.44955999999999996 0.4025 0.43186 0.40499999999999997 0.41062000000000004 0.40625 0.40176999999999996 0.40499999999999997 0.40176999999999996 0.41 0.41239 0.41 0.49027000000000004 0.40499999999999997 0.50796 0.4025 0.5061899999999999 0.39875 0.4885 0.4 0.46902999999999995 0.4025 0.44955999999999996 0.4025
0 0.6017699999999999 0.4175 0.61947 0.41500000000000004 0.63717 0.41500000000000004 0.65133 0.4125 0.65133 0.41 0.64425 0.41 0.62124 0.4125 0.6017699999999999 0.4125 0.58761 0.41500000000000004 0.58053 0.41375 0.5646 0.41624999999999995 0.54513 0.41375 0.5469 0.42000000000000004 0.5592900000000001 0.42000000000000004 0.6017699999999999 0.4175
0 0.88673 0.585 0.8672599999999999 0.5862499999999999 0.86549 0.5875 0.8531000000000001 0.5875 0.8531000000000001 0.5912499999999999 0.86372 0.5912499999999999 0.9061899999999999 0.58875 0.9221199999999999 0.5862499999999999 0.94336 0.5862499999999999 0.95752 0.58125 0.94513 0.58125 0.9238899999999999 0.5825 0.9061899999999999 0.585 0.88673 0.585
0 0.59646 0.69875 0.57699 0.70125 0.56106 0.70125 0.55752 0.7025 0.55752 0.70625 0.56283 0.70625 0.59292 0.705 0.6070800000000001 0.7025 0.62832 0.7025 0.63717 0.7 0.6548700000000001 0.69875 0.66018 0.70125 0.66018 0.6950000000000001 0.65664 0.6950000000000001 0.59646 0.69875
0 0.74867 0.6900000000000001 0.72743 0.6900000000000001 0.72566 0.6912499999999999 0.71858 0.6912499999999999 0.72035 0.69625 0.73097 0.69375 0.75575 0.69375 0.76991 0.6912499999999999 0.79292 0.6912499999999999 0.80885 0.68875 0.8265499999999999 0.68875 0.8283200000000001 0.68625 0.80708 0.6849999999999999 0.8053100000000001 0.68625 0.7823 0.68625 0.74867 0.6900000000000001
0 0.86195 0.75875 0.8584099999999999 0.75875 0.85664 0.7575000000000001 0.8531000000000001 0.7575000000000001 0.8531000000000001 0.7625 0.8601800000000001 0.7625 0.87965 0.76125 0.9185800000000001 0.7575000000000001 0.9398199999999999 0.7575000000000001 0.9539799999999999 0.75625 0.95752 0.755 0.95752 0.7525000000000001 0.9380499999999999 0.7525000000000001 0.9185800000000001 0.7537499999999999 0.9008800000000001 0.75625 0.86195 0.75875
0 0.17168 0.9112500000000001 0.15398 0.91375 0.13451 0.91375 0.12388999999999999 0.91625 0.11327000000000001 0.91625 0.10088 0.9175000000000001 0.09381 0.9199999999999999 0.09558 0.925 0.10442 0.925 0.10619 0.9237500000000001 0.11681 0.9237500000000001 0.13982 0.9199999999999999 0.16106 0.91875 0.19469 0.91875 0.20177 0.91625 0.20177 0.9099999999999999 0.19469 0.9099999999999999 0.18761 0.9125 0.18407 0.9125 0.17168 0.9112500000000001
0 0.26372 0.9324999999999999 0.28319 0.93 0.32389 0.92875 0.33982 0.9275 0.34159 0.9262499999999999 0.34513 0.9262499999999999 0.3469 0.9237500000000001 0.33274 0.9225 0.27434 0.9262499999999999 0.26903 0.92875 0.26549 0.92875 0.26372 0.9275 0.26017999999999997 0.9275 0.23894 0.93 0.24070999999999998 0.9337500000000001 0.24425 0.9337500000000001 0.26372 0.9324999999999999
0 0.4354 0.9225 0.41593 0.925 0.40176999999999996 0.9237500000000001 0.40176999999999996 0.93 0.41769999999999996 0.93 0.4354 0.9275 0.45664 0.9275 0.49381 0.925 0.50796 0.9225 0.50973 0.9199999999999999 0.50088 0.91875 0.47257 0.9199999999999999 0.45664 0.9225 0.4354 0.9225
0 0.63186 0.86625 0.64602 0.8637499999999999 0.66018 0.865 0.66018 0.85875 0.6548700000000001 0.85875 0.6336299999999999 0.86 0.61416 0.8625 0.59469 0.8625 0.57699 0.865 0.5592900000000001 0.865 0.55575 0.8675 0.55575 0.8699999999999999 0.5646 0.8699999999999999 0.59292 0.86875 0.60531 0.86625 0.6230100000000001 0.865 0.63186 0.86625
0 0.75752 0.85875 0.73805 0.8612500000000001 0.72212 0.8612500000000001 0.71858 0.8625 0.71681 0.865 0.71858 0.8675 0.72212 0.8675 0.73274 0.865 0.75575 0.865 0.77168 0.8625 0.79292 0.8625 0.80885 0.86 0.82478 0.86 0.82478 0.8550000000000001 0.81593 0.8550000000000001 0.79646 0.85625 0.77699 0.85875 0.75752 0.85875
0 0.86372 0.8775000000000001 0.8690300000000001 0.8775000000000001 0.8885 0.875 0.89735 0.87625 0.90973 0.87375 0.93628 0.87375 0.94513 0.8712500000000001 0.9663700000000001 0.8712500000000001 0.9699099999999999 0.87375 0.9699099999999999 0.86625 0.9504400000000001 0.86625 0.8743399999999999 0.8712500000000001 0.86195 0.87375 0.86372 0.8775000000000001