1 0.20177 0.27125 0.20177 0.26875 0.19646 0.2725 0.20177 0.27125
1 0.22832 0.27749999999999997 0.22124000000000002 0.27875 0.22124000000000002 0.28250000000000003 0.22832 0.28125 0.22832 0.27749999999999997
1 0.24779 0.2725 0.24602 0.275 0.25133 0.27625 0.25487000000000004 0.275 0.25487000000000004 0.2725 0.24779 0.2725
1 0.30619 0.27 0.30442 0.26749999999999996 0.29735 0.27125 0.30088 0.2725 0.30619 0.27
1 0.3292 0.27625 0.33274 0.2725 0.32566 0.27625 0.3292 0.27625
1 0.27965 0.27875 0.27257 0.27875 0.27257 0.28375 0.27610999999999997 0.28250000000000003 0.27788 0.28250000000000003 0.27965 0.27875
1 0.27257 0.265 0.27434 0.26875 0.27965 0.26749999999999996 0.27788 0.26375000000000004 0.27257 0.265
1 0.27965 0.32 0.27965 0.31625000000000003 0.27610999999999997 0.3175 0.27434 0.3175 0.27257 0.32125 0.27965 0.32
1 0.20354 0.32 0.20177 0.31625000000000003 0.19823 0.31625000000000003 0.19469 0.31875 0.19469 0.32125 0.20354 0.32
1 0.81593 0.22000000000000003 0.8177 0.22374999999999998 0.8212400000000001 0.22374999999999998 0.82301 0.21875 0.81593 0.22000000000000003
1 0.32743 0.31875 0.32566 0.32375 0.33274 0.3225 0.33097 0.31875 0.32743 0.31875
1 0.36637 0.27125 0.36637 0.26749999999999996 0.36283 0.26749999999999996 0.35929 0.27 0.35929 0.2725 0.36637 0.27125
1 0.35929 0.3225 0.36283 0.32625000000000004 0.36637 0.32375 0.36637 0.32125 0.35929 0.3225
1 0.38761 0.27625 0.38584 0.28125 0.39115 0.28125 0.39115 0.27625 0.38761 0.27625
1 0.41062000000000004 0.27375 0.41062000000000004 0.27625 0.41769999999999996 0.27625 0.41769999999999996 0.2725 0.41062000000000004 0.27375
1 0.43894 0.26125 0.43716999999999995 0.26625 0.44425 0.265 0.44248000000000004 0.26125 0.43894 0.26125
1 0.44248000000000004 0.27625 0.43894 0.27625 0.4354 0.27749999999999997 0.43716999999999995 0.28125 0.44071 0.28125 0.44425 0.27999999999999997 0.44248000000000004 0.27625
1 0.43716999999999995 0.3225 0.43716999999999995 0.325 0.44425 0.32375 0.44425 0.32125 0.43716999999999995 0.3225
1 0.46195 0.26749999999999996 0.46195 0.2725 0.4708 0.27125 0.46902999999999995 0.26749999999999996 0.46195 0.26749999999999996
1 0.49558 0.2725 0.48673 0.275 0.49027000000000004 0.27749999999999997 0.49381 0.27749999999999997 0.49734999999999996 0.27625 0.49558 0.2725
1 0.54867 0.27875 0.54867 0.28250000000000003 0.5539799999999999 0.28250000000000003 0.55575 0.27749999999999997 0.54867 0.27875
1 0.5752200000000001 0.2725 0.57345 0.275 0.57876 0.27625 0.5823 0.275 0.5823 0.2725 0.5752200000000001 0.2725
1 0.4885 0.32375 0.49734999999999996 0.3225 0.49558 0.31875 0.49027000000000004 0.31875 0.4885 0.32375
1 0.53097 0.27125 0.5292 0.26749999999999996 0.52566 0.26749999999999996 0.5221199999999999 0.27 0.5221199999999999 0.2725 0.53097 0.27125
1 0.5221199999999999 0.32125 0.53097 0.32125 0.53097 0.3175 0.52566 0.3175 0.5221199999999999 0.32125
1 0.60885 0.3175 0.6 0.31875 0.6 0.32125 0.60531 0.3225 0.60885 0.32 0.60885 0.3175
1 0.6070800000000001 0.27875 0.6 0.27999999999999997 0.6 0.28250000000000003 0.6070800000000001 0.27875
1 0.6 0.265 0.6017699999999999 0.26875 0.60885 0.26875 0.6070800000000001 0.26375000000000004 0.6 0.265
1 0.63186 0.26749999999999996 0.62832 0.26749999999999996 0.62655 0.2725 0.63009 0.2725 0.63186 0.26749999999999996
1 0.65841 0.2725 0.6548700000000001 0.2725 0.65133 0.27375 0.65133 0.27625 0.65841 0.2725
1 0.69204 0.2725 0.69558 0.26875 0.6885 0.2725 0.69204 0.2725
1 0.65841 0.31875 0.6548700000000001 0.31875 0.65133 0.32 0.6531 0.32375 0.65664 0.32375 0.66018 0.3225 0.65841 0.31875
1 0.6867300000000001 0.3225 0.6885 0.32625000000000004 0.69381 0.325 0.69381 0.32375 0.69558 0.32125 0.6867300000000001 0.3225
1 0.72035 0.27625 0.71504 0.27625 0.7115 0.27999999999999997 0.72035 0.27875 0.72035 0.27625
1 0.73982 0.27625 0.74336 0.27625 0.7469 0.275 0.74513 0.2725 0.73982 0.27625
1 0.76814 0.26625 0.77168 0.26375000000000004 0.77168 0.26125 0.76814 0.26125 0.7646 0.26375000000000004 0.7646 0.26625 0.76814 0.26625
1 0.78938 0.26875 0.78938 0.2725 0.79646 0.2725 0.79646 0.26749999999999996 0.78938 0.26875
1 0.77345 0.27749999999999997 0.76991 0.27625 0.76637 0.27625 0.7646 0.28125 0.76814 0.28125 0.77168 0.27999999999999997 0.77345 0.27749999999999997
1 0.82478 0.2725 0.81593 0.27375 0.81593 0.27625 0.8212400000000001 0.27625 0.82478 0.275 0.82478 0.2725
1 0.7646 0.3225 0.76814 0.32625000000000004 0.77168 0.32375 0.77168 0.32125 0.7646 0.3225
1 0.82301 0.31875 0.8194699999999999 0.31875 0.8177 0.32375 0.8212400000000001 0.32375 0.82301 0.31875
1 0.20531000000000002 0.40374999999999994 0.20708000000000001 0.4 0.20177 0.4 0.19823 0.40125 0.19823 0.40374999999999994 0.20531000000000002 0.40374999999999994
1 0.20531000000000002 0.5075000000000001 0.2 0.5075000000000001 0.19823 0.51 0.19823 0.5125 0.20531000000000002 0.51125 0.20531000000000002 0.5075000000000001
1 0.19823 0.465 0.20177 0.46875 0.20531000000000002 0.46749999999999997 0.20354 0.46375 0.19823 0.465
1 0.25664 0.40374999999999994 0.25664 0.40125 0.25133 0.40499999999999997 0.25664 0.40374999999999994
1 0.22477999999999998 0.47625 0.22477999999999998 0.47874999999999995 0.23186 0.47750000000000004 0.23186 0.475 0.22477999999999998 0.47625
1 0.25664 0.46875 0.2531 0.46875 0.24956 0.4725 0.25664 0.47125000000000006 0.25664 0.46875
1 0.28319 0.4025 0.28319 0.4 0.27965 0.4 0.27788 0.40499999999999997 0.28142 0.40499999999999997 0.28319 0.4025
1 0.33451 0.40125 0.32743 0.4025 0.32743 0.40499999999999997 0.33274 0.40499999999999997 0.33628 0.40374999999999994 0.33451 0.40125
1 0.27788 0.45999999999999996 0.27610999999999997 0.46375 0.28142 0.45999999999999996 0.27788 0.45999999999999996
1 0.27788 0.475 0.27610999999999997 0.47874999999999995 0.27965 0.47874999999999995 0.28319 0.47750000000000004 0.28319 0.475 0.27788 0.475
1 0.27610999999999997 0.51 0.27610999999999997 0.5125 0.28319 0.51125 0.28319 0.50875 0.27610999999999997 0.51
1 0.33451 0.5125 0.33451 0.51 0.33097 0.51125 0.3292 0.51125 0.33097 0.515 0.33451 0.5125
1 0.30973 0.46749999999999997 0.30973 0.465 0.30265 0.46875 0.30973 0.46749999999999997
1 0.33628 0.46875 0.32743 0.47000000000000003 0.32743 0.4725 0.33274 0.4725 0.33628 0.47125000000000006 0.33628 0.46875
1 0.36283 0.4 0.36283 0.4025 0.36991 0.40125 0.36991 0.39875 0.36283 0.4
1 0.36283 0.5125 0.36283 0.51625 0.36991 0.515 0.36991 0.5125 0.36283 0.5125
1 0.38938 0.39875 0.38761 0.4025 0.39469 0.4025 0.39469 0.39875 0.38938 0.39875
1 0.41593 0.4 0.41593 0.4025 0.42301 0.40125 0.42301 0.39875 0.41593 0.4
1 0.44071 0.4 0.44071 0.4025 0.44779 0.40125 0.44779 0.39875 0.44071 0.4
1 0.39469 0.47625 0.39469 0.47375 0.39115 0.47750000000000004 0.39469 0.47625
1 0.41593 0.4725 0.42123999999999995 0.4725 0.42301 0.46875 0.41593 0.47000000000000003 0.41593 0.4725
1 0.44071 0.51375 0.44071 0.51625 0.44779 0.515 0.44779 0.5125 0.44071 0.51375
1 0.44779 0.47625 0.44779 0.4725 0.44248000000000004 0.4725 0.44071 0.475 0.44071 0.47750000000000004 0.44425 0.47750000000000004 0.44779 0.47625
1 0.44071 0.45999999999999996 0.44071 0.4625 0.44779 0.4625 0.44779 0.45875000000000005 0.44071 0.45999999999999996
1 0.49734999999999996 0.4725 0.50088 0.46875 0.49558 0.46875 0.49204 0.47000000000000003 0.49381 0.4725 0.49734999999999996 0.4725
1 0.49204 0.51125 0.49381 0.515 0.49912 0.515 0.49912 0.51 0.49204 0.51125
1 0.49734999999999996 0.40875000000000006 0.49912 0.40499999999999997 0.49381 0.40875000000000006 0.49734999999999996 0.40875000000000006
1 0.5274300000000001 0.40125 0.5274300000000001 0.40374999999999994 0.53451 0.40374999999999994 0.53274 0.4 0.5274300000000001 0.40125
1 0.5592900000000001 0.4 0.55575 0.4 0.55221 0.40374999999999994 0.5592900000000001 0.40374999999999994 0.5592900000000001 0.4
1 0.5823 0.40125 0.58761 0.40374999999999994 0.58938 0.40374999999999994 0.58938 0.4 0.5823 0.40125
1 0.61593 0.4 0.61062 0.4 0.60885 0.40499999999999997 0.61239 0.40499999999999997 0.61593 0.40374999999999994 0.61593 0.4
1 0.64071 0.4 0.63717 0.4 0.6354 0.40499999999999997 0.6389400000000001 0.40499999999999997 0.64071 0.4
1 0.66195 0.4 0.66018 0.40499999999999997 0.6654899999999999 0.40499999999999997 0.66726 0.4 0.66195 0.4
1 0.70088 0.3975 0.6973499999999999 0.3975 0.69381 0.4 0.69912 0.4025 0.70088 0.4025 0.70088 0.3975
1 0.53451 0.46375 0.53097 0.46375 0.5292 0.46875 0.53451 0.46749999999999997 0.53451 0.46375
1 0.55221 0.47874999999999995 0.56106 0.47750000000000004 0.56106 0.475 0.5539799999999999 0.475 0.55221 0.47874999999999995
1 0.5823 0.47000000000000003 0.58407 0.47375 0.58761 0.47375 0.58938 0.46875 0.5823 0.47000000000000003
1 0.60885 0.47625 0.60885 0.47874999999999995 0.61593 0.47750000000000004 0.61593 0.475 0.60885 0.47625
1 0.61416 0.45999999999999996 0.61062 0.45999999999999996 0.60885 0.465 0.61239 0.465 0.61416 0.45999999999999996
1 0.64071 0.46375 0.63717 0.46375 0.6354 0.46875 0.6389400000000001 0.46875 0.64071 0.46375
1 0.5274300000000001 0.50875 0.5274300000000001 0.5125 0.53451 0.51125 0.53451 0.5075000000000001 0.5274300000000001 0.50875
1 0.60885 0.50875 0.60885 0.5125 0.61593 0.51125 0.61416 0.5075000000000001 0.60885 0.50875
1 0.66195 0.51 0.65841 0.51375 0.66372 0.515 0.66726 0.51375 0.6654899999999999 0.51 0.66195 0.51
1 0.66018 0.47000000000000003 0.66018 0.4725 0.66726 0.47125000000000006 0.66726 0.46875 0.66018 0.47000000000000003
1 0.69381 0.51375 0.69558 0.5175 0.70265 0.51625 0.70265 0.5125 0.69381 0.51375
1 0.75221 0.4025 0.75221 0.3975 0.74867 0.3975 0.74513 0.39875 0.74513 0.4025 0.75221 0.4025
1 0.77168 0.4 0.77168 0.4025 0.77876 0.40125 0.77876 0.39875 0.77168 0.4
1 0.79823 0.40125 0.79823 0.40499999999999997 0.8053100000000001 0.40374999999999994 0.8053100000000001 0.4 0.79823 0.40125
1 0.8265499999999999 0.4 0.8283200000000001 0.40374999999999994 0.83009 0.40374999999999994 0.83009 0.4 0.8265499999999999 0.4
1 0.6973499999999999 0.46375 0.69558 0.46875 0.70265 0.46749999999999997 0.70088 0.46375 0.6973499999999999 0.46375
1 0.72035 0.47375 0.72212 0.47750000000000004 0.7292 0.47625 0.72743 0.4725 0.72035 0.47375
1 0.75398 0.47125000000000006 0.75398 0.46875 0.7469 0.4725 0.75398 0.47125000000000006
1 0.77876 0.46125 0.77876 0.4575 0.77522 0.4575 0.77168 0.45999999999999996 0.77168 0.4625 0.77876 0.46125
1 0.80177 0.46875 0.8053100000000001 0.46749999999999997 0.8035399999999999 0.46375 0.8 0.46375 0.79646 0.46624999999999994 0.79646 0.46875 0.80177 0.46875
1 0.18407 0.70875 0.18584 0.7125 0.19115 0.7112499999999999 0.18938 0.7075 0.18407 0.70875
1 0.18407 0.6537499999999999 0.18407 0.6575 0.19115 0.6575 0.19115 0.6525000000000001 0.18407 0.6537499999999999
1 0.21239 0.6637500000000001 0.20884999999999998 0.665 0.21239 0.66875 0.21593 0.66875 0.2177 0.6637500000000001 0.21239 0.6637500000000001
1 0.24247999999999997 0.6637500000000001 0.24425 0.6587500000000001 0.24070999999999998 0.6587500000000001 0.23717000000000002 0.6599999999999999 0.23717000000000002 0.6637500000000001 0.24247999999999997 0.6637500000000001
1 0.26726 0.6537499999999999 0.27080000000000004 0.65125 0.27080000000000004 0.6487499999999999 0.26549 0.6487499999999999 0.26195 0.65125 0.26195 0.6537499999999999 0.26726 0.6537499999999999
1 0.82301 0.47000000000000003 0.8283200000000001 0.4725 0.83009 0.4725 0.83186 0.46875 0.82301 0.47000000000000003
1 0.77168 0.47375 0.77168 0.47750000000000004 0.77876 0.47625 0.77699 0.4725 0.77168 0.47375
1 0.19115 0.6975 0.18584 0.6975 0.18407 0.7 0.18584 0.70375 0.19292 0.7025 0.19115 0.6975
1 0.26195 0.665 0.26372 0.66875 0.26726 0.66875 0.26903 0.6637500000000001 0.26195 0.665
1 0.29381 0.6575 0.29558 0.6525000000000001 0.29203999999999997 0.6525000000000001 0.2885 0.655 0.2885 0.6575 0.29381 0.6575
1 0.32212 0.6587500000000001 0.31858 0.6587500000000001 0.31681 0.6637500000000001 0.32035 0.6637500000000001 0.32212 0.6587500000000001
1 0.2177 0.58875 0.21239 0.58875 0.21239 0.59375 0.21593 0.59375 0.2177 0.5912499999999999 0.2177 0.58875
1 0.19115 0.58875 0.18761 0.58875 0.18761 0.59375 0.19115 0.5925 0.19115 0.58875
1 0.27080000000000004 0.5912499999999999 0.27080000000000004 0.58875 0.26726 0.58875 0.26549 0.59375 0.26903 0.59375 0.27080000000000004 0.5912499999999999
1 0.29735 0.58875 0.29027 0.5900000000000001 0.29027 0.5912499999999999 0.2885 0.59375 0.29735 0.59375 0.29735 0.58875
1 0.32212 0.59375 0.32212 0.58875 0.31858 0.58875 0.31504 0.5912499999999999 0.31504 0.59375 0.32212 0.59375
1 0.35575 0.59375 0.35752 0.58875 0.35398 0.58875 0.35044 0.5912499999999999 0.35044 0.59375 0.35575 0.59375
1 0.35044 0.66125 0.35752 0.66125 0.35929 0.6575 0.35044 0.6587500000000001 0.35044 0.66125
1 0.38407 0.66875 0.38407 0.6675 0.38584 0.665 0.3823 0.665 0.37876 0.66625 0.37699 0.67 0.38407 0.66875
1 0.41062000000000004 0.665 0.41062000000000004 0.66125 0.40708 0.66125 0.40354 0.6637500000000001 0.40354 0.66625 0.41062000000000004 0.665
1 0.35929 0.69625 0.35398 0.69625 0.35221 0.70125 0.35575 0.70125 0.35929 0.7 0.35929 0.69625
1 0.35044 0.70625 0.35221 0.71 0.35575 0.71 0.35752 0.705 0.35044 0.70625
1 0.43009000000000003 0.5925 0.43009000000000003 0.595 0.43716999999999995 0.59375 0.43716999999999995 0.5912499999999999 0.43009000000000003 0.5925
1 0.46195 0.5912499999999999 0.45664 0.5925 0.45664 0.595 0.46195 0.5912499999999999
1 0.51858 0.5925 0.52035 0.5962500000000001 0.52566 0.5962500000000001 0.52566 0.5912499999999999 0.51858 0.5925
1 0.54867 0.5962500000000001 0.55044 0.5912499999999999 0.5469 0.5912499999999999 0.5433600000000001 0.5925 0.54513 0.5962500000000001 0.54867 0.5962500000000001
1 0.52035 0.655 0.51681 0.65625 0.51681 0.6587500000000001 0.5221199999999999 0.6599999999999999 0.52389 0.655 0.52035 0.655
1 0.54513 0.66625 0.54513 0.67 0.55044 0.66875 0.55044 0.665 0.54513 0.66625
1 0.57699 0.6625 0.57699 0.6599999999999999 0.57168 0.6637500000000001 0.57699 0.6625
1 0.43009000000000003 0.6525000000000001 0.43009000000000003 0.655 0.43716999999999995 0.6537499999999999 0.43716999999999995 0.65125 0.43009000000000003 0.6525000000000001
1 0.43009000000000003 0.6625 0.43362999999999996 0.66625 0.43716999999999995 0.6637500000000001 0.43716999999999995 0.66125 0.43009000000000003 0.6625
1 0.45664 0.6587500000000001 0.45664 0.66125 0.46372 0.6599999999999999 0.46372 0.6575 0.45664 0.6587500000000001
1 0.49027000000000004 0.66125 0.48319 0.66125 0.48319 0.66625 0.48673 0.665 0.49027000000000004 0.665 0.49027000000000004 0.66125
1 0.52035 0.69875 0.51681 0.7 0.5221199999999999 0.7025 0.52389 0.7025 0.52566 0.69875 0.52035 0.69875
1 0.59646 0.5925 0.6 0.5962500000000001 0.60354 0.59375 0.60354 0.5912499999999999 0.59646 0.5925
1 0.68496 0.70625 0.6867300000000001 0.71 0.69027 0.71 0.69027 0.705 0.68496 0.70625
1 0.60354 0.69875 0.59823 0.69875 0.59823 0.70375 0.6017699999999999 0.70375 0.60354 0.70125 0.60354 0.69875
1 0.62832 0.71375 0.63186 0.71 0.62478 0.71375 0.62832 0.71375
1 0.6495599999999999 0.70875 0.6531 0.7125 0.65664 0.71 0.65664 0.7075 0.6495599999999999 0.70875
1 0.59646 0.6525000000000001 0.59646 0.655 0.60354 0.6537499999999999 0.60354 0.65125 0.59646 0.6525000000000001
1 0.63009 0.655 0.62655 0.655 0.62655 0.6599999999999999 0.63009 0.6587500000000001 0.63009 0.655
1 0.6531 0.6637500000000001 0.65664 0.66125 0.65664 0.6587500000000001 0.6531 0.6599999999999999 0.65133 0.6599999999999999 0.6495599999999999 0.6637500000000001 0.6531 0.6637500000000001
1 0.68496 0.6587500000000001 0.68496 0.66125 0.69204 0.6599999999999999 0.69204 0.6575 0.68496 0.6587500000000001
1 0.7115 0.66625 0.7115 0.67 0.71858 0.66875 0.71858 0.66625 0.7115 0.66625
1 0.73628 0.6625 0.73628 0.665 0.74513 0.6637500000000001 0.74513 0.66125 0.73628 0.6625
1 0.81593 0.60625 0.81593 0.61 0.82301 0.61 0.82301 0.60625 0.81593 0.60625
1 0.76283 0.6525000000000001 0.76283 0.655 0.76637 0.655 0.76991 0.6537499999999999 0.77168 0.65125 0.76283 0.6525000000000001
1 0.76991 0.67 0.76991 0.665 0.76637 0.665 0.76283 0.6675 0.76283 0.67 0.76991 0.67
1 0.79646 0.6575 0.78938 0.6587500000000001 0.78938 0.66125 0.79646 0.6575
1 0.82478 0.66125 0.8194699999999999 0.66125 0.8177 0.66625 0.82301 0.66625 0.82301 0.6637500000000001 0.82478 0.66125
0 0.21061999999999997 0.25375000000000003 0.20177 0.25375000000000003 0.20177 0.25875 0.25487000000000004 0.25875 0.25487000000000004 0.255 0.21061999999999997 0.25375000000000003
0 0.30973 0.25625 0.32389 0.25875 0.33097 0.25875 0.3292 0.25375000000000003 0.32566 0.2525 0.29027 0.25125000000000003 0.27788 0.25125000000000003 0.27788 0.255 0.28496 0.255 0.28673000000000004 0.25625 0.30973 0.25625
0 0.42123999999999995 0.26 0.42123999999999995 0.25625 0.38053 0.255 0.3646 0.255 0.3646 0.25875 0.37522 0.25875 0.37699 0.26 0.42123999999999995 0.26
0 0.46018 0.25625 0.4885 0.25625 0.49381 0.25875 0.49912 0.25875 0.49912 0.255 0.49558 0.2525 0.46548999999999996 0.2525 0.45309999999999995 0.25 0.44248000000000004 0.25 0.44248000000000004 0.25375000000000003 0.44779 0.25375000000000003 0.44955999999999996 0.255 0.46018 0.25625
0 0.5823 0.26 0.5823 0.25625 0.5469 0.25625 0.53982 0.25375000000000003 0.5292 0.25375000000000003 0.5292 0.2575 0.53628 0.25875 0.54159 0.26 0.5823 0.26
0 0.64071 0.25875 0.66195 0.25875 0.66195 0.255 0.64779 0.255 0.6354 0.25125000000000003 0.61239 0.25 0.60531 0.25125000000000003 0.60531 0.255 0.63009 0.255 0.63717 0.25625 0.64071 0.25875
0 0.75221 0.26125 0.75221 0.2575 0.72743 0.2575 0.7115 0.25625 0.70265 0.255 0.70088 0.25375000000000003 0.69381 0.255 0.69381 0.25875 0.70619 0.25875 0.71858 0.26125 0.75221 0.26125
0 0.27080000000000004 0.575 0.27080000000000004 0.57875 0.32389 0.57875 0.32212 0.57375 0.27080000000000004 0.575
0 0.3115 0.45499999999999996 0.31858 0.45625 0.33451 0.45625 0.33451 0.4525 0.32389 0.4525 0.30619 0.44749999999999995 0.28142 0.44749999999999995 0.28142 0.45125000000000004 0.29912 0.45125000000000004 0.30619 0.4525 0.3115 0.45499999999999996
0 0.41062000000000004 0.45625 0.42301 0.45625 0.41593 0.4525 0.37699 0.45 0.36814 0.45 0.36814 0.45375 0.37522 0.45375 0.37699 0.45499999999999996 0.41062000000000004 0.45625
0 0.4708 0.45375 0.49912 0.45375 0.49912 0.45 0.47434000000000004 0.45 0.45664 0.44625000000000004 0.44602 0.44625000000000004 0.44602 0.45 0.45309999999999995 0.45 0.46018 0.4525 0.4708 0.45375
0 0.57699 0.4575 0.5858399999999999 0.4575 0.58938 0.45625 0.58938 0.4525 0.54867 0.45125000000000004 0.53274 0.45125000000000004 0.53274 0.45499999999999996 0.5433600000000001 0.45499999999999996 0.54513 0.45625 0.57699 0.4575
0 0.66372 0.45499999999999996 0.66903 0.45499999999999996 0.66903 0.45 0.64602 0.45 0.6336299999999999 0.44749999999999995 0.61416 0.44749999999999995 0.61416 0.45125000000000004 0.62832 0.45125000000000004 0.64071 0.45375 0.66372 0.45499999999999996
0 0.80885 0.2575 0.82478 0.2575 0.82478 0.25375000000000003 0.81593 0.25375000000000003 0.81416 0.2525 0.79823 0.2525 0.78761 0.25 0.76991 0.25 0.76991 0.25375000000000003 0.78053 0.25375000000000003 0.79292 0.25625 0.80885 0.2575
0 0.36814 0.38375 0.36814 0.3875 0.42301 0.3875 0.42301 0.38375 0.36814 0.38375
0 0.53451 0.3875 0.53451 0.39125 0.5911500000000001 0.39125 0.58938 0.38625 0.53451 0.3875
0 0.77876 0.38625 0.77876 0.39 0.83186 0.39 0.83009 0.385 0.77876 0.38625
0 0.61593 0.3875 0.61593 0.39125 0.66726 0.39125 0.66726 0.3875 0.61593 0.3875
0 0.24602 0.4575 0.25841 0.4575 0.25841 0.45375 0.25133 0.45375 0.24956 0.4525 0.22124000000000002 0.45125000000000004 0.20531000000000002 0.45125000000000004 0.20531000000000002 0.45499999999999996 0.2177 0.45499999999999996 0.21947 0.45625 0.24602 0.4575
0 0.75398 0.45625 0.75398 0.4525 0.72743 0.4525 0.72566 0.45125000000000004 0.70088 0.45125000000000004 0.70088 0.45499999999999996 0.71858 0.45499999999999996 0.72035 0.45625 0.75398 0.45625
0 0.79823 0.45125000000000004 0.81416 0.45375 0.8212400000000001 0.45625 0.83186 0.45625 0.83186 0.4525 0.8283200000000001 0.4525 0.8212400000000001 0.45 0.8035399999999999 0.44749999999999995 0.79115 0.44749999999999995 0.78938 0.44625000000000004 0.77876 0.44625000000000004 0.77876 0.45 0.78407 0.45 0.78584 0.45125000000000004 0.79823 0.45125000000000004
0 0.63009 0.6950000000000001 0.65664 0.6912499999999999 0.63717 0.6912499999999999 0.6230100000000001 0.6900000000000001 0.61416 0.6875 0.6017699999999999 0.6875 0.6017699999999999 0.6912499999999999 0.61062 0.6925 0.6176999999999999 0.69375 0.63009 0.6950000000000001
0 0.21416 0.6487499999999999 0.24425 0.6487499999999999 0.24425 0.645 0.21947 0.645 0.20884999999999998 0.6425 0.19823 0.64125 0.18938 0.64125 0.18938 0.645 0.19469 0.645 0.19646 0.64625 0.21416 0.6487499999999999
0 0.29558 0.6425 0.30796 0.645 0.32389 0.645 0.32389 0.64125 0.31504 0.64125 0.30265 0.63875 0.28496 0.6375 0.26903 0.6375 0.26903 0.64125 0.27965 0.64125 0.28142 0.6425 0.29558 0.6425
0 0.38053 0.6525000000000001 0.41062000000000004 0.6487499999999999 0.38938 0.6487499999999999 0.36814 0.64625 0.35752 0.64625 0.35752 0.65 0.36106 0.65 0.36283 0.65125 0.38053 0.6525000000000001
0 0.45487 0.645 0.47611 0.645 0.48319 0.6475 0.49027000000000004 0.6475 0.4885 0.6425 0.48319 0.64125 0.46018 0.64125 0.44779 0.64 0.44602 0.63875 0.43716999999999995 0.63875 0.43716999999999995 0.6425 0.44071 0.6425 0.44248000000000004 0.64375 0.45487 0.645
0 0.57168 0.6425 0.53097 0.64125 0.52389 0.64125 0.52566 0.64625 0.56637 0.6475 0.57699 0.64375 0.57168 0.6425
0 0.64248 0.645 0.64779 0.6475 0.65841 0.6475 0.65841 0.64375 0.6495599999999999 0.64125 0.6230100000000001 0.64125 0.60885 0.63875 0.6017699999999999 0.63875 0.6017699999999999 0.6425 0.60531 0.64375 0.6176999999999999 0.645 0.64248 0.645
0 0.74513 0.65125 0.74513 0.6475 0.70265 0.64625 0.69204 0.64625 0.69204 0.65 0.69558 0.65 0.6973499999999999 0.65125 0.74513 0.65125
0 0.79469 0.64625 0.81416 0.6475 0.8265499999999999 0.6475 0.8265499999999999 0.64375 0.8212400000000001 0.64375 0.8194699999999999 0.6425 0.8 0.6425 0.77876 0.64 0.77699 0.63875 0.76991 0.63875 0.76991 0.6425 0.77345 0.64375 0.7823 0.645 0.79469 0.64625