1 0.26549 0.13 0.26903 0.1275 0.26726 0.12250000000000001 0.26017999999999997 0.12375 0.25841 0.12625 0.26017999999999997 0.13 0.26549 0.13
1 0.35044 0.12625 0.35398 0.12375 0.35398 0.12125 0.35044 0.11875 0.34336 0.12125 0.34336 0.12625 0.35044 0.12625
1 0.16814 0.1275 0.17168 0.1275 0.17876 0.125 0.17876 0.11875 0.17168 0.11875 0.16814 0.12125 0.16637 0.12375 0.16814 0.1275
1 0.22301 0.12625 0.22654999999999997 0.12375 0.22654999999999997 0.12125 0.22477999999999998 0.11875 0.21947 0.11875 0.21416 0.12250000000000001 0.21416 0.12625 0.22301 0.12625
1 0.39823 0.12 0.39646 0.11625 0.38938 0.11625 0.38584 0.11875 0.38761 0.12250000000000001 0.39469 0.12250000000000001 0.39823 0.12
1 0.4354 0.11750000000000001 0.4354 0.11374999999999999 0.43186 0.1125 0.42301 0.1125 0.41947 0.11499999999999999 0.41947 0.11750000000000001 0.42301 0.12 0.43362999999999996 0.12 0.4354 0.11750000000000001
1 0.55575 0.11374999999999999 0.5539799999999999 0.11625 0.5539799999999999 0.11875 0.5646 0.11750000000000001 0.5646 0.1125 0.55575 0.11374999999999999
1 0.59823 0.12625 0.60531 0.12625 0.60885 0.12375 0.60885 0.12 0.60531 0.11875 0.6017699999999999 0.12 0.6 0.12 0.59823 0.12625
1 0.89735 0.1275 0.89558 0.12375 0.88142 0.125 0.8831899999999999 0.12875 0.88673 0.13 0.89381 0.13 0.89735 0.1275
1 0.50973 0.1125 0.5061899999999999 0.11499999999999999 0.50796 0.12 0.51858 0.11875 0.51858 0.1125 0.50973 0.1125
1 0.64425 0.12250000000000001 0.6389400000000001 0.12250000000000001 0.6354 0.12375 0.6354 0.13 0.64425 0.13 0.64602 0.1275 0.64425 0.12250000000000001
1 0.69027 0.13 0.69558 0.12625 0.69381 0.12250000000000001 0.6885 0.12250000000000001 0.68319 0.12625 0.68496 0.13 0.69027 0.13
1 0.75398 0.125 0.75398 0.12 0.74513 0.12 0.74336 0.12250000000000001 0.74336 0.12625 0.75044 0.12625 0.75398 0.125
1 0.8035399999999999 0.11875 0.80177 0.11625 0.79469 0.11625 0.79115 0.11875 0.79115 0.12250000000000001 0.8 0.12250000000000001 0.8035399999999999 0.11875
1 0.84602 0.12375 0.84602 0.12 0.8371700000000001 0.12 0.83363 0.12250000000000001 0.83363 0.12625 0.8424799999999999 0.12625 0.84602 0.12375
1 0.19469 0.21000000000000002 0.19115 0.2125 0.19115 0.21625 0.20177 0.215 0.20177 0.21000000000000002 0.19469 0.21000000000000002
1 0.24602 0.21749999999999997 0.24425 0.21375000000000002 0.23894 0.21375000000000002 0.2354 0.21625 0.23717000000000002 0.22000000000000003 0.24247999999999997 0.22000000000000003 0.24602 0.21749999999999997
1 0.32389 0.21000000000000002 0.32035 0.2125 0.32212 0.21625 0.33097 0.215 0.33097 0.21000000000000002 0.32389 0.21000000000000002
1 0.37522 0.21125 0.37345 0.20625 0.36991 0.20625 0.36637 0.20750000000000002 0.3646 0.2125 0.37522 0.21125
1 0.15221 0.21000000000000002 0.14159 0.21125 0.14159 0.21625 0.15044 0.21625 0.15221 0.21375000000000002 0.15221 0.21000000000000002
1 0.27080000000000004 0.21625 0.27788 0.21625 0.28142 0.21000000000000002 0.27080000000000004 0.21125 0.27080000000000004 0.21625
1 0.41239 0.20750000000000002 0.41239 0.205 0.40885 0.20249999999999999 0.4 0.20249999999999999 0.39646 0.20375000000000001 0.39646 0.20750000000000002 0.39823 0.21000000000000002 0.41062000000000004 0.21000000000000002 0.41239 0.20750000000000002
1 0.5433600000000001 0.20875 0.54513 0.205 0.5433600000000001 0.20249999999999999 0.5380499999999999 0.20249999999999999 0.53451 0.205 0.5380499999999999 0.21000000000000002 0.5433600000000001 0.20875
1 0.57876 0.21125 0.57876 0.21625 0.58761 0.215 0.58761 0.21000000000000002 0.57876 0.21125
1 0.66903 0.22000000000000003 0.67257 0.21749999999999997 0.6708000000000001 0.21375000000000002 0.6654899999999999 0.21375000000000002 0.66195 0.21625 0.66195 0.22000000000000003 0.66903 0.22000000000000003
1 0.70442 0.21375000000000002 0.69912 0.21375000000000002 0.69558 0.215 0.6973499999999999 0.22000000000000003 0.70265 0.22000000000000003 0.70619 0.21749999999999997 0.70442 0.21375000000000002
1 0.8 0.21625 0.8035399999999999 0.21375000000000002 0.80177 0.21000000000000002 0.79646 0.21000000000000002 0.79292 0.2125 0.79292 0.21625 0.8 0.21625
1 0.8371700000000001 0.215 0.8371700000000001 0.22000000000000003 0.84602 0.21875 0.84779 0.21625 0.84602 0.21375000000000002 0.8371700000000001 0.215
1 0.49558 0.20249999999999999 0.48319 0.20375000000000001 0.48319 0.20875 0.49204 0.20875 0.49558 0.20625 0.49558 0.20249999999999999
1 0.61947 0.22000000000000003 0.6230100000000001 0.21875 0.6230100000000001 0.2125 0.6176999999999999 0.2125 0.61239 0.21625 0.61239 0.22000000000000003 0.61947 0.22000000000000003
1 0.75044 0.22000000000000003 0.75398 0.21749999999999997 0.75398 0.2125 0.7469 0.2125 0.74159 0.21625 0.74336 0.22000000000000003 0.75044 0.22000000000000003
1 0.8885 0.22000000000000003 0.88673 0.21749999999999997 0.8831899999999999 0.21625 0.87611 0.21625 0.8708 0.21875 0.8708 0.22125 0.8743399999999999 0.22374999999999998 0.88673 0.22374999999999998 0.8885 0.22000000000000003
1 0.19823 0.29625 0.20177 0.29375 0.20177 0.29 0.19469 0.29 0.19115 0.2925 0.19115 0.29625 0.19823 0.29625
1 0.33097 0.29625 0.33451 0.29375 0.33451 0.29 0.32743 0.29 0.32389 0.2925 0.32389 0.29625 0.33097 0.29625
1 0.3823 0.3 0.38053 0.29625 0.37522 0.29625 0.37168 0.29874999999999996 0.37168 0.3025 0.38053 0.3025 0.3823 0.3
1 0.24956 0.29375 0.24779 0.29 0.23894 0.29125 0.23894 0.29500000000000004 0.24247999999999997 0.29625 0.24779 0.29625 0.24956 0.29375
1 0.14336 0.29625 0.15044 0.29625 0.15398 0.29375 0.15221 0.28875 0.1469 0.28875 0.14159 0.29125 0.14159 0.29375 0.14336 0.29625
1 0.41593 0.3 0.40354 0.30125 0.40354 0.3025 0.40176999999999996 0.305 0.40530999999999995 0.3075 0.41947 0.30625 0.41947 0.3025 0.41593 0.3
1 0.70442 0.29500000000000004 0.70442 0.29 0.69912 0.29 0.69558 0.29125 0.6973499999999999 0.29625 0.70442 0.29500000000000004
1 0.73982 0.29625 0.74336 0.29375 0.74159 0.29 0.73805 0.28875 0.73451 0.29 0.73274 0.29625 0.73982 0.29625
1 0.77168 0.28875 0.77522 0.28625 0.77345 0.28250000000000003 0.76814 0.28250000000000003 0.7646 0.28500000000000003 0.7646 0.28875 0.77168 0.28875
1 0.8053100000000001 0.28625 0.79646 0.2875 0.79646 0.2925 0.8035399999999999 0.2925 0.80708 0.29 0.8053100000000001 0.28625
1 0.8353999999999999 0.29625 0.83894 0.29500000000000004 0.83894 0.29 0.83363 0.29 0.83009 0.29125 0.83186 0.29625 0.8353999999999999 0.29625
1 0.50442 0.2975 0.50265 0.2925 0.49734999999999996 0.2925 0.49381 0.29500000000000004 0.49558 0.3 0.50088 0.3 0.50442 0.2975
1 0.61062 0.29625 0.61593 0.2925 0.61416 0.28875 0.60885 0.28875 0.60531 0.29 0.60354 0.29625 0.61062 0.29625
1 0.8902699999999999 0.2975 0.8902699999999999 0.29500000000000004 0.88673 0.2925 0.87611 0.2925 0.87257 0.29500000000000004 0.87257 0.2975 0.8743399999999999 0.3 0.88673 0.3 0.8902699999999999 0.2975
1 0.2354 0.40125 0.24070999999999998 0.4 0.24247999999999997 0.3975 0.24070999999999998 0.39375 0.23717000000000002 0.39375 0.23363 0.395 0.23186 0.4 0.2354 0.40125
1 0.28319 0.29625 0.28673000000000004 0.29375 0.28496 0.28875 0.27965 0.28875 0.27434 0.2925 0.27434 0.29625 0.28319 0.29625
1 0.65841 0.29625 0.66195 0.29375 0.66195 0.29 0.6548700000000001 0.29 0.65133 0.2925 0.6531 0.29625 0.65841 0.29625
1 0.14513 0.39 0.14159 0.39249999999999996 0.14159 0.39625 0.15221 0.395 0.15221 0.39 0.14513 0.39
1 0.20177 0.39375 0.2 0.39 0.19115 0.39125 0.18938 0.39375 0.19115 0.3975 0.2 0.39625 0.20177 0.39375
1 0.27788 0.39 0.26726 0.39125 0.26903 0.3975 0.27434 0.3975 0.27788 0.395 0.27788 0.39
1 0.32566 0.39 0.31858 0.39 0.31504 0.39249999999999996 0.31681 0.3975 0.32566 0.39625 0.32743 0.39375 0.32566 0.39
1 0.3646 0.39375 0.36991 0.39 0.36814 0.38625 0.36283 0.38625 0.35752 0.39 0.35929 0.39375 0.3646 0.39375
1 0.40176999999999996 0.38375 0.39823 0.3825 0.38761 0.38375 0.38761 0.3875 0.39115 0.39 0.40354 0.38875000000000004 0.40176999999999996 0.38375
1 0.66903 0.3975 0.66726 0.39375 0.66195 0.39375 0.65841 0.39625 0.65841 0.4 0.66726 0.4 0.66903 0.3975
1 0.71327 0.39875 0.71504 0.39625 0.71327 0.39375 0.70796 0.39375 0.70442 0.39625 0.70442 0.4 0.71327 0.39875
1 0.84602 0.39875 0.84779 0.39625 0.84602 0.39375 0.84071 0.39375 0.8371700000000001 0.39625 0.8371700000000001 0.4 0.84602 0.39875
1 0.79469 0.39 0.79115 0.39249999999999996 0.79115 0.39625 0.80177 0.395 0.8 0.39 0.79469 0.39
1 0.5292 0.39 0.52566 0.39249999999999996 0.52566 0.39625 0.53628 0.395 0.53628 0.39 0.5292 0.39
1 0.47611 0.38375 0.47434000000000004 0.38625 0.47434000000000004 0.39 0.48319 0.39 0.48673 0.3875 0.48673 0.3825 0.47611 0.38375
1 0.58053 0.395 0.57876 0.39 0.57345 0.39 0.5699099999999999 0.39249999999999996 0.57168 0.3975 0.57699 0.3975 0.58053 0.395
1 0.61239 0.40125 0.61593 0.40125 0.62124 0.3975 0.61947 0.39249999999999996 0.61416 0.39249999999999996 0.61062 0.39375 0.60885 0.39875 0.61239 0.40125
1 0.7469 0.40125 0.75221 0.3975 0.75044 0.39375 0.74513 0.39375 0.73982 0.39875 0.74336 0.40125 0.7469 0.40125
1 0.89558 0.40499999999999997 0.8991199999999999 0.4025 0.8991199999999999 0.39875 0.89558 0.39625 0.8885 0.39625 0.8831899999999999 0.4 0.8849600000000001 0.40374999999999994 0.8885 0.40499999999999997 0.89558 0.40499999999999997
1 0.24779 0.475 0.24779 0.48 0.25664 0.47874999999999995 0.25664 0.47375 0.24779 0.475
1 0.2885 0.4875 0.29203999999999997 0.48624999999999996 0.29381 0.48250000000000004 0.29203999999999997 0.48 0.28673000000000004 0.48 0.28142 0.48375 0.28319 0.4875 0.2885 0.4875
1 0.31858 0.47625 0.32035 0.48 0.3292 0.47874999999999995 0.3292 0.4725 0.32566 0.4725 0.32389 0.47375 0.32035 0.47375 0.31858 0.47625
1 0.37699 0.46875 0.37876 0.46624999999999994 0.37876 0.46375 0.37345 0.4625 0.36991 0.46375 0.36814 0.46875 0.37345 0.47000000000000003 0.37699 0.46875
1 0.7115 0.48375 0.71681 0.48375 0.72035 0.48250000000000004 0.72035 0.47750000000000004 0.71681 0.47625 0.71327 0.47750000000000004 0.7115 0.47874999999999995 0.7115 0.48375
1 0.75929 0.49124999999999996 0.76283 0.49000000000000005 0.76283 0.48375 0.75929 0.48375 0.75575 0.485 0.75398 0.49000000000000005 0.75929 0.49124999999999996
1 0.79115 0.48375 0.79469 0.48125 0.79469 0.47750000000000004 0.78761 0.47750000000000004 0.78407 0.48 0.78584 0.48375 0.79115 0.48375
1 0.84071 0.47375 0.83894 0.47000000000000003 0.83363 0.47000000000000003 0.83009 0.4725 0.83186 0.47625 0.8371700000000001 0.47625 0.84071 0.47375
1 0.62655 0.47625 0.62124 0.47625 0.6176999999999999 0.47750000000000004 0.61593 0.48125 0.61947 0.48375 0.63186 0.48250000000000004 0.63009 0.47750000000000004 0.62655 0.47625
1 0.16637 0.4725 0.15929 0.4725 0.15575 0.47375 0.15575 0.48 0.16814 0.48 0.17168 0.47625 0.16637 0.4725
1 0.42301 0.46875 0.41947 0.46624999999999994 0.40885 0.46624999999999994 0.40530999999999995 0.46749999999999997 0.40530999999999995 0.47000000000000003 0.40885 0.4725 0.42301 0.47125000000000006 0.42301 0.46875
1 0.87788 0.48125 0.88142 0.48 0.8831899999999999 0.47750000000000004 0.88142 0.47375 0.87788 0.4725 0.8672599999999999 0.4725 0.86549 0.475 0.86549 0.48 0.8690300000000001 0.48125 0.87788 0.48125
1 0.50088 0.46749999999999997 0.50088 0.4725 0.5115000000000001 0.47125000000000006 0.5115000000000001 0.46624999999999994 0.50088 0.46749999999999997
1 0.2885 0.5599999999999999 0.29203999999999997 0.5599999999999999 0.29558 0.5587500000000001 0.29735 0.5575 0.29912 0.5549999999999999 0.29558 0.5525 0.29027 0.55375 0.28673000000000004 0.55625 0.2885 0.5599999999999999
1 0.41062000000000004 0.5599999999999999 0.41593 0.5599999999999999 0.41947 0.5587500000000001 0.42123999999999995 0.5549999999999999 0.41769999999999996 0.5525 0.41416000000000003 0.55375 0.41239 0.55375 0.41062000000000004 0.5599999999999999
1 0.15398 0.56375 0.14513 0.56375 0.14159 0.5662499999999999 0.14336 0.57125 0.15221 0.5700000000000001 0.15398 0.5675 0.15398 0.56375
1 0.25487000000000004 0.5575 0.25487000000000004 0.5525 0.24779 0.5525 0.24247999999999997 0.55625 0.24425 0.5599999999999999 0.2531 0.5599999999999999 0.25487000000000004 0.5575
1 0.33097 0.5599999999999999 0.33628 0.5599999999999999 0.34159 0.5549999999999999 0.33982 0.5525 0.33451 0.5525 0.32743 0.5549999999999999 0.32743 0.5575 0.33097 0.5599999999999999
1 0.37168 0.5599999999999999 0.37699 0.55625 0.37522 0.5525 0.36814 0.5525 0.36283 0.55625 0.3646 0.5599999999999999 0.37168 0.5599999999999999
1 0.49558 0.5599999999999999 0.48495999999999995 0.5599999999999999 0.48141999999999996 0.56375 0.48319 0.5662499999999999 0.49204 0.5662499999999999 0.49734999999999996 0.5650000000000001 0.49558 0.5599999999999999
1 0.45841000000000004 0.56375 0.46372 0.5599999999999999 0.46195 0.55625 0.45487 0.55625 0.45133 0.5575 0.45133 0.56375 0.45841000000000004 0.56375
1 0.57345 0.57375 0.57699 0.57125 0.5752200000000001 0.5662499999999999 0.57168 0.5662499999999999 0.56814 0.5675 0.56814 0.57375 0.57345 0.57375
1 0.62124 0.5599999999999999 0.61239 0.5599999999999999 0.61062 0.5625 0.61239 0.5675 0.6176999999999999 0.5675 0.6230100000000001 0.5650000000000001 0.62124 0.5599999999999999
1 0.75929 0.585 0.76283 0.58375 0.7646 0.5775 0.75752 0.5775 0.75398 0.58 0.75398 0.58375 0.75929 0.585
1 0.67788 0.5675 0.67788 0.56375 0.66726 0.5650000000000001 0.6654899999999999 0.5675 0.6654899999999999 0.5700000000000001 0.67611 0.5700000000000001 0.67788 0.5675
1 0.71504 0.5775 0.72035 0.5775 0.72389 0.575 0.72212 0.5700000000000001 0.71858 0.5700000000000001 0.71504 0.57125 0.71327 0.57375 0.71504 0.5775
1 0.79292 0.58125 0.79646 0.57875 0.79469 0.57375 0.78938 0.57375 0.78584 0.57625 0.78584 0.58125 0.79292 0.58125
1 0.8353999999999999 0.575 0.8353999999999999 0.5725 0.83186 0.5700000000000001 0.8283200000000001 0.5700000000000001 0.82478 0.5725 0.82478 0.5775 0.83363 0.5775 0.8353999999999999 0.575
1 0.8708 0.57875 0.8690300000000001 0.57375 0.86372 0.57375 0.8601800000000001 0.57625 0.86195 0.58125 0.8672599999999999 0.58125 0.8708 0.57875
1 0.9115 0.5825 0.9115 0.58 0.9079599999999999 0.5775 0.8991199999999999 0.5775 0.89558 0.57875 0.89558 0.5825 0.8991199999999999 0.585 0.9079599999999999 0.585 0.9115 0.5825