1 0.39646 0.18875 0.39646 0.1925 0.40176999999999996 0.1925 0.40530999999999995 0.19 0.40530999999999995 0.1875 0.39646 0.18875
1 0.43894 0.18625 0.44071 0.18375 0.43894 0.18 0.4354 0.18 0.43186 0.18125 0.43186 0.18625 0.43894 0.18625
1 0.50265 0.18875 0.50265 0.18375 0.49912 0.1825 0.49381 0.1825 0.49027000000000004 0.18375 0.4885 0.18625 0.49027000000000004 0.18875 0.49381 0.19 0.49912 0.19 0.50265 0.18875
1 0.72743 0.1875 0.73097 0.185 0.73097 0.18 0.72566 0.18 0.72212 0.18125 0.72212 0.18625 0.72743 0.1875
1 0.20708000000000001 0.1925 0.19823 0.19375 0.2 0.2 0.20531000000000002 0.2 0.20884999999999998 0.1975 0.20708000000000001 0.1925
1 0.27080000000000004 0.18375 0.26195 0.185 0.26195 0.19 0.26903 0.19 0.27257 0.1875 0.27080000000000004 0.18375
1 0.79292 0.1775 0.78938 0.17625 0.78407 0.17625 0.78053 0.1775 0.78053 0.1825 0.79115 0.1825 0.79469 0.18125 0.79292 0.1775
1 0.17876 0.26625 0.17168 0.26749999999999996 0.17168 0.2725 0.17522 0.2725 0.17876 0.27125 0.17876 0.26625
1 0.21416 0.27375 0.21416 0.26875 0.21061999999999997 0.26875 0.20708000000000001 0.27 0.20531000000000002 0.275 0.21416 0.27375
1 0.23717000000000002 0.26749999999999996 0.24779 0.26749999999999996 0.24779 0.2625 0.23894 0.26375000000000004 0.23717000000000002 0.26749999999999996
1 0.28319 0.26625 0.27434 0.26749999999999996 0.27434 0.2725 0.27965 0.2725 0.28319 0.27 0.28319 0.26625
1 0.32743 0.27875 0.33628 0.27749999999999997 0.33805 0.275 0.33805 0.27125 0.33274 0.27125 0.3292 0.2725 0.32566 0.27625 0.32743 0.27875
1 0.40708 0.25125000000000003 0.40708 0.255 0.41593 0.25375000000000003 0.41593 0.25 0.40708 0.25125000000000003
1 0.46902999999999995 0.255 0.47434000000000004 0.25875 0.47611 0.25875 0.47788 0.25375000000000003 0.46902999999999995 0.255
1 0.50442 0.26 0.49558 0.26125 0.49558 0.26625 0.50088 0.26625 0.50442 0.265 0.5061899999999999 0.2625 0.50442 0.26
1 0.51504 0.25125000000000003 0.51681 0.25625 0.52389 0.25375000000000003 0.52389 0.25 0.51504 0.25125000000000003
1 0.5433600000000001 0.25875 0.5469 0.255 0.5433600000000001 0.2525 0.53982 0.25375000000000003 0.53628 0.25625 0.53982 0.26 0.5433600000000001 0.25875
1 0.5752200000000001 0.26375000000000004 0.57345 0.26 0.56637 0.26 0.5646 0.2625 0.56637 0.26625 0.57168 0.26625 0.5752200000000001 0.26375000000000004
1 0.5911500000000001 0.2725 0.59469 0.27125 0.59469 0.26625 0.58938 0.26625 0.5858399999999999 0.26875 0.58761 0.2725 0.5911500000000001 0.2725
1 0.6389400000000001 0.265 0.64071 0.26 0.63717 0.25875 0.63009 0.25875 0.62655 0.26 0.62478 0.26375000000000004 0.62832 0.26625 0.6354 0.26625 0.6389400000000001 0.265
1 0.77522 0.27375 0.77522 0.26875 0.76991 0.26875 0.76637 0.27125 0.76637 0.275 0.77522 0.27375
1 0.79823 0.2625 0.79469 0.265 0.79646 0.26875 0.8053100000000001 0.26749999999999996 0.8035399999999999 0.2625 0.79823 0.2625
1 0.8424799999999999 0.275 0.84602 0.2725 0.8442500000000001 0.26875 0.84071 0.26875 0.8371700000000001 0.27125 0.8371700000000001 0.275 0.8424799999999999 0.275
1 0.8708 0.27875 0.8743399999999999 0.27625 0.87257 0.2725 0.8690300000000001 0.27375 0.8672599999999999 0.27375 0.86549 0.27875 0.8708 0.27875
1 0.8212400000000001 0.2725 0.82478 0.27 0.82301 0.26625 0.8194699999999999 0.26625 0.81593 0.26749999999999996 0.81593 0.2725 0.8212400000000001 0.2725
1 0.89558 0.27999999999999997 0.89381 0.275 0.8902699999999999 0.27625 0.8885 0.27625 0.88673 0.28125 0.89558 0.27999999999999997
1 0.18938 0.37625000000000003 0.19292 0.37374999999999997 0.19292 0.37 0.18761 0.37 0.18407 0.37124999999999997 0.18584 0.37625000000000003 0.18938 0.37625000000000003
1 0.17522 0.37374999999999997 0.16991 0.37374999999999997 0.16637 0.37625000000000003 0.16814 0.38 0.17345 0.38 0.17699 0.37875000000000003 0.17522 0.37374999999999997
1 0.20884999999999998 0.3675 0.20531000000000002 0.36875 0.20354 0.36875 0.20354 0.37374999999999997 0.20708000000000001 0.37374999999999997 0.21061999999999997 0.3725 0.20884999999999998 0.3675
1 0.22654999999999997 0.37625000000000003 0.23009 0.37374999999999997 0.23009 0.37 0.22477999999999998 0.37 0.22124000000000002 0.3725 0.22301 0.37625000000000003 0.22654999999999997 0.37625000000000003
1 0.24779 0.36875 0.23894 0.36875 0.23894 0.37374999999999997 0.24425 0.37374999999999997 0.24779 0.37124999999999997 0.24779 0.36875
1 0.25487000000000004 0.365 0.2531 0.36875 0.26195 0.37 0.26195 0.365 0.25487000000000004 0.365
1 0.27788 0.37374999999999997 0.28142 0.37124999999999997 0.27965 0.3675 0.27610999999999997 0.36875 0.27434 0.36875 0.27434 0.37374999999999997 0.27788 0.37374999999999997
1 0.29027 0.365 0.2885 0.36875 0.29735 0.36875 0.29912 0.365 0.29027 0.365
1 0.32212 0.3675 0.32566 0.365 0.32566 0.36124999999999996 0.32035 0.36124999999999996 0.31681 0.3625 0.31858 0.3675 0.32212 0.3675
1 0.33451 0.365 0.33451 0.37 0.34159 0.36875 0.34159 0.365 0.33451 0.365
1 0.35752 0.3675 0.36106 0.365 0.36106 0.36124999999999996 0.35575 0.36124999999999996 0.35221 0.36375 0.35221 0.36625 0.35752 0.3675
1 0.37876 0.36 0.37522 0.35750000000000004 0.36991 0.35875 0.36814 0.36124999999999996 0.36991 0.36375 0.37699 0.36375 0.37876 0.36
1 0.39469 0.36625 0.39469 0.36124999999999996 0.38938 0.36124999999999996 0.38584 0.365 0.39115 0.3675 0.39469 0.36625
1 0.41062000000000004 0.3675 0.40354 0.36875 0.40354 0.37374999999999997 0.40885 0.37374999999999997 0.41239 0.37124999999999997 0.41062000000000004 0.3675
1 0.42301 0.35875 0.42301 0.36375 0.43009000000000003 0.3625 0.43186 0.36 0.42832 0.35750000000000004 0.42301 0.35875
1 0.43716999999999995 0.36 0.44602 0.35875 0.44779 0.35625 0.43716999999999995 0.35625 0.43716999999999995 0.36
1 0.48319 0.35750000000000004 0.48673 0.355 0.48495999999999995 0.35 0.48141999999999996 0.35 0.47788 0.35125 0.47611 0.35750000000000004 0.48319 0.35750000000000004
1 0.55044 0.35875 0.55044 0.35625 0.5469 0.35375 0.54159 0.35375 0.5380499999999999 0.35625 0.5380499999999999 0.35875 0.53982 0.36124999999999996 0.54513 0.36124999999999996 0.55044 0.35875
1 0.6230100000000001 0.37875000000000003 0.6230100000000001 0.37374999999999997 0.6176999999999999 0.37374999999999997 0.61416 0.375 0.61593 0.38 0.6230100000000001 0.37875000000000003
1 0.63717 0.37625000000000003 0.64071 0.37374999999999997 0.64071 0.37 0.6354 0.37 0.63186 0.3725 0.6336299999999999 0.37625000000000003 0.63717 0.37625000000000003
1 0.66018 0.36875 0.65133 0.36875 0.65133 0.37374999999999997 0.65841 0.3725 0.65841 0.37124999999999997 0.66018 0.36875
1 0.67788 0.375 0.67965 0.3725 0.67788 0.37 0.67257 0.37 0.66903 0.37374999999999997 0.6708000000000001 0.37625000000000003 0.67788 0.375
1 0.69558 0.37124999999999997 0.69381 0.3675 0.6867300000000001 0.37 0.6885 0.37374999999999997 0.69204 0.37374999999999997 0.69558 0.37124999999999997
1 0.70442 0.365 0.70265 0.36875 0.7115 0.36875 0.71327 0.365 0.70442 0.365
1 0.72743 0.37374999999999997 0.73097 0.37124999999999997 0.7292 0.3675 0.72566 0.3675 0.72212 0.36875 0.72212 0.37374999999999997 0.72743 0.37374999999999997
1 0.73805 0.36625 0.73805 0.37 0.74336 0.37 0.7469 0.3675 0.7469 0.365 0.73805 0.36625
1 0.76637 0.3675 0.76991 0.3675 0.77345 0.365 0.77345 0.36124999999999996 0.76991 0.36124999999999996 0.76637 0.3625 0.7646 0.365 0.76637 0.3675
1 0.78407 0.365 0.78407 0.37 0.79115 0.36875 0.78938 0.36375 0.78407 0.365
1 0.8035399999999999 0.3675 0.80708 0.36625 0.80885 0.36124999999999996 0.8035399999999999 0.36124999999999996 0.8 0.36375 0.8 0.36625 0.8035399999999999 0.3675
1 0.8194699999999999 0.35875 0.8194699999999999 0.36375 0.8283200000000001 0.3625 0.8265499999999999 0.35750000000000004 0.8194699999999999 0.35875
1 0.8424799999999999 0.3675 0.84602 0.365 0.84602 0.36124999999999996 0.84071 0.36124999999999996 0.8371700000000001 0.3625 0.83894 0.3675 0.8424799999999999 0.3675
1 0.87965 0.3625 0.87788 0.35750000000000004 0.8743399999999999 0.35750000000000004 0.8708 0.36 0.87257 0.36375 0.87965 0.3625
1 0.8584099999999999 0.37374999999999997 0.86195 0.37124999999999997 0.8601800000000001 0.3675 0.85664 0.36875 0.85487 0.36875 0.8531000000000001 0.37374999999999997 0.8584099999999999 0.37374999999999997
1 0.89558 0.36124999999999996 0.8991199999999999 0.35875 0.8991199999999999 0.355 0.89204 0.355 0.8885 0.35750000000000004 0.8885 0.36124999999999996 0.89558 0.36124999999999996
1 0.33097 0.45375 0.33097 0.45 0.32566 0.45 0.32212 0.45125000000000004 0.32212 0.45499999999999996 0.33097 0.45375
1 0.36283 0.45875000000000005 0.36637 0.45625 0.36637 0.4525 0.36106 0.4525 0.35752 0.45375 0.35752 0.45875000000000005 0.36283 0.45875000000000005
1 0.38584 0.45625 0.3823 0.4575 0.38761 0.46125 0.38938 0.46125 0.39115 0.45625 0.38584 0.45625
1 0.1823 0.44625000000000004 0.18584 0.445 0.18584 0.44000000000000006 0.18053 0.44000000000000006 0.17699 0.4425 0.17699 0.44625000000000004 0.1823 0.44625000000000004
1 0.24956 0.44749999999999995 0.24956 0.4425 0.24602 0.4425 0.24247999999999997 0.44375 0.24070999999999998 0.44875 0.24956 0.44749999999999995
1 0.38584 0.45625 0.3823 0.4575 0.38761 0.46125 0.38938 0.46125 0.39115 0.45625 0.38584 0.45625
1 0.40885 0.4525 0.40530999999999995 0.45499999999999996 0.40530999999999995 0.45875000000000005 0.41593 0.4575 0.41593 0.4525 0.40885 0.4525
1 0.62832 0.4625 0.63186 0.45999999999999996 0.63186 0.45625 0.62655 0.45625 0.6230100000000001 0.45875000000000005 0.62478 0.4625 0.62832 0.4625
1 0.67788 0.4625 0.6814199999999999 0.46125 0.6814199999999999 0.45625 0.67611 0.45625 0.67257 0.45875000000000005 0.67434 0.4625 0.67788 0.4625
1 0.8283200000000001 0.45875000000000005 0.8194699999999999 0.45999999999999996 0.8194699999999999 0.465 0.8265499999999999 0.465 0.8283200000000001 0.4625 0.8283200000000001 0.45875000000000005
1 0.86372 0.45625 0.85487 0.4575 0.85487 0.4625 0.8601800000000001 0.4625 0.86372 0.45999999999999996 0.86372 0.45625
1 0.88673 0.465 0.8902699999999999 0.4625 0.8885 0.45875000000000005 0.8849600000000001 0.45875000000000005 0.88142 0.45999999999999996 0.88142 0.465 0.88673 0.465
1 0.48673 0.44000000000000006 0.47611 0.44000000000000006 0.47434000000000004 0.4425 0.47611 0.44625000000000004 0.48319 0.44625000000000004 0.48673 0.44375 0.48673 0.44000000000000006
1 0.5469 0.44875 0.55044 0.44625000000000004 0.54867 0.4425 0.5433600000000001 0.4425 0.5380499999999999 0.44625000000000004 0.5380499999999999 0.44875 0.5469 0.44875
1 0.76814 0.46375 0.77168 0.46624999999999994 0.77522 0.46624999999999994 0.77876 0.46375 0.78053 0.46125 0.78053 0.45875000000000005 0.77699 0.4575 0.77345 0.4575 0.76814 0.46125 0.76814 0.46375
1 0.70619 0.45875000000000005 0.70973 0.45625 0.70973 0.4525 0.70265 0.4525 0.69912 0.45499999999999996 0.69912 0.45875000000000005 0.70619 0.45875000000000005
1 0.17876 0.5475 0.16991 0.54875 0.16991 0.55375 0.17522 0.55375 0.17876 0.55125 0.17876 0.5475
1 0.20884999999999998 0.5525 0.21061999999999997 0.54875 0.20354 0.5475 0.2 0.55 0.20177 0.55375 0.20884999999999998 0.5525
1 0.24070999999999998 0.5475 0.23186 0.54875 0.23186 0.55375 0.23717000000000002 0.55375 0.24070999999999998 0.55125 0.24070999999999998 0.5475
1 0.26903 0.545 0.27257 0.5425 0.27257 0.5387500000000001 0.26726 0.5387500000000001 0.26372 0.54 0.26549 0.545 0.26903 0.545
1 0.29381 0.54125 0.28496 0.5425 0.28496 0.5475 0.29027 0.5475 0.29381 0.545 0.29381 0.54125
1 0.32035 0.54875 0.32035 0.55375 0.32743 0.5525 0.3292 0.55 0.3292 0.5475 0.32035 0.54875
1 0.35398 0.5475 0.3469 0.54875 0.34867 0.55375 0.35221 0.55375 0.35575 0.55125 0.35398 0.5475
1 0.37168 0.55375 0.37522 0.55125 0.37522 0.5475 0.36991 0.5475 0.36637 0.54875 0.36814 0.55375 0.37168 0.55375
1 0.38938 0.55375 0.39469 0.5525 0.39646 0.55 0.39646 0.5475 0.39115 0.5475 0.38761 0.54875 0.38584 0.55125 0.38938 0.55375
1 0.42123999999999995 0.55375 0.42478 0.55125 0.42478 0.5475 0.41947 0.5475 0.41593 0.55 0.41769999999999996 0.55375 0.42123999999999995 0.55375
1 0.44602 0.53625 0.44602 0.5325 0.44071 0.5325 0.43716999999999995 0.5337500000000001 0.43716999999999995 0.5375 0.44602 0.53625
1 0.47788 0.5287499999999999 0.46902999999999995 0.53 0.46902999999999995 0.5349999999999999 0.47434000000000004 0.5349999999999999 0.47788 0.5337500000000001 0.47788 0.5287499999999999
1 0.51327 0.54375 0.51327 0.5387500000000001 0.50796 0.5387500000000001 0.50442 0.54125 0.5061899999999999 0.545 0.51327 0.54375
1 0.5469 0.54375 0.5469 0.5387500000000001 0.54159 0.5387500000000001 0.5380499999999999 0.54125 0.53982 0.545 0.5469 0.54375
1 0.57876 0.5475 0.5823 0.545 0.5823 0.54125 0.57699 0.54125 0.57345 0.54375 0.5752200000000001 0.5475 0.57876 0.5475
1 0.62655 0.5525 0.62832 0.55 0.62832 0.5475 0.62124 0.5475 0.6176999999999999 0.55 0.61947 0.55375 0.62655 0.5525
1 0.65841 0.5525 0.66018 0.55 0.66018 0.5475 0.6531 0.5475 0.6495599999999999 0.55 0.65133 0.55375 0.65841 0.5525
1 0.6814199999999999 0.55375 0.6867300000000001 0.55375 0.69027 0.55125 0.69027 0.5475 0.68496 0.5475 0.6814199999999999 0.54875 0.67965 0.55125 0.6814199999999999 0.55375
1 0.71327 0.545 0.7115 0.55 0.71681 0.55 0.71858 0.545 0.71327 0.545
1 0.73982 0.55375 0.74336 0.5525 0.74336 0.5475 0.73805 0.5475 0.73451 0.55 0.73451 0.5525 0.73982 0.55375
1 0.77522 0.5475 0.77345 0.54875 0.76991 0.54875 0.77522 0.5525 0.77699 0.5525 0.77876 0.5475 0.77522 0.5475
1 0.82478 0.545 0.8283200000000001 0.5425 0.8283200000000001 0.5387500000000001 0.82301 0.5387500000000001 0.8194699999999999 0.54 0.8194699999999999 0.545 0.82478 0.545
1 0.8584099999999999 0.54125 0.85487 0.54375 0.85664 0.5475 0.86549 0.54625 0.86549 0.54125 0.8584099999999999 0.54125
1 0.8902699999999999 0.5349999999999999 0.88142 0.53625 0.88142 0.54125 0.88673 0.54125 0.8902699999999999 0.5387500000000001 0.8902699999999999 0.5349999999999999
1 0.17168 0.64 0.17876 0.64 0.1823 0.63875 0.18053 0.6325000000000001 0.17699 0.6325000000000001 0.17345 0.63375 0.17168 0.63625 0.17168 0.64
1 0.22654999999999997 0.64 0.23009 0.63875 0.23186 0.635 0.22477999999999998 0.63375 0.22124000000000002 0.635 0.22124000000000002 0.64 0.22654999999999997 0.64
1 0.26726 0.6275000000000001 0.26549 0.62375 0.26017999999999997 0.62375 0.25664 0.62625 0.25841 0.63 0.26372 0.63 0.26726 0.6275000000000001
1 0.28496 0.6212500000000001 0.28142 0.62375 0.28319 0.62625 0.29203999999999997 0.625 0.29027 0.62 0.28496 0.6212500000000001
1 0.32566 0.62375 0.3292 0.6212500000000001 0.3292 0.6174999999999999 0.32212 0.6174999999999999 0.31858 0.62 0.31858 0.62375 0.32566 0.62375
1 0.35044 0.6287499999999999 0.35044 0.6325000000000001 0.35575 0.6325000000000001 0.35929 0.63 0.35929 0.6275000000000001 0.35044 0.6287499999999999
1 0.37345 0.6287499999999999 0.37345 0.6325000000000001 0.37876 0.6325000000000001 0.3823 0.63 0.3823 0.6275000000000001 0.37345 0.6287499999999999
1 0.39646 0.6275000000000001 0.39469 0.6325000000000001 0.40176999999999996 0.63125 0.40176999999999996 0.6275000000000001 0.39646 0.6275000000000001
1 0.4354 0.635 0.4354 0.63 0.43186 0.63 0.42832 0.63125 0.42832 0.63625 0.4354 0.635
1 0.48673 0.63625 0.47611 0.6375 0.47611 0.6425 0.48319 0.6425 0.48673 0.64 0.48673 0.63625
1 0.54513 0.6325000000000001 0.54867 0.63125 0.54867 0.62625 0.5433600000000001 0.62625 0.53982 0.6287499999999999 0.53982 0.6325000000000001 0.54513 0.6325000000000001
1 0.63186 0.63125 0.63186 0.625 0.62655 0.62625 0.62124 0.63 0.6230100000000001 0.6325000000000001 0.63186 0.63125
1 0.27610999999999997 0.7175 0.27610999999999997 0.7150000000000001 0.27788 0.7125 0.27080000000000004 0.7125 0.26726 0.7150000000000001 0.26903 0.71875 0.27610999999999997 0.7175
1 0.72566 0.6287499999999999 0.72566 0.62375 0.72035 0.62375 0.71681 0.62625 0.71681 0.63 0.72566 0.6287499999999999
1 0.78938 0.6275000000000001 0.78584 0.62625 0.77876 0.62625 0.77522 0.6275000000000001 0.77699 0.6325000000000001 0.7823 0.63375 0.78938 0.63125 0.78938 0.6275000000000001
1 0.68319 0.63 0.67965 0.63125 0.67788 0.63375 0.68496 0.635 0.6867300000000001 0.635 0.6867300000000001 0.63 0.68319 0.63
1 0.32566 0.71375 0.33628 0.71375 0.33451 0.71 0.32743 0.7112499999999999 0.32566 0.71375
1 0.38407 0.7125 0.3823 0.70875 0.37699 0.70875 0.37345 0.71 0.37168 0.7150000000000001 0.37522 0.7162499999999999 0.38053 0.7162499999999999 0.38407 0.7125
1 0.52035 0.71375 0.5221199999999999 0.71875 0.5292 0.7175 0.5292 0.7125 0.52035 0.71375
1 0.56106 0.7125 0.5646 0.7112499999999999 0.5646 0.70625 0.5592900000000001 0.70625 0.55575 0.70875 0.55575 0.7125 0.56106 0.7125
1 0.5823 0.7112499999999999 0.5823 0.7162499999999999 0.5858399999999999 0.7162499999999999 0.58938 0.7150000000000001 0.5911500000000001 0.71 0.5823 0.7112499999999999
1 0.6354 0.7162499999999999 0.62832 0.7162499999999999 0.62478 0.72 0.62655 0.7224999999999999 0.63186 0.7224999999999999 0.63717 0.72 0.6354 0.7162499999999999
1 0.7115 0.6925 0.70619 0.69375 0.70619 0.69875 0.71504 0.6975 0.71504 0.69375 0.7115 0.6925
1 0.77522 0.70125 0.77345 0.69625 0.76991 0.69625 0.76637 0.6975 0.76637 0.7025 0.77522 0.70125
1 0.81593 0.69375 0.81593 0.69875 0.82301 0.69875 0.82301 0.69375 0.81593 0.69375
1 0.8053100000000001 0.70375 0.80177 0.7025 0.79823 0.70375 0.79646 0.70375 0.79469 0.70875 0.8035399999999999 0.70875 0.8053100000000001 0.70625 0.8053100000000001 0.70375
1 0.8743399999999999 0.7075 0.87257 0.7025 0.8690300000000001 0.7025 0.86549 0.70375 0.86549 0.70875 0.8743399999999999 0.7075
1 0.89558 0.71375 0.89558 0.71 0.8885 0.71 0.8849600000000001 0.71375 0.8885 0.7162499999999999 0.89558 0.71375
1 0.8353999999999999 0.7025 0.8442500000000001 0.7025 0.84779 0.7 0.84779 0.6975 0.8442500000000001 0.69625 0.84071 0.69625 0.8371700000000001 0.6975 0.8353999999999999 0.7025
1 0.18938 0.79125 0.18407 0.79 0.17699 0.79125 0.17522 0.79375 0.17699 0.79625 0.18761 0.7975 0.19115 0.79375 0.18938 0.79125
1 0.32743 0.80625 0.32743 0.80375 0.3292 0.8012499999999999 0.32212 0.8012499999999999 0.31858 0.80375 0.32035 0.8074999999999999 0.32743 0.80625
1 0.3469 0.79625 0.34513 0.79875 0.3469 0.8012499999999999 0.35575 0.8 0.35398 0.795 0.3469 0.79625
1 0.37345 0.80375 0.37522 0.8012499999999999 0.37345 0.7975 0.36814 0.79875 0.3646 0.8025 0.36814 0.805 0.37345 0.80375
1 0.38761 0.8025 0.38584 0.805 0.38761 0.8074999999999999 0.39469 0.80625 0.39469 0.80375 0.39646 0.8012499999999999 0.38761 0.8025
1 0.42478 0.8087500000000001 0.42478 0.805 0.41947 0.805 0.41593 0.80625 0.41593 0.8099999999999999 0.42478 0.8087500000000001
1 0.44071 0.8074999999999999 0.43716999999999995 0.8087500000000001 0.44248000000000004 0.8125 0.44425 0.8125 0.44602 0.8074999999999999 0.44071 0.8074999999999999
1 0.47965 0.82 0.48319 0.81875 0.48319 0.81375 0.47788 0.81375 0.47434000000000004 0.8150000000000001 0.47434000000000004 0.82 0.47965 0.82
1 0.51327 0.80625 0.51327 0.8099999999999999 0.51681 0.81125 0.52035 0.8099999999999999 0.5221199999999999 0.805 0.51327 0.80625
1 0.56106 0.8087500000000001 0.56106 0.80625 0.5592900000000001 0.80375 0.55575 0.80375 0.55221 0.805 0.55044 0.8099999999999999 0.56106 0.8087500000000001
1 0.67965 0.8087500000000001 0.68496 0.8125 0.6867300000000001 0.8125 0.6867300000000001 0.8074999999999999 0.67965 0.8087500000000001
1 0.72566 0.8012499999999999 0.71681 0.8025 0.71681 0.8074999999999999 0.72212 0.8074999999999999 0.72566 0.805 0.72566 0.8012499999999999
1 0.78761 0.80375 0.78053 0.80375 0.77699 0.805 0.77876 0.8099999999999999 0.79115 0.8087500000000001 0.79115 0.80625 0.78761 0.80375
0 0.49558 0.28375 0.50088 0.28375 0.50442 0.28125 0.51504 0.27875 0.51504 0.275 0.50973 0.27625 0.5061899999999999 0.27875 0.49558 0.28125 0.49558 0.28375
0 0.57876 0.29 0.5823 0.29 0.5858399999999999 0.2875 0.57876 0.28500000000000003 0.5699099999999999 0.28250000000000003 0.5646 0.28250000000000003 0.56814 0.28625 0.57168 0.2875 0.5752200000000001 0.2875 0.57876 0.29
0 0.88673 0.25875 0.89735 0.25875 0.89735 0.255 0.89381 0.255 0.89204 0.25375000000000003 0.8831899999999999 0.2525 0.87257 0.2525 0.87257 0.25625 0.87788 0.25625 0.8849600000000001 0.2575 0.88673 0.25875
0 0.18053 0.35125 0.17699 0.35125 0.17699 0.355 0.18584 0.355 0.20708000000000001 0.35375 0.21593 0.35125 0.23186 0.35125 0.23186 0.34750000000000003 0.21061999999999997 0.34750000000000003 0.20177 0.35 0.1823 0.35 0.18053 0.35125
0 0.39823 0.34125 0.39469 0.34125 0.39469 0.34500000000000003 0.40530999999999995 0.34500000000000003 0.41239 0.34249999999999997 0.42832 0.34249999999999997 0.4354 0.34125 0.44071 0.33999999999999997 0.44779 0.33875 0.44779 0.335 0.4354 0.335 0.42123999999999995 0.33875 0.40530999999999995 0.33875 0.39823 0.34125
0 0.77345 0.34500000000000003 0.7823 0.34375 0.79469 0.34500000000000003 0.8106199999999999 0.34249999999999997 0.83009 0.34249999999999997 0.8283200000000001 0.3375 0.80177 0.33999999999999997 0.77345 0.34125 0.77345 0.34500000000000003
0 0.81416 0.29125 0.81416 0.2875 0.80885 0.2875 0.8 0.28500000000000003 0.79469 0.28500000000000003 0.79646 0.28875 0.80177 0.29 0.8106199999999999 0.29125 0.81416 0.29125
0 0.24602 0.34750000000000003 0.24602 0.35125 0.26903 0.35125 0.27788 0.34875 0.29912 0.34750000000000003 0.29912 0.34375 0.29203999999999997 0.34375 0.27257 0.34500000000000003 0.26372 0.34750000000000003 0.24602 0.34750000000000003
0 0.65133 0.34750000000000003 0.6354 0.35 0.6230100000000001 0.35 0.6230100000000001 0.35375 0.64071 0.35375 0.66903 0.3525 0.6708000000000001 0.35125 0.67965 0.35125 0.67965 0.34750000000000003 0.66195 0.34875 0.65841 0.34875 0.65664 0.34750000000000003 0.65133 0.34750000000000003
0 0.39115 0.44000000000000006 0.39115 0.4375 0.38761 0.43499999999999994 0.37876 0.43375 0.36637 0.43375 0.36814 0.4375 0.37345 0.43875000000000003 0.3823 0.44000000000000006 0.39115 0.44000000000000006
0 0.8584099999999999 0.33999999999999997 0.8442500000000001 0.33999999999999997 0.8442500000000001 0.34500000000000003 0.84956 0.34500000000000003 0.86549 0.34375 0.87257 0.34249999999999997 0.87788 0.33999999999999997 0.89381 0.33999999999999997 0.89558 0.33875 0.8991199999999999 0.33875 0.8991199999999999 0.335 0.8885 0.335 0.87257 0.33625 0.8672599999999999 0.33875 0.8584099999999999 0.33999999999999997
0 0.69381 0.34750000000000003 0.69381 0.35125 0.71504 0.35125 0.74513 0.34875 0.74867 0.34750000000000003 0.74867 0.34375 0.73982 0.34375 0.72566 0.34500000000000003 0.70796 0.34750000000000003 0.69381 0.34750000000000003
0 0.32389 0.34500000000000003 0.33628 0.34500000000000003 0.35929 0.34249999999999997 0.37876 0.34249999999999997 0.37876 0.33875 0.35221 0.33875 0.32743 0.33999999999999997 0.32389 0.34125 0.32389 0.34500000000000003
0 0.8849600000000001 0.44375 0.8902699999999999 0.44375 0.8885 0.43875000000000003 0.87788 0.43875000000000003 0.8690300000000001 0.43624999999999997 0.86195 0.43624999999999997 0.86195 0.44000000000000006 0.86549 0.44125 0.87257 0.4425 0.8849600000000001 0.44375
0 0.37699 0.53 0.35575 0.5287499999999999 0.35575 0.53125 0.36814 0.5325 0.37345 0.5325 0.37699 0.53
0 0.42478 0.52125 0.43009000000000003 0.52125 0.44425 0.5175 0.44779 0.51625 0.44602 0.5125 0.44248000000000004 0.51375 0.43894 0.51375 0.43009000000000003 0.51625 0.42478 0.52125
0 0.86549 0.525 0.8708 0.525 0.8849600000000001 0.52125 0.8885 0.52 0.8902699999999999 0.51625 0.8849600000000001 0.51625 0.8743399999999999 0.51875 0.86549 0.52125 0.86549 0.525
0 0.28496 0.5237499999999999 0.29027 0.52625 0.29558 0.52625 0.29558 0.52125 0.29203999999999997 0.52125 0.29027 0.52 0.28319 0.51875 0.27080000000000004 0.51875 0.27080000000000004 0.5225 0.27610999999999997 0.5225 0.27788 0.5237499999999999 0.28496 0.5237499999999999
0 0.73982 0.5325 0.74513 0.5325 0.74336 0.5275000000000001 0.73274 0.5275000000000001 0.72743 0.525 0.71858 0.525 0.71858 0.5287499999999999 0.72212 0.53 0.7292 0.53125 0.73982 0.5325
0 0.26549 0.60375 0.26549 0.6075 0.27965 0.6075 0.28673000000000004 0.60625 0.2885 0.605 0.29203999999999997 0.605 0.29203999999999997 0.6 0.28673000000000004 0.6 0.27965 0.6025 0.27257 0.60375 0.26549 0.60375
0 0.38407 0.60625 0.36106 0.60625 0.35752 0.6075 0.35752 0.61125 0.36637 0.61125 0.38407 0.61 0.38407 0.60625
0 0.5823 0.73375 0.5823 0.73 0.5752200000000001 0.73 0.57345 0.72875 0.5592900000000001 0.7275 0.5539799999999999 0.7275 0.5539799999999999 0.7325 0.56814 0.7325 0.5699099999999999 0.73375 0.5823 0.73375
0 0.8849600000000001 0.73375 0.8831899999999999 0.73 0.87611 0.7275 0.86549 0.725 0.86549 0.72875 0.87611 0.7325 0.88142 0.73375 0.8849600000000001 0.73375
0 0.79469 0.7275 0.79823 0.7275 0.80177 0.725 0.80708 0.725 0.81416 0.7224999999999999 0.81416 0.7175 0.8106199999999999 0.71875 0.8 0.72375 0.79469 0.725 0.79469 0.7275
0 0.44602 0.7875 0.44071 0.78625 0.43362999999999996 0.78625 0.43186 0.7849999999999999 0.42655000000000004 0.7887500000000001 0.43186 0.79 0.44071 0.79125 0.44779 0.79125 0.44602 0.7875
0 0.3646 0.81875 0.35575 0.81875 0.3469 0.8162499999999999 0.34513 0.81875 0.34867 0.82125 0.35575 0.8225 0.36637 0.8225 0.3646 0.81875