1 0.6708000000000001 0.77428 0.67257 0.7701800000000001 0.6654899999999999 0.76881 0.66195 0.7701800000000001 0.66195 0.77565 0.6708000000000001 0.77428
1 0.70088 0.78386 0.70442 0.78112 0.70442 0.77702 0.70088 0.77565 0.6973499999999999 0.77702 0.69558 0.77702 0.69558 0.78386 0.70088 0.78386
1 0.73628 0.76197 0.72743 0.76334 0.7292 0.76881 0.73274 0.76881 0.73628 0.76607 0.73628 0.76197
1 0.61947 0.67579 0.6230100000000001 0.67305 0.6230100000000001 0.6689499999999999 0.61947 0.66758 0.61416 0.6689499999999999 0.61239 0.67168 0.61239 0.67579 0.61947 0.67579
1 0.89735 0.6538999999999999 0.88673 0.65527 0.88673 0.66074 0.89381 0.66074 0.89735 0.658 0.89735 0.6538999999999999
1 0.6867300000000001 0.66211 0.6867300000000001 0.66758 0.69558 0.66621 0.69381 0.66074 0.6867300000000001 0.66211
1 0.6070800000000001 0.77428 0.6070800000000001 0.76881 0.6017699999999999 0.76881 0.59823 0.7701800000000001 0.59823 0.77565 0.6070800000000001 0.77428
1 0.80177 0.77702 0.8053100000000001 0.77565 0.8053100000000001 0.76881 0.78938 0.7701800000000001 0.78938 0.77291 0.79115 0.77565 0.79469 0.77702 0.80177 0.77702
1 0.66018 0.6689499999999999 0.65841 0.66484 0.6531 0.66484 0.6495599999999999 0.66758 0.6495599999999999 0.67168 0.65841 0.67168 0.66018 0.6689499999999999
1 0.77876 0.65527 0.77876 0.66074 0.78938 0.65937 0.78938 0.6538999999999999 0.77876 0.65527
1 0.72566 0.66484 0.7292 0.66347 0.73274 0.65937 0.73097 0.65663 0.72566 0.65663 0.72212 0.65937 0.72212 0.66484 0.72566 0.66484
1 0.63717 0.76744 0.63717 0.76197 0.63186 0.76197 0.62832 0.76607 0.63186 0.76881 0.63717 0.76744
1 0.49381 0.67168 0.49734999999999996 0.6689499999999999 0.49558 0.66484 0.49027000000000004 0.66484 0.48673 0.66758 0.48673 0.67168 0.49381 0.67168
1 0.44955999999999996 0.66621 0.46018 0.66621 0.45841000000000004 0.66074 0.45487 0.66211 0.45309999999999995 0.66211 0.45133 0.66347 0.44955999999999996 0.66621
1 0.41947 0.66484 0.42301 0.66347 0.42301 0.65663 0.41947 0.65663 0.41416000000000003 0.66074 0.41593 0.66484 0.41947 0.66484
1 0.38407 0.67579 0.38761 0.67305 0.38761 0.6689499999999999 0.38053 0.6689499999999999 0.37699 0.67168 0.37699 0.67579 0.38407 0.67579
1 0.6230100000000001 0.57182 0.6230100000000001 0.56772 0.61416 0.56772 0.61239 0.57045 0.61239 0.57456 0.61947 0.57456 0.6230100000000001 0.57182
1 0.6548700000000001 0.57182 0.65841 0.57045 0.66195 0.56772 0.66018 0.5636099999999999 0.6548700000000001 0.5636099999999999 0.65133 0.56498 0.6495599999999999 0.57182 0.6548700000000001 0.57182
1 0.55221 0.55267 0.54159 0.55404 0.54159 0.5595100000000001 0.54867 0.5595100000000001 0.55221 0.55677 0.55221 0.55267
1 0.6867300000000001 0.56772 0.69027 0.56772 0.69381 0.56635 0.69381 0.5595100000000001 0.69027 0.5595100000000001 0.6867300000000001 0.5608799999999999 0.68496 0.5636099999999999 0.6867300000000001 0.56772
1 0.73097 0.55677 0.72212 0.5581400000000001 0.72212 0.5636099999999999 0.72743 0.5636099999999999 0.73097 0.56224 0.73274 0.5595100000000001 0.73097 0.55677
1 0.78938 0.55677 0.78938 0.55267 0.7823 0.55267 0.77876 0.5554 0.77876 0.5595100000000001 0.78761 0.5595100000000001 0.78938 0.55677
1 0.85664 0.56635 0.8584099999999999 0.5636099999999999 0.8584099999999999 0.5595100000000001 0.8513299999999999 0.5595100000000001 0.84602 0.5636099999999999 0.84779 0.56772 0.85664 0.56635
1 0.89735 0.55267 0.88673 0.55404 0.88673 0.5595100000000001 0.89558 0.5595100000000001 0.89735 0.55677 0.89735 0.55267
1 0.9646000000000001 0.56772 0.96814 0.56498 0.96814 0.5595100000000001 0.96283 0.5595100000000001 0.95752 0.56224 0.95752 0.56772 0.9646000000000001 0.56772
1 0.87611 0.45553999999999994 0.8849600000000001 0.4528 0.88673 0.45007 0.8831899999999999 0.44733 0.87965 0.44733 0.8743399999999999 0.45144 0.87611 0.45553999999999994
1 0.9345100000000001 0.44733 0.9327400000000001 0.44322999999999996 0.92743 0.44322999999999996 0.9238899999999999 0.44596 0.9238899999999999 0.45007 0.9327400000000001 0.45007 0.9345100000000001 0.44733
1 0.9716799999999999 0.44048999999999994 0.9646000000000001 0.44048999999999994 0.96106 0.44322999999999996 0.96283 0.44733 0.96814 0.44733 0.9716799999999999 0.44596 0.9716799999999999 0.44048999999999994
1 0.84779 0.44322999999999996 0.84071 0.4446 0.84071 0.45007 0.84602 0.45007 0.84956 0.4487 0.84779 0.44322999999999996
1 0.77699 0.44733 0.78407 0.44733 0.78761 0.44048999999999994 0.78053 0.44048999999999994 0.77876 0.44186 0.77522 0.44322999999999996 0.77699 0.44733
1 0.87965 0.35431 0.8831899999999999 0.35294 0.8849600000000001 0.35157 0.88673 0.34884 0.87788 0.34747 0.8743399999999999 0.35021 0.8743399999999999 0.35431 0.87965 0.35431
1 0.92743 0.35157 0.93097 0.35021 0.9345100000000001 0.34747 0.9345100000000001 0.34337 0.92743 0.34337 0.9238899999999999 0.34609999999999996 0.9238899999999999 0.35157 0.92743 0.35157
1 0.96283 0.34747 0.9716799999999999 0.34473 0.9716799999999999 0.34337 0.97345 0.34063 0.9699099999999999 0.33926 0.9646000000000001 0.33926 0.96106 0.34199999999999997 0.96283 0.34747
1 0.84602 0.35021 0.84956 0.34747 0.84956 0.34337 0.8424799999999999 0.34337 0.83894 0.34609999999999996 0.83894 0.35021 0.84602 0.35021
1 0.72212 0.34884 0.73274 0.34884 0.73274 0.34337 0.72389 0.34473 0.72212 0.34884
1 0.77699 0.34609999999999996 0.78407 0.34609999999999996 0.78761 0.34473 0.78938 0.34199999999999997 0.78584 0.33926 0.7823 0.33926 0.77876 0.34063 0.77699 0.34609999999999996
1 0.6885 0.35431 0.69381 0.35431 0.6973499999999999 0.35157 0.6973499999999999 0.34747 0.69381 0.34609999999999996 0.69027 0.34747 0.6867300000000001 0.35021 0.6885 0.35431
1 0.8743399999999999 0.25718 0.86549 0.25855 0.86549 0.26402000000000003 0.87257 0.26402000000000003 0.87611 0.26128999999999997 0.8743399999999999 0.25718
1 0.9008800000000001 0.27223 0.90442 0.27223 0.9079599999999999 0.26949 0.90973 0.26676 0.9079599999999999 0.26402000000000003 0.9026500000000001 0.26402000000000003 0.89735 0.26813 0.89735 0.27086 0.9008800000000001 0.27223
1 0.94159 0.2777 0.94159 0.27223 0.93628 0.27223 0.9327400000000001 0.27497 0.9327400000000001 0.27907000000000004 0.94159 0.2777
1 0.97345 0.26265 0.97345 0.25718 0.96814 0.25718 0.9646000000000001 0.25855 0.96283 0.26402000000000003 0.97345 0.26265
1 0.8424799999999999 0.27086 0.8424799999999999 0.26402000000000003 0.83894 0.26402000000000003 0.83363 0.26813 0.83363 0.27086 0.8424799999999999 0.27086
1 0.77699 0.25034 0.77522 0.25308 0.77699 0.25718 0.7823 0.25718 0.78584 0.25445 0.78761 0.25171 0.77699 0.25034
1 0.7292 0.25718 0.72035 0.25855 0.72035 0.26402000000000003 0.72743 0.26402000000000003 0.73097 0.26128999999999997 0.7292 0.25718
1 0.84956 0.16963 0.8513299999999999 0.16689 0.84956 0.16279 0.8442500000000001 0.16279 0.84071 0.16553 0.8424799999999999 0.17099999999999999 0.84956 0.16963
1 0.8708 0.16279 0.87965 0.16142 0.88142 0.15732 0.8708 0.15732 0.8708 0.16279
1 0.90973 0.16963 0.9115 0.16689 0.90973 0.16279 0.9061899999999999 0.16279 0.9026500000000001 0.16416 0.9026500000000001 0.17099999999999999 0.90973 0.16963
1 0.93628 0.17237 0.93628 0.17784 0.94513 0.17647 0.94513 0.17099999999999999 0.93628 0.17237
1 0.9716799999999999 0.16279 0.97522 0.16005 0.97522 0.15595 0.96814 0.15595 0.9646000000000001 0.15869 0.9663700000000001 0.16279 0.9716799999999999 0.16279
1 0.78407 0.15458 0.79292 0.15321 0.79469 0.15048 0.78407 0.15048 0.78407 0.15458
1 0.73805 0.16279 0.74159 0.16005 0.73982 0.15595 0.73628 0.15595 0.73274 0.15732 0.73274 0.16279 0.73805 0.16279
1 0.66372 0.15321 0.67434 0.15321 0.67434 0.14911000000000002 0.6654899999999999 0.15048 0.66372 0.15321
1 0.66018 0.25034 0.6495599999999999 0.25171 0.6495599999999999 0.25718 0.65664 0.25718 0.66018 0.25445 0.66018 0.25034
1 0.60885 0.26402000000000003 0.61947 0.26402000000000003 0.62124 0.26128999999999997 0.62124 0.25718 0.61416 0.25718 0.61062 0.25855 0.61062 0.26128999999999997 0.60885 0.26402000000000003
1 0.6354 0.16279 0.6389400000000001 0.16005 0.6389400000000001 0.15595 0.63186 0.15595 0.62832 0.15869 0.63009 0.16279 0.6354 0.16279
1 0.5752200000000001 0.15184999999999998 0.5752200000000001 0.14911000000000002 0.5646 0.15048 0.5646 0.15321 0.5699099999999999 0.15595 0.57345 0.15458 0.5752200000000001 0.15184999999999998
1 0.5539799999999999 0.25445 0.5539799999999999 0.25034 0.54513 0.25034 0.5433600000000001 0.25308 0.5433600000000001 0.25718 0.55044 0.25718 0.5539799999999999 0.25445
1 0.49027000000000004 0.26128999999999997 0.49381 0.25992000000000004 0.49734999999999996 0.25718 0.49558 0.25308 0.49204 0.25308 0.4885 0.25445 0.48673 0.25992000000000004 0.49027000000000004 0.26128999999999997
1 0.46018 0.26265 0.46018 0.25718 0.45487 0.25718 0.45133 0.25855 0.44955999999999996 0.26265 0.46018 0.26265
1 0.42123999999999995 0.26813 0.42478 0.26539 0.42478 0.26128999999999997 0.41769999999999996 0.26128999999999997 0.41416000000000003 0.26402000000000003 0.41593 0.26813 0.42123999999999995 0.26813
1 0.38407 0.27223 0.38761 0.26949 0.38584 0.26402000000000003 0.3823 0.26402000000000003 0.37876 0.26539 0.37699 0.27223 0.38407 0.27223
1 0.52035 0.15458 0.51681 0.15184999999999998 0.50973 0.15458 0.51327 0.16005 0.51681 0.15869 0.52035 0.15458
1 0.47434000000000004 0.15732 0.47434000000000004 0.16279 0.47788 0.16416 0.48141999999999996 0.16279 0.48495999999999995 0.15732 0.47434000000000004 0.15732
1 0.44779 0.16689 0.45133 0.16416 0.44955999999999996 0.16005 0.44425 0.16005 0.44071 0.16279 0.44071 0.16689 0.44779 0.16689
1 0.40885 0.17099999999999999 0.41416000000000003 0.17099999999999999 0.41769999999999996 0.16963 0.41947 0.16553 0.41593 0.16279 0.41239 0.16279 0.40885 0.16553 0.40885 0.17099999999999999
1 0.33805 0.15595 0.3469 0.15458 0.34867 0.15184999999999998 0.3469 0.14774 0.34159 0.14774 0.33805 0.14911000000000002 0.33628 0.15184999999999998 0.33805 0.15595
1 0.30619 0.25718 0.31504 0.25718 0.31858 0.25445 0.31681 0.24897 0.3115 0.24897 0.30796 0.25034 0.30619 0.25308 0.30619 0.25718
1 0.16814 0.45144 0.15929 0.4528 0.15929 0.45827999999999997 0.1646 0.45827999999999997 0.16814 0.45553999999999994 0.16814 0.45144
1 0.2 0.46512000000000003 0.20177 0.46238 0.2 0.45827999999999997 0.19646 0.45827999999999997 0.19292 0.45964 0.19469 0.46647999999999995 0.2 0.46512000000000003
1 0.23186 0.46921999999999997 0.23363 0.46375 0.23009 0.46238 0.22654999999999997 0.46375 0.22477999999999998 0.46921999999999997 0.22832 0.47058999999999995 0.23186 0.46921999999999997
1 0.26726 0.46647999999999995 0.25664 0.46785 0.25664 0.47332 0.26372 0.47332 0.26726 0.47058999999999995 0.26726 0.46647999999999995
1 0.30973 0.46375 0.30619 0.46785 0.31327 0.46921999999999997 0.31504 0.46921999999999997 0.31504 0.46238 0.30973 0.46375
1 0.07965 0.44186 0.07965 0.43639 0.07257 0.43639 0.0708 0.43912000000000007 0.0708 0.44322999999999996 0.07611 0.44322999999999996 0.07965 0.44186
1 0.13628 0.44596 0.13628 0.44048999999999994 0.1292 0.44048999999999994 0.12743 0.44322999999999996 0.12743 0.44733 0.13274 0.44733 0.13628 0.44596
1 0.15221 0.26949 0.15221 0.26539 0.14867 0.26402000000000003 0.14336 0.26539 0.14336 0.27223 0.14867 0.27223 0.15221 0.26949
1 0.22301 0.26402000000000003 0.22654999999999997 0.26128999999999997 0.22477999999999998 0.25718 0.21947 0.25718 0.21593 0.25855 0.21593 0.26402000000000003 0.22301 0.26402000000000003
1 0.18407 0.26128999999999997 0.18761 0.25992000000000004 0.18938 0.25855 0.19115 0.25581 0.18761 0.25308 0.18407 0.25308 0.18053 0.25445 0.17876 0.25855 0.18407 0.26128999999999997
1 0.26195 0.26539 0.26017999999999997 0.26128999999999997 0.25487000000000004 0.26128999999999997 0.25133 0.26402000000000003 0.2531 0.26813 0.25841 0.26813 0.26195 0.26539
1 0.21416 0.36524999999999996 0.21061999999999997 0.36799 0.21061999999999997 0.37209 0.22124000000000002 0.37073 0.21947 0.36524999999999996 0.21416 0.36524999999999996
1 0.30796 0.36389 0.30796 0.36936 0.3115 0.36936 0.31504 0.36799 0.31681 0.36252 0.30796 0.36389
1 0.36283 0.36524999999999996 0.36637 0.36252 0.36637 0.35841 0.35929 0.35841 0.35575 0.36114999999999997 0.35575 0.36524999999999996 0.36283 0.36524999999999996
1 0.41062000000000004 0.36114999999999997 0.41416000000000003 0.35841 0.41239 0.35431 0.40708 0.35431 0.40354 0.35705 0.40530999999999995 0.36252 0.41062000000000004 0.36114999999999997
1 0.45841000000000004 0.35841 0.46195 0.35705 0.46195 0.35021 0.45664 0.35021 0.45309999999999995 0.35157 0.45309999999999995 0.35841 0.45841000000000004 0.35841
1 0.4885 0.35431 0.49381 0.35431 0.49734999999999996 0.35294 0.49912 0.34884 0.49558 0.34609999999999996 0.49204 0.34747 0.49027000000000004 0.34747 0.4885 0.35431
1 0.54513 0.34337 0.54159 0.34609999999999996 0.5433600000000001 0.35021 0.55221 0.34884 0.55044 0.34337 0.54513 0.34337
1 0.07257 0.26676 0.07257 0.27223 0.07788 0.27223 0.08319 0.26813 0.08319 0.26539 0.07257 0.26676
1 0.09204 0.36936 0.09204 0.36524999999999996 0.08496000000000001 0.36524999999999996 0.08142 0.36799 0.08142 0.37209 0.09026999999999999 0.37209 0.09204 0.36936
1 0.13805 0.6689499999999999 0.13451 0.66758 0.12743 0.67168 0.1292 0.67579 0.13274 0.67579 0.13628 0.67442 0.13805 0.67168 0.13805 0.6689499999999999
1 0.16814 0.66621 0.16814 0.66074 0.16283 0.66074 0.15929 0.66211 0.15929 0.66758 0.16814 0.66621
1 0.2 0.67442 0.20177 0.67031 0.19823 0.66758 0.19115 0.67031 0.19115 0.67442 0.2 0.67442
1 0.23363 0.68126 0.23363 0.67579 0.22832 0.67579 0.22477999999999998 0.67852 0.22477999999999998 0.68263 0.23363 0.68126
1 0.26372 0.66758 0.26726 0.66484 0.26549 0.66074 0.26195 0.66211 0.25664 0.66347 0.25664 0.66758 0.26372 0.66758
1 0.26195 0.76881 0.26549 0.76744 0.26549 0.76197 0.26017999999999997 0.76197 0.25664 0.76334 0.25841 0.76881 0.26195 0.76881
1 0.23009 0.78386 0.23363 0.78249 0.23363 0.77702 0.23009 0.77565 0.22477999999999998 0.77702 0.22477999999999998 0.78386 0.23009 0.78386
1 0.19823 0.77565 0.20177 0.77291 0.20177 0.76881 0.19469 0.76881 0.19115 0.77155 0.19292 0.77565 0.19823 0.77565
1 0.13451 0.77565 0.13805 0.77291 0.13805 0.76881 0.13097 0.76881 0.12743 0.77155 0.12743 0.77565 0.13451 0.77565
1 0.08142 0.658 0.08142 0.6538999999999999 0.07257 0.6538999999999999 0.06903000000000001 0.65663 0.0708 0.66074 0.07788 0.66074 0.08142 0.658
1 0.33628 0.53762 0.3292 0.53899 0.32743 0.54172 0.32743 0.54446 0.33451 0.54446 0.33805 0.5430900000000001 0.33628 0.53762
1 0.22477999999999998 0.5554 0.22832 0.5513 0.22654999999999997 0.5485599999999999 0.22124000000000002 0.5485599999999999 0.21593 0.55267 0.2177 0.5554 0.22477999999999998 0.5554
1 0.25664 0.53762 0.2531 0.54036 0.2531 0.54446 0.26372 0.5430900000000001 0.26195 0.53762 0.25664 0.53762
1 0.17876 0.55677 0.16814 0.5581400000000001 0.16814 0.5636099999999999 0.17522 0.5636099999999999 0.17876 0.5608799999999999 0.17876 0.55677
1 0.13805 0.55677 0.14159 0.5554 0.14513 0.55267 0.14336 0.5485599999999999 0.13805 0.5485599999999999 0.13451 0.5513 0.13451 0.5554 0.13805 0.55677
1 0.07257 0.53899 0.07257 0.54446 0.07965 0.54446 0.08319 0.54036 0.08142 0.53762 0.07257 0.53899
1 0.07965 0.75923 0.07965 0.75376 0.07433999999999999 0.75376 0.0708 0.7551300000000001 0.0708 0.7605999999999999 0.07965 0.75923
1 0.16814 0.76197 0.15929 0.76334 0.15929 0.76881 0.1646 0.76881 0.16814 0.76607 0.16814 0.76197
1 0.31504 0.67579 0.31858 0.67168 0.31681 0.66758 0.30796 0.6689499999999999 0.30619 0.67168 0.30619 0.67442 0.3115 0.6771499999999999 0.31504 0.67579
1 0.43894 0.54172 0.44071 0.54583 0.44425 0.54583 0.44779 0.54446 0.45309999999999995 0.53899 0.44955999999999996 0.53625 0.44425 0.53625 0.44071 0.53899 0.43894 0.54172
1 0.40708 0.5554 0.41062000000000004 0.55267 0.40885 0.5485599999999999 0.40530999999999995 0.5485599999999999 0.40176999999999996 0.54993 0.4 0.5554 0.40708 0.5554
1 0.45309999999999995 0.4528 0.45309999999999995 0.45827999999999997 0.45841000000000004 0.45827999999999997 0.46372 0.45416999999999996 0.46195 0.45144 0.45309999999999995 0.4528
1 0.49204 0.45553999999999994 0.49558 0.45416999999999996 0.49912 0.45007 0.49558 0.44733 0.49204 0.4487 0.49027000000000004 0.4487 0.4885 0.45416999999999996 0.49204 0.45553999999999994
1 0.55221 0.4487 0.55044 0.44322999999999996 0.5469 0.44322999999999996 0.5433600000000001 0.4446 0.5433600000000001 0.45007 0.55221 0.4487
1 0.36106 0.46647999999999995 0.3646 0.46512000000000003 0.36637 0.46238 0.36637 0.45964 0.36283 0.45827999999999997 0.35929 0.45964 0.35752 0.45964 0.35575 0.46512000000000003 0.36106 0.46647999999999995
1 0.61416 0.35157 0.61593 0.35021 0.61416 0.34609999999999996 0.60885 0.34609999999999996 0.60531 0.34747 0.60354 0.35294 0.6070800000000001 0.35431 0.61416 0.35431 0.61416 0.35157
1 0.60531 0.45553999999999994 0.60885 0.45553999999999994 0.61239 0.4528 0.61416 0.4528 0.61416 0.44733 0.61062 0.44733 0.6070800000000001 0.4487 0.60354 0.45144 0.60531 0.45553999999999994
1 0.64779 0.45144 0.6389400000000001 0.4528 0.6389400000000001 0.45827999999999997 0.64425 0.45827999999999997 0.64779 0.45691 0.6495599999999999 0.45416999999999996 0.64779 0.45144
1 0.6389400000000001 0.35841 0.64425 0.35841 0.64779 0.35705 0.6495599999999999 0.35294 0.64602 0.35021 0.64248 0.35021 0.6389400000000001 0.35157 0.6389400000000001 0.35841
1 0.6885 0.4487 0.6885 0.45416999999999996 0.6973499999999999 0.4528 0.69558 0.44733 0.6885 0.4487
1 0.72389 0.45007 0.73274 0.4487 0.73451 0.44596 0.73274 0.44322999999999996 0.72743 0.44322999999999996 0.72389 0.4446 0.72212 0.44733 0.72389 0.45007
1 0.31858 0.7701800000000001 0.31681 0.77291 0.31681 0.77565 0.32566 0.77428 0.32743 0.77155 0.32743 0.76881 0.31858 0.7701800000000001
1 0.11504 0.84405 0.1115 0.8454200000000001 0.11327000000000001 0.85089 0.12566 0.84952 0.12388999999999999 0.84405 0.11504 0.84405
1 0.54159 0.66074 0.55044 0.66074 0.5539799999999999 0.65527 0.55221 0.6525299999999999 0.5469 0.6525299999999999 0.5433600000000001 0.6538999999999999 0.54159 0.65663 0.54159 0.66074
1 0.8531000000000001 0.6689499999999999 0.8584099999999999 0.66484 0.85664 0.66074 0.8513299999999999 0.66074 0.84779 0.66211 0.84779 0.6689499999999999 0.8531000000000001 0.6689499999999999
1 0.9646000000000001 0.6689499999999999 0.96814 0.66621 0.96814 0.66074 0.96283 0.66074 0.95752 0.66484 0.95929 0.6689499999999999 0.9646000000000001 0.6689499999999999
1 0.41062000000000004 0.46238 0.41416000000000003 0.45964 0.41239 0.45553999999999994 0.40708 0.45553999999999994 0.40354 0.45827999999999997 0.40354 0.46238 0.41062000000000004 0.46238
0 0.43894 0.18605 0.42655000000000004 0.18878 0.41062000000000004 0.18878 0.40708 0.19014999999999999 0.40708 0.19289 0.42655000000000004 0.19289 0.50088 0.18741000000000002 0.50796 0.18194 0.50442 0.18194 0.48495999999999995 0.18468 0.46372 0.18605 0.43894 0.18605
0 0.9380499999999999 0.1368 0.97522 0.1368 0.97345 0.13269 0.95929 0.13133 0.92743 0.13133 0.89558 0.12859 0.88142 0.12859 0.88142 0.13406 0.90442 0.13406 0.9061899999999999 0.13543 0.9380499999999999 0.1368
0 0.43716999999999995 0.28728 0.41416000000000003 0.28728 0.39469 0.29001 0.37699 0.29001 0.37699 0.29412 0.39646 0.29412 0.47611 0.28864999999999996 0.48673 0.28591 0.48673 0.28317000000000003 0.47788 0.28317000000000003 0.45841000000000004 0.28591 0.45133 0.28454 0.43716999999999995 0.28728
0 0.21593 0.29549 0.2177 0.29685 0.2531 0.29685 0.2531 0.29001 0.22301 0.29001 0.22124000000000002 0.28864999999999996 0.17345 0.28864999999999996 0.13982 0.29138000000000003 0.14159 0.29685 0.17876 0.29685 0.18053 0.29549 0.21593 0.29549
0 0.97345 0.23803000000000002 0.9716799999999999 0.23393000000000003 0.95221 0.23256000000000002 0.90973 0.23119 0.87611 0.23119 0.87788 0.23529 0.94159 0.23803000000000002 0.9504400000000001 0.23666 0.97345 0.23803000000000002
0 0.6867300000000001 0.3762 0.69912 0.3762 0.71327 0.37483 0.72035 0.37346 0.72389 0.36936 0.7115 0.36936 0.69912 0.37073 0.6867300000000001 0.37346 0.6867300000000001 0.3762
0 0.45841000000000004 0.37483 0.45664 0.3762 0.45309999999999995 0.3762 0.45309999999999995 0.38029999999999997 0.46548999999999996 0.38029999999999997 0.47788 0.37893 0.4885 0.3762 0.48673 0.37209 0.47965 0.37209 0.46548999999999996 0.37346 0.45841000000000004 0.37483
0 0.92743 0.36799 0.9238899999999999 0.36936 0.9238899999999999 0.37209 0.9398199999999999 0.37209 0.95221 0.37073 0.96106 0.36799 0.96106 0.36524999999999996 0.9486700000000001 0.36524999999999996 0.9380499999999999 0.36662 0.93628 0.36799 0.92743 0.36799
0 0.6885 0.47743 0.69558 0.47743 0.70973 0.47606000000000004 0.71858 0.47469 0.72212 0.47332 0.72212 0.46921999999999997 0.71681 0.46921999999999997 0.70265 0.47196 0.6867300000000001 0.47332 0.6885 0.47743
0 0.92743 0.46921999999999997 0.9238899999999999 0.46921999999999997 0.9238899999999999 0.47332 0.9398199999999999 0.47332 0.95221 0.47196 0.9539799999999999 0.47058999999999995 0.96106 0.47058999999999995 0.96106 0.46647999999999995 0.95752 0.46512000000000003 0.94159 0.46647999999999995 0.9292 0.46785 0.92743 0.46921999999999997
0 0.45309999999999995 0.47743 0.45309999999999995 0.48152999999999996 0.46372 0.48152999999999996 0.47434000000000004 0.48016 0.48319 0.4788 0.48495999999999995 0.47743 0.4885 0.47743 0.48673 0.47332 0.47257 0.47332 0.46195 0.47469 0.45309999999999995 0.47743
0 0.24956 0.49657999999999997 0.25664 0.49521 0.25664 0.49248000000000003 0.24602 0.49248000000000003 0.24425 0.49111000000000005 0.22832 0.49111000000000005 0.21416 0.48837 0.19469 0.487 0.17699 0.487 0.17522 0.48563999999999996 0.15929 0.48563999999999996 0.15929 0.48837 0.16283 0.48974 0.19292 0.49248000000000003 0.24956 0.49657999999999997
0 0.22301 0.57182 0.21593 0.57456 0.2177 0.58003 0.22654999999999997 0.58003 0.23894 0.57592 0.24602 0.57592 0.25133 0.5731900000000001 0.25664 0.57182 0.25487000000000004 0.56635 0.24602 0.56635 0.24070999999999998 0.56908 0.23186 0.56908 0.22301 0.57182
0 0.64071 0.59234 0.62124 0.59234 0.61947 0.59371 0.61239 0.59371 0.61593 0.5978100000000001 0.63717 0.5964400000000001 0.65841 0.59371 0.67965 0.59371 0.71504 0.59097 0.72212 0.58687 0.70088 0.58687 0.67965 0.58824 0.66018 0.59097 0.64071 0.59234
0 0.26549 0.6374799999999999 0.24247999999999997 0.6361100000000001 0.20884999999999998 0.63475 0.16991 0.63475 0.16814 0.6374799999999999 0.19646 0.64022 0.23009 0.64159 0.26726 0.64159 0.26549 0.6374799999999999
0 0.48141999999999996 0.69904 0.48319 0.69767 0.48673 0.69767 0.48495999999999995 0.69357 0.46018 0.69494 0.37699 0.69357 0.37699 0.69767 0.38407 0.69767 0.38584 0.69904 0.48141999999999996 0.69904
0 0.6654899999999999 0.6908299999999999 0.62832 0.69357 0.61593 0.69357 0.61239 0.6908299999999999 0.61239 0.69767 0.6354 0.69767 0.65664 0.69494 0.67788 0.69494 0.71504 0.6921999999999999 0.72035 0.6867300000000001 0.70619 0.6867300000000001 0.68319 0.6881 0.6654899999999999 0.6908299999999999
0 0.25841 0.74282 0.26195 0.7455499999999999 0.27257 0.74419 0.27080000000000004 0.73871 0.26726 0.73871 0.26372 0.73598 0.2354 0.73461 0.17345 0.73324 0.16637 0.73461 0.16814 0.7400800000000001 0.17168 0.74145 0.22832 0.74145 0.25841 0.74282
0 0.72743 0.74419 0.73982 0.74282 0.73805 0.73735 0.73451 0.73735 0.7292 0.73461 0.67257 0.73324 0.6389400000000001 0.73461 0.64071 0.7400800000000001 0.66903 0.74145 0.72389 0.74145 0.72743 0.74419