1 0.14867 0.12 0.14513 0.12 0.14336 0.12625 0.1469 0.125 0.14867 0.12
1 0.19469 0.12 0.2 0.11875 0.2 0.11499999999999999 0.19469 0.11499999999999999 0.19115 0.11750000000000001 0.19115 0.12125 0.19469 0.12
1 0.25487000000000004 0.11875 0.24602 0.12 0.24779 0.12375 0.25133 0.12375 0.25487000000000004 0.12125 0.25487000000000004 0.11875
1 0.33097 0.125 0.33097 0.1275 0.33805 0.1275 0.33628 0.12250000000000001 0.33097 0.125
1 0.42478 0.12625 0.42301 0.12250000000000001 0.41947 0.12250000000000001 0.41593 0.125 0.41593 0.1275 0.42478 0.12625
1 0.49912 0.13125 0.49734999999999996 0.1275 0.49381 0.1275 0.49027000000000004 0.13 0.49027000000000004 0.1325 0.49912 0.13125
1 0.5539799999999999 0.13 0.55752 0.1275 0.55752 0.125 0.55221 0.125 0.54867 0.1275 0.54867 0.13 0.5539799999999999 0.13
1 0.58053 0.12375 0.58053 0.1275 0.5858399999999999 0.1275 0.5858399999999999 0.12250000000000001 0.58053 0.12375
1 0.6070800000000001 0.12250000000000001 0.61593 0.12125 0.61593 0.11875 0.60885 0.11875 0.6070800000000001 0.12250000000000001
1 0.64071 0.11875 0.64425 0.11625 0.64425 0.11374999999999999 0.6389400000000001 0.11374999999999999 0.6354 0.11625 0.6354 0.11875 0.64071 0.11875
1 0.6654899999999999 0.11000000000000001 0.6654899999999999 0.11374999999999999 0.66903 0.11374999999999999 0.67257 0.11125 0.67257 0.10874999999999999 0.6654899999999999 0.11000000000000001
1 0.69381 0.1125 0.69381 0.11625 0.6973499999999999 0.11625 0.70088 0.11374999999999999 0.69912 0.11000000000000001 0.69381 0.1125
1 0.74159 0.10874999999999999 0.74159 0.10625 0.73628 0.10625 0.73451 0.11125 0.73805 0.11125 0.74159 0.10874999999999999
1 0.8053100000000001 0.10625 0.79823 0.10625 0.79646 0.11000000000000001 0.8 0.11125 0.8053100000000001 0.11125 0.80885 0.11000000000000001 0.8053100000000001 0.10625
1 0.07965 0.17875000000000002 0.07965 0.175 0.07611 0.175 0.07257 0.1775 0.07257 0.18 0.07965 0.17875000000000002
1 0.12743 0.17875000000000002 0.12743 0.175 0.12212 0.175 0.11857999999999999 0.1775 0.11857999999999999 0.18 0.12743 0.17875000000000002
1 0.16106 0.17875000000000002 0.15929 0.175 0.15575 0.175 0.15221 0.1775 0.15221 0.18 0.16106 0.17875000000000002
1 0.18761 0.175 0.18053 0.1775 0.1823 0.18125 0.18761 0.18125 0.18938 0.17875000000000002 0.18761 0.175
1 0.21947 0.17875000000000002 0.22301 0.17625 0.22124000000000002 0.17250000000000001 0.2177 0.17250000000000001 0.21416 0.175 0.21416 0.17875000000000002 0.21947 0.17875000000000002
1 0.26726 0.17625 0.25841 0.17625 0.25841 0.18 0.26372 0.18125 0.26726 0.17875000000000002 0.26726 0.17625
1 0.30796 0.17625 0.30796 0.18125 0.31327 0.18 0.31681 0.17625 0.31327 0.175 0.30796 0.17625
1 0.34867 0.1825 0.35221 0.18 0.35221 0.1775 0.3469 0.1775 0.34336 0.18 0.34336 0.1825 0.34867 0.1825
1 0.40176999999999996 0.18 0.40176999999999996 0.1775 0.39469 0.17875000000000002 0.39469 0.18 0.39646 0.18375 0.4 0.1825 0.40176999999999996 0.18
1 0.42478 0.185 0.42832 0.18375 0.43186 0.18 0.42478 0.18125 0.42478 0.185
1 0.47611 0.18 0.47434000000000004 0.1825 0.48319 0.18125 0.48141999999999996 0.1775 0.47611 0.17875000000000002 0.47611 0.18
1 0.53982 0.18375 0.5433600000000001 0.1825 0.54867 0.18125 0.54867 0.1775 0.54513 0.1775 0.54159 0.17875000000000002 0.53982 0.18125 0.53982 0.18375
1 0.5858399999999999 0.18125 0.5858399999999999 0.185 0.59292 0.18375 0.59292 0.18 0.5858399999999999 0.18125
1 0.62655 0.1775 0.61947 0.17875000000000002 0.61947 0.18375 0.6230100000000001 0.1825 0.62478 0.1825 0.62655 0.1775
1 0.65664 0.18 0.65664 0.1775 0.65133 0.1775 0.64602 0.1825 0.6548700000000001 0.1825 0.65664 0.18
1 0.6814199999999999 0.1775 0.6814199999999999 0.18 0.69027 0.17875000000000002 0.69027 0.17625 0.6814199999999999 0.1775
1 0.72389 0.1825 0.72212 0.185 0.73097 0.18375 0.73097 0.18 0.72389 0.18125 0.72389 0.1825
1 0.79292 0.18125 0.79292 0.185 0.8035399999999999 0.18375 0.80177 0.18 0.79292 0.18125
1 0.11857999999999999 0.25 0.11857999999999999 0.25375000000000003 0.12388999999999999 0.25375000000000003 0.12743 0.25125000000000003 0.12743 0.24874999999999997 0.11857999999999999 0.25
1 0.16637 0.2475 0.16637 0.24375 0.16106 0.24375 0.15752 0.24625 0.15752 0.24874999999999997 0.16637 0.2475
1 0.20354 0.25125000000000003 0.20708000000000001 0.24874999999999997 0.20708000000000001 0.24625 0.20177 0.24625 0.19823 0.24874999999999997 0.19823 0.25125000000000003 0.20354 0.25125000000000003
1 0.23894 0.24625 0.2354 0.24625 0.23009 0.25125000000000003 0.23894 0.25 0.23894 0.24625
1 0.27434 0.25 0.27434 0.25375000000000003 0.28142 0.2525 0.28142 0.24874999999999997 0.27434 0.25
1 0.33097 0.25 0.33097 0.25375000000000003 0.33805 0.2525 0.33805 0.24874999999999997 0.33097 0.25
1 0.38761 0.25 0.38761 0.25375000000000003 0.39115 0.25375000000000003 0.39469 0.2525 0.39646 0.24874999999999997 0.38761 0.25
1 0.42655000000000004 0.255 0.42655000000000004 0.25875 0.43009000000000003 0.2575 0.4354 0.25625 0.4354 0.25375000000000003 0.42655000000000004 0.255
1 0.46902999999999995 0.25875 0.47257 0.25625 0.47257 0.25375000000000003 0.46726 0.25375000000000003 0.46372 0.255 0.46372 0.25875 0.46902999999999995 0.25875
1 0.50265 0.255 0.50265 0.25875 0.5061899999999999 0.25875 0.50973 0.25625 0.50973 0.25375000000000003 0.50265 0.255
1 0.54159 0.25625 0.54159 0.25375000000000003 0.53451 0.25375000000000003 0.53451 0.25875 0.5380499999999999 0.25875 0.54159 0.25625
1 0.57168 0.26 0.57168 0.2625 0.57876 0.26125 0.57876 0.25875 0.57168 0.26
1 0.61416 0.25875 0.6176999999999999 0.25625 0.6176999999999999 0.25375000000000003 0.61062 0.25375000000000003 0.60885 0.25625 0.60885 0.25875 0.61416 0.25875
1 0.65133 0.255 0.65133 0.25125000000000003 0.64779 0.25125000000000003 0.64425 0.2525 0.64248 0.25625 0.65133 0.255
1 0.71327 0.25375000000000003 0.71681 0.25125000000000003 0.71681 0.24874999999999997 0.7115 0.24874999999999997 0.70796 0.25125000000000003 0.70796 0.25375000000000003 0.71327 0.25375000000000003
1 0.74867 0.25375000000000003 0.7469 0.25625 0.7469 0.25875 0.75044 0.2575 0.75575 0.25625 0.75575 0.25375000000000003 0.74867 0.25375000000000003
1 0.79292 0.25625 0.78584 0.25625 0.78584 0.26125 0.78938 0.26125 0.79292 0.26 0.79292 0.25625
1 0.8283200000000001 0.265 0.8283200000000001 0.26 0.82301 0.26 0.8194699999999999 0.265 0.82478 0.26625 0.8283200000000001 0.265
1 0.8672599999999999 0.26625 0.8672599999999999 0.2625 0.86372 0.2625 0.8601800000000001 0.265 0.8601800000000001 0.26749999999999996 0.8672599999999999 0.26625
1 0.9115 0.27 0.91327 0.26749999999999996 0.91327 0.265 0.90973 0.265 0.9061899999999999 0.26749999999999996 0.9061899999999999 0.27 0.9115 0.27
1 0.9663700000000001 0.26875 0.9646000000000001 0.265 0.95752 0.27 0.9663700000000001 0.26875
1 0.09558 0.33625 0.09558 0.33875 0.10264999999999999 0.3375 0.10264999999999999 0.335 0.09558 0.33625
1 0.15575 0.33999999999999997 0.15575 0.34375 0.16106 0.34375 0.1646 0.34125 0.1646 0.33875 0.15575 0.33999999999999997
1 0.26549 0.34375 0.26903 0.34249999999999997 0.26726 0.33875 0.26372 0.33875 0.26017999999999997 0.34125 0.26017999999999997 0.34375 0.26549 0.34375
1 0.4 0.33875 0.4 0.34375 0.40708 0.34249999999999997 0.40708 0.33875 0.4 0.33875
1 0.5433600000000001 0.3275 0.53982 0.33125 0.5469 0.3275 0.5433600000000001 0.3275
1 0.59292 0.3225 0.58938 0.3225 0.58938 0.3275 0.59292 0.32625000000000004 0.59292 0.3225
1 0.6336299999999999 0.32625000000000004 0.63717 0.32999999999999996 0.64071 0.3275 0.64071 0.325 0.6336299999999999 0.32625000000000004
1 0.70619 0.31875 0.70619 0.32 0.70442 0.3225 0.70796 0.3225 0.7115 0.32125 0.71327 0.3175 0.70619 0.31875
1 0.74336 0.3275 0.7469 0.32625000000000004 0.75044 0.3225 0.74336 0.32375 0.74336 0.3275
1 0.79115 0.32875 0.79115 0.325 0.78584 0.325 0.7823 0.32625000000000004 0.7823 0.32999999999999996 0.79115 0.32875
1 0.82301 0.32999999999999996 0.82478 0.33375 0.8265499999999999 0.33375 0.8283200000000001 0.32999999999999996 0.82301 0.32999999999999996
1 0.86195 0.33625 0.86549 0.33625 0.86549 0.33125 0.86195 0.33125 0.8584099999999999 0.3325 0.8584099999999999 0.3375 0.86195 0.33625
1 0.9026500000000001 0.33625 0.9061899999999999 0.33999999999999997 0.90973 0.3375 0.90973 0.335 0.9026500000000001 0.33625
1 0.9646000000000001 0.3375 0.9646000000000001 0.33375 0.96106 0.33375 0.95752 0.335 0.9557499999999999 0.33875 0.9646000000000001 0.3375
1 0.0885 0.40499999999999997 0.0885 0.40750000000000003 0.09558 0.40750000000000003 0.09558 0.40374999999999994 0.0885 0.40499999999999997
1 0.15575 0.40750000000000003 0.14867 0.40875000000000006 0.14867 0.4125 0.15398 0.4125 0.15575 0.41 0.15575 0.40750000000000003
1 0.26195 0.4125 0.26017999999999997 0.40750000000000003 0.25664 0.40750000000000003 0.2531 0.41 0.25664 0.41375 0.26195 0.4125
1 0.41239 0.41125 0.41239 0.40750000000000003 0.40708 0.40750000000000003 0.40354 0.41 0.40354 0.4125 0.41239 0.41125
1 0.71681 0.39625 0.71858 0.39125 0.71504 0.39125 0.7115 0.39249999999999996 0.7115 0.39625 0.71681 0.39625
1 0.83009 0.39875 0.83363 0.3975 0.83363 0.39375 0.83009 0.39375 0.8265499999999999 0.39625 0.8265499999999999 0.39875 0.83009 0.39875
1 0.8849600000000001 0.3975 0.8849600000000001 0.40125 0.89204 0.4 0.89204 0.39625 0.8849600000000001 0.3975
1 0.9380499999999999 0.4025 0.9469 0.40125 0.94513 0.3975 0.9398199999999999 0.39875 0.9380499999999999 0.4025
1 0.0885 0.47125000000000006 0.0885 0.47375 0.09735 0.4725 0.09735 0.47000000000000003 0.0885 0.47125000000000006
1 0.20708000000000001 0.4725 0.21061999999999997 0.47000000000000003 0.21061999999999997 0.46624999999999994 0.20708000000000001 0.46624999999999994 0.20354 0.46749999999999997 0.20354 0.4725 0.20708000000000001 0.4725
1 0.26726 0.465 0.25841 0.46624999999999994 0.26017999999999997 0.47000000000000003 0.26372 0.47000000000000003 0.26726 0.46749999999999997 0.26726 0.465
1 0.31327 0.45999999999999996 0.31327 0.465 0.32035 0.46375 0.32035 0.45999999999999996 0.31327 0.45999999999999996
1 0.40176999999999996 0.46375 0.40176999999999996 0.46749999999999997 0.40530999999999995 0.46624999999999994 0.40708 0.46624999999999994 0.40885 0.4625 0.40176999999999996 0.46375
1 0.51327 0.46749999999999997 0.51504 0.465 0.51504 0.4625 0.50973 0.4625 0.5061899999999999 0.465 0.5061899999999999 0.46749999999999997 0.51327 0.46749999999999997
1 0.56637 0.4625 0.56637 0.46749999999999997 0.57345 0.46624999999999994 0.57345 0.4625 0.56637 0.4625
1 0.72743 0.46375 0.7292 0.46749999999999997 0.73628 0.46749999999999997 0.73628 0.4625 0.72743 0.46375
1 0.09204 0.53625 0.09381 0.5337500000000001 0.09381 0.53125 0.0885 0.53125 0.08496000000000001 0.5337500000000001 0.08496000000000001 0.53625 0.09204 0.53625
1 0.18053 0.53125 0.17699 0.5337500000000001 0.17699 0.53625 0.18584 0.53625 0.18407 0.53125 0.18053 0.53125
1 0.22477999999999998 0.5349999999999999 0.22477999999999998 0.5387500000000001 0.23363 0.5375 0.23363 0.5337500000000001 0.22477999999999998 0.5349999999999999
1 0.27434 0.5375 0.27434 0.54125 0.28142 0.54 0.28142 0.53625 0.27434 0.5375
1 0.32389 0.54375 0.32743 0.5425 0.3292 0.5375 0.32566 0.5375 0.32212 0.5387500000000001 0.32035 0.54375 0.32389 0.54375
1 0.40176999999999996 0.54125 0.40354 0.54625 0.40885 0.545 0.40885 0.54125 0.40176999999999996 0.54125
1 0.5221199999999999 0.54125 0.5221199999999999 0.5387500000000001 0.51504 0.5387500000000001 0.51504 0.54375 0.51858 0.54375 0.5221199999999999 0.54125
1 0.57876 0.53625 0.57168 0.53625 0.57168 0.54125 0.57699 0.54125 0.57876 0.5387500000000001 0.57876 0.53625
1 0.62478 0.5325 0.62478 0.53625 0.63009 0.53625 0.6336299999999999 0.5337500000000001 0.6336299999999999 0.53125 0.62478 0.5325
1 0.71327 0.5337500000000001 0.7115 0.53625 0.7115 0.5387500000000001 0.72035 0.5375 0.72035 0.5337500000000001 0.71327 0.5337500000000001
1 0.8265499999999999 0.5337500000000001 0.8194699999999999 0.5337500000000001 0.8194699999999999 0.5387500000000001 0.82301 0.5387500000000001 0.8265499999999999 0.5375 0.8265499999999999 0.5337500000000001
1 0.87788 0.5349999999999999 0.87788 0.5387500000000001 0.88673 0.5375 0.88673 0.5337500000000001 0.87788 0.5349999999999999
1 0.07788 0.6075 0.08142 0.60625 0.08142 0.6025 0.07611 0.6025 0.07257 0.605 0.07257 0.6075 0.07788 0.6075
1 0.13628 0.6075 0.13805 0.6025 0.13451 0.60375 0.13274 0.60375 0.13274 0.6075 0.13628 0.6075
1 0.16814 0.6025 0.16991 0.5974999999999999 0.16637 0.5974999999999999 0.16283 0.59875 0.16283 0.6025 0.16814 0.6025
1 0.2 0.605 0.20354 0.60375 0.20177 0.6 0.19823 0.6 0.19469 0.6025 0.19469 0.605 0.2 0.605
1 0.22654999999999997 0.5974999999999999 0.22654999999999997 0.6012500000000001 0.23186 0.6012500000000001 0.2354 0.59875 0.2354 0.5962500000000001 0.22654999999999997 0.5974999999999999
1 0.26726 0.6075 0.26549 0.60375 0.26195 0.60375 0.25841 0.60625 0.25841 0.60875 0.26726 0.6075
1 0.55044 0.615 0.5539799999999999 0.6125 0.5539799999999999 0.61 0.54867 0.61 0.54513 0.61125 0.54513 0.615 0.55044 0.615
1 0.60885 0.62 0.61239 0.61875 0.61416 0.615 0.60885 0.615 0.60531 0.6174999999999999 0.60531 0.62 0.60885 0.62
1 0.67965 0.615 0.6708000000000001 0.61625 0.6708000000000001 0.61875 0.67611 0.62 0.67965 0.6174999999999999 0.67965 0.615
1 0.79115 0.61875 0.79115 0.61375 0.78761 0.615 0.78407 0.615 0.78584 0.62 0.79115 0.61875
0 0.24956 0.13874999999999998 0.24956 0.135 0.13805 0.135 0.13805 0.13999999999999999 0.23894 0.13999999999999999 0.24070999999999998 0.13874999999999998 0.24956 0.13874999999999998
0 0.59469 0.19624999999999998 0.58407 0.19624999999999998 0.58407 0.2 0.6017699999999999 0.2 0.61416 0.19875 0.61593 0.1975 0.62124 0.1975 0.62124 0.19375 0.61062 0.19375 0.60885 0.195 0.59646 0.195 0.59469 0.19624999999999998
0 0.5469 0.145 0.58938 0.145 0.6017699999999999 0.14250000000000002 0.61416 0.14125000000000001 0.6389400000000001 0.14125000000000001 0.6389400000000001 0.1375 0.60885 0.1375 0.5823 0.14125000000000001 0.5469 0.14125000000000001 0.5469 0.145
0 0.11681 0.19125 0.11681 0.195 0.15221 0.195 0.15221 0.19125 0.11681 0.19125
0 0.19823 0.26625 0.19823 0.2625 0.18584 0.2625 0.17168 0.26 0.15575 0.26 0.15575 0.26375000000000004 0.16637 0.26375000000000004 0.18053 0.26625 0.19823 0.26625
0 0.46018 0.27375 0.50265 0.27375 0.50265 0.27 0.46548999999999996 0.27 0.43186 0.26625 0.41416000000000003 0.265 0.38584 0.265 0.38584 0.26875 0.40885 0.26875 0.42655000000000004 0.27 0.46018 0.27375
0 0.64602 0.2725 0.58761 0.2725 0.53628 0.27375 0.53274 0.275 0.53274 0.27875 0.53982 0.27875 0.59292 0.27625 0.64602 0.27625 0.64602 0.2725
0 0.58407 0.33875 0.58407 0.34249999999999997 0.61593 0.34375 0.63186 0.33999999999999997 0.62124 0.33875 0.58407 0.33875
0 0.73628 0.27625 0.75752 0.27749999999999997 0.77168 0.27999999999999997 0.79646 0.28125 0.82301 0.28125 0.82301 0.27749999999999997 0.80177 0.27749999999999997 0.77876 0.27625 0.76106 0.27375 0.74336 0.2725 0.71327 0.27125 0.70619 0.27125 0.70619 0.275 0.70973 0.275 0.7115 0.27625 0.73628 0.27625
0 0.72389 0.34625 0.74867 0.34750000000000003 0.77699 0.34750000000000003 0.79646 0.35 0.8212400000000001 0.35 0.8212400000000001 0.34625 0.80177 0.34625 0.7823 0.34375 0.75398 0.34375 0.7292 0.34249999999999997 0.71681 0.33999999999999997 0.70265 0.33999999999999997 0.70265 0.34375 0.70973 0.34375 0.7115 0.34500000000000003 0.72389 0.34625
0 0.28319 0.5225 0.30442 0.5237499999999999 0.32389 0.52625 0.33097 0.5225 0.32743 0.52125 0.29027 0.51875 0.25133 0.51875 0.23009 0.51625 0.18407 0.51625 0.18407 0.52 0.22477999999999998 0.52 0.24602 0.5225 0.28319 0.5225
0 0.23009 0.625 0.24425 0.625 0.24602 0.62625 0.26017999999999997 0.62375 0.25841 0.6212500000000001 0.24425 0.6212500000000001 0.24247999999999997 0.62 0.22477999999999998 0.62 0.21061999999999997 0.6174999999999999 0.16106 0.61625 0.16283 0.6212500000000001 0.20531000000000002 0.6212500000000001 0.2177 0.6224999999999999 0.23009 0.625