1 0.28496 0.21375000000000002 0.27610999999999997 0.21375000000000002 0.27257 0.21749999999999997 0.27434 0.22000000000000003 0.28142 0.22000000000000003 0.28673000000000004 0.21625 0.28496 0.21375000000000002
1 0.36283 0.21125 0.3646 0.20875 0.36283 0.20625 0.35752 0.20625 0.35398 0.20750000000000002 0.35398 0.2125 0.36283 0.21125
1 0.40176999999999996 0.2125 0.40530999999999995 0.21000000000000002 0.40530999999999995 0.20625 0.39823 0.20625 0.39469 0.20875 0.39469 0.2125 0.40176999999999996 0.2125
1 0.44071 0.2125 0.44425 0.21000000000000002 0.44248000000000004 0.20625 0.43716999999999995 0.20625 0.43362999999999996 0.20875 0.43362999999999996 0.2125 0.44071 0.2125
1 0.47611 0.21125 0.47611 0.21625 0.48495999999999995 0.215 0.48495999999999995 0.21000000000000002 0.47611 0.21125
1 0.51858 0.21749999999999997 0.51681 0.21375000000000002 0.50973 0.21375000000000002 0.5061899999999999 0.21749999999999997 0.50796 0.22000000000000003 0.51504 0.22000000000000003 0.51858 0.21749999999999997
1 0.65664 0.20625 0.66018 0.20625 0.66372 0.20375000000000001 0.66195 0.19875 0.65841 0.19875 0.6548700000000001 0.2 0.6531 0.205 0.65664 0.20625
1 0.69912 0.21000000000000002 0.70265 0.20875 0.70442 0.20625 0.70442 0.20249999999999999 0.6973499999999999 0.20249999999999999 0.69381 0.205 0.69381 0.20875 0.69912 0.21000000000000002
1 0.75929 0.21000000000000002 0.75929 0.20625 0.75221 0.20625 0.74867 0.20875 0.75044 0.2125 0.75752 0.2125 0.75929 0.21000000000000002
1 0.8 0.2125 0.8035399999999999 0.21000000000000002 0.80177 0.20625 0.79646 0.20625 0.79292 0.20875 0.79292 0.2125 0.8 0.2125
1 0.8424799999999999 0.21125 0.8424799999999999 0.20625 0.8371700000000001 0.20625 0.83363 0.20875 0.83363 0.2125 0.8424799999999999 0.21125
1 0.87788 0.21000000000000002 0.8743399999999999 0.21375000000000002 0.87611 0.21625 0.8849600000000001 0.215 0.8849600000000001 0.21000000000000002 0.87788 0.21000000000000002
1 0.90973 0.21375000000000002 0.9061899999999999 0.21625 0.9079599999999999 0.22000000000000003 0.9168100000000001 0.21875 0.9168100000000001 0.21375000000000002 0.90973 0.21375000000000002
1 0.5646 0.205 0.56637 0.20249999999999999 0.56637 0.19875 0.5592900000000001 0.19875 0.55575 0.20125 0.55575 0.20625 0.5646 0.205
1 0.24602 0.31625000000000003 0.24779 0.31124999999999997 0.23894 0.31124999999999997 0.23717000000000002 0.31375000000000003 0.23894 0.3175 0.24247999999999997 0.3175 0.24602 0.31625000000000003
1 0.28319 0.32125 0.28673000000000004 0.32 0.2885 0.3175 0.28673000000000004 0.31375000000000003 0.28319 0.31375000000000003 0.27965 0.315 0.27965 0.32125 0.28319 0.32125
1 0.33982 0.325 0.34513 0.32125 0.34336 0.3175 0.33982 0.31875 0.33451 0.32 0.33451 0.32375 0.33982 0.325
1 0.38407 0.32125 0.38761 0.32 0.38761 0.31375000000000003 0.38407 0.31375000000000003 0.38053 0.315 0.37876 0.32125 0.38407 0.32125
1 0.40885 0.3125 0.40885 0.3175 0.41769999999999996 0.31625000000000003 0.41769999999999996 0.31124999999999997 0.40885 0.3125
1 0.44955999999999996 0.32 0.44955999999999996 0.31375000000000003 0.44425 0.31375000000000003 0.44071 0.31625000000000003 0.44425 0.32125 0.44955999999999996 0.32
1 0.4885 0.32375 0.4885 0.3175 0.48319 0.31875 0.47965 0.3225 0.48673 0.32375 0.4885 0.32375
1 0.6708000000000001 0.33125 0.67434 0.32875 0.67257 0.325 0.66903 0.325 0.6654899999999999 0.32625000000000004 0.66372 0.33125 0.6708000000000001 0.33125
1 0.75398 0.32375 0.75398 0.3175 0.74867 0.31875 0.74513 0.3225 0.75221 0.32375 0.75398 0.32375
1 0.79823 0.32375 0.8 0.32125 0.8 0.31875 0.79115 0.31875 0.78938 0.32125 0.78938 0.32375 0.79292 0.325 0.79823 0.32375
1 0.8424799999999999 0.3175 0.8353999999999999 0.32 0.84071 0.32375 0.8424799999999999 0.32375 0.8424799999999999 0.3175
1 0.91504 0.33125 0.9185800000000001 0.32875 0.9168100000000001 0.325 0.9115 0.325 0.9079599999999999 0.32625000000000004 0.9079599999999999 0.33125 0.91504 0.33125
1 0.88142 0.3275 0.8849600000000001 0.325 0.8831899999999999 0.32125 0.87788 0.32125 0.8743399999999999 0.3225 0.8743399999999999 0.3275 0.88142 0.3275
1 0.14336 0.3175 0.1469 0.315 0.14513 0.31 0.13982 0.31 0.13628 0.31124999999999997 0.13628 0.3175 0.14336 0.3175
1 0.55221 0.32125 0.54867 0.32375 0.54867 0.3275 0.5592900000000001 0.32625000000000004 0.5592900000000001 0.32125 0.55221 0.32125
1 0.24425 0.42874999999999996 0.24779 0.42625 0.24602 0.42125 0.24070999999999998 0.4225 0.23717000000000002 0.42374999999999996 0.23894 0.42874999999999996 0.24425 0.42874999999999996
1 0.28673000000000004 0.43125 0.2885 0.42874999999999996 0.28673000000000004 0.425 0.28319 0.425 0.27965 0.42625 0.27610999999999997 0.43125 0.28673000000000004 0.43125
1 0.34513 0.43 0.33451 0.43125 0.33628 0.43624999999999997 0.34159 0.43624999999999997 0.34513 0.43375 0.34513 0.43
1 0.38407 0.43624999999999997 0.38761 0.43499999999999994 0.38761 0.43 0.38407 0.42874999999999996 0.38053 0.43 0.38053 0.43624999999999997 0.38407 0.43624999999999997
1 0.41947 0.43624999999999997 0.42478 0.43624999999999997 0.42832 0.43375 0.43009000000000003 0.43125 0.42655000000000004 0.42874999999999996 0.42123999999999995 0.43 0.41769999999999996 0.4325 0.41947 0.43624999999999997
1 0.46902999999999995 0.44000000000000006 0.47257 0.43875000000000003 0.47257 0.4325 0.46902999999999995 0.4325 0.46548999999999996 0.43375 0.46548999999999996 0.44000000000000006 0.46902999999999995 0.44000000000000006
1 0.50442 0.44125 0.50265 0.43624999999999997 0.49912 0.43624999999999997 0.49558 0.4375 0.49381 0.4425 0.50442 0.44125
1 0.6495599999999999 0.4225 0.64602 0.425 0.64779 0.42874999999999996 0.65664 0.42750000000000005 0.65841 0.42374999999999996 0.6495599999999999 0.4225
1 0.6867300000000001 0.4325 0.69381 0.4325 0.6973499999999999 0.43 0.69558 0.425 0.69204 0.425 0.6885 0.42625 0.6867300000000001 0.42874999999999996 0.6867300000000001 0.4325
1 0.75221 0.43624999999999997 0.75575 0.43375 0.75575 0.43 0.74867 0.43 0.74513 0.4325 0.7469 0.43624999999999997 0.75221 0.43624999999999997
1 0.79469 0.4325 0.79823 0.43 0.79646 0.425 0.79292 0.425 0.78761 0.42874999999999996 0.78938 0.4325 0.79469 0.4325
1 0.82478 0.42874999999999996 0.8283200000000001 0.42625 0.8283200000000001 0.4225 0.82301 0.4225 0.8194699999999999 0.42374999999999996 0.8194699999999999 0.42874999999999996 0.82478 0.42874999999999996
1 0.8601800000000001 0.43125 0.8601800000000001 0.425 0.85487 0.425 0.8513299999999999 0.42625 0.8513299999999999 0.4325 0.8601800000000001 0.43125
1 0.8991199999999999 0.43624999999999997 0.9026500000000001 0.43375 0.9026500000000001 0.43 0.8991199999999999 0.42874999999999996 0.89204 0.43125 0.89381 0.43624999999999997 0.8991199999999999 0.43624999999999997
1 0.14159 0.42125 0.13628 0.42374999999999996 0.13628 0.42874999999999996 0.14159 0.42874999999999996 0.14513 0.42750000000000005 0.1469 0.4225 0.14159 0.42125
1 0.55221 0.42874999999999996 0.55752 0.425 0.55575 0.42125 0.55044 0.42125 0.54513 0.425 0.54513 0.42874999999999996 0.55221 0.42874999999999996
1 0.13805 0.5525 0.14336 0.55 0.14159 0.54375 0.13805 0.54375 0.13274 0.5475 0.13451 0.5525 0.13805 0.5525
1 0.75398 0.66625 0.75752 0.6637500000000001 0.75752 0.6587500000000001 0.75221 0.6587500000000001 0.74513 0.6637500000000001 0.74513 0.66625 0.75398 0.66625
1 0.4 0.6525000000000001 0.40354 0.65 0.40354 0.645 0.39646 0.645 0.39292 0.64625 0.39292 0.6525000000000001 0.4 0.6525000000000001
1 0.19469 0.6525000000000001 0.19823 0.65 0.19823 0.645 0.19292 0.645 0.18761 0.6487499999999999 0.18938 0.6525000000000001 0.19469 0.6525000000000001
1 0.4 0.76375 0.40354 0.76125 0.40354 0.75625 0.39823 0.75625 0.39292 0.76 0.39469 0.76375 0.4 0.76375
1 0.8053100000000001 0.76375 0.8106199999999999 0.76375 0.81593 0.76 0.81593 0.75625 0.8106199999999999 0.75625 0.80708 0.7575000000000001 0.8035399999999999 0.76 0.8053100000000001 0.76375
1 0.6973499999999999 0.89 0.70265 0.89 0.70796 0.8862500000000001 0.70796 0.8825 0.70088 0.8825 0.6973499999999999 0.88375 0.69558 0.8862500000000001 0.6973499999999999 0.89
1 0.21947 0.875 0.22477999999999998 0.8712500000000001 0.22301 0.8675 0.2177 0.8675 0.21416 0.8699999999999999 0.21416 0.875 0.21947 0.875
1 0.26903 0.5549999999999999 0.27434 0.5549999999999999 0.27965 0.55125 0.27788 0.5475 0.27434 0.5475 0.26903 0.54875 0.26549 0.5525 0.26903 0.5549999999999999
1 0.33982 0.54125 0.34513 0.5375 0.34336 0.5337500000000001 0.33982 0.5337500000000001 0.33628 0.5349999999999999 0.33451 0.54 0.33982 0.54125
1 0.38761 0.5425 0.38761 0.5375 0.3823 0.5375 0.37876 0.54 0.37876 0.54375 0.38761 0.5425
1 0.41769999999999996 0.54625 0.41769999999999996 0.54125 0.41239 0.54125 0.40885 0.54375 0.40885 0.5475 0.41769999999999996 0.54625
1 0.44779 0.54375 0.45133 0.54125 0.44955999999999996 0.5375 0.44425 0.5375 0.44071 0.54 0.44071 0.54375 0.44779 0.54375
1 0.49027000000000004 0.5387500000000001 0.49204 0.53625 0.49027000000000004 0.5337500000000001 0.48495999999999995 0.5337500000000001 0.48141999999999996 0.53625 0.48141999999999996 0.54 0.49027000000000004 0.5387500000000001
1 0.5433600000000001 0.5375 0.54867 0.53625 0.54867 0.53 0.5433600000000001 0.53 0.53982 0.5325 0.53982 0.53625 0.5433600000000001 0.5375
1 0.59646 0.54 0.6 0.5375 0.59823 0.5337500000000001 0.59469 0.5337500000000001 0.58938 0.5375 0.58938 0.54 0.59646 0.54
1 0.69204 0.54875 0.67965 0.55125 0.6814199999999999 0.55375 0.6885 0.5549999999999999 0.69381 0.55125 0.69204 0.54875
1 0.75752 0.53625 0.75575 0.5337500000000001 0.75044 0.5337500000000001 0.7469 0.54 0.75575 0.5387500000000001 0.75752 0.53625
1 0.8 0.54125 0.79823 0.5375 0.79292 0.5375 0.78938 0.54 0.78938 0.54375 0.79823 0.54375 0.8 0.54125
1 0.8265499999999999 0.5475 0.83009 0.545 0.83009 0.54125 0.82478 0.54125 0.8212400000000001 0.5425 0.8212400000000001 0.5475 0.8265499999999999 0.5475
1 0.85487 0.5375 0.8513299999999999 0.54 0.8513299999999999 0.54375 0.86195 0.5425 0.86195 0.5375 0.85487 0.5375
1 0.89735 0.54125 0.9026500000000001 0.5375 0.9008800000000001 0.5337500000000001 0.89558 0.5337500000000001 0.89204 0.53625 0.89204 0.54 0.89735 0.54125
1 0.13982 0.6487499999999999 0.14336 0.64625 0.14513 0.6425 0.14159 0.64 0.13628 0.64125 0.13274 0.64375 0.13451 0.6487499999999999 0.13982 0.6487499999999999
1 0.27434 0.66625 0.27788 0.6637500000000001 0.27610999999999997 0.6599999999999999 0.27080000000000004 0.6599999999999999 0.26726 0.6625 0.26726 0.66625 0.27434 0.66625
1 0.33805 0.6487499999999999 0.3469 0.6475 0.3469 0.64625 0.34867 0.64375 0.3469 0.64125 0.34336 0.64125 0.33982 0.64375 0.33805 0.64375 0.33805 0.6487499999999999
1 0.47434000000000004 0.65625 0.47788 0.65625 0.48141999999999996 0.655 0.48319 0.6487499999999999 0.47611 0.6487499999999999 0.47257 0.65 0.4708 0.6537499999999999 0.47434000000000004 0.65625
1 0.55044 0.6525000000000001 0.53982 0.6537499999999999 0.53982 0.6587500000000001 0.5469 0.6587500000000001 0.55044 0.65625 0.55044 0.6525000000000001
1 0.58407 0.65625 0.58053 0.6587500000000001 0.5823 0.6625 0.5911500000000001 0.66125 0.5911500000000001 0.65625 0.58407 0.65625
1 0.89204 0.66125 0.8885 0.6587500000000001 0.8831899999999999 0.6599999999999999 0.87965 0.6625 0.88142 0.66625 0.88673 0.66625 0.8902699999999999 0.665 0.89204 0.66125
1 0.69204 0.66625 0.6973499999999999 0.66625 0.70265 0.66125 0.69912 0.6587500000000001 0.69381 0.6599999999999999 0.69027 0.66125 0.69204 0.66625
1 0.6389400000000001 0.6575 0.63717 0.66125 0.64425 0.6637500000000001 0.6495599999999999 0.6599999999999999 0.64779 0.65625 0.6389400000000001 0.6575
1 0.60885 0.66125 0.60885 0.6625 0.6070800000000001 0.665 0.61062 0.66625 0.6176999999999999 0.665 0.6176999999999999 0.6599999999999999 0.60885 0.66125
1 0.13628 0.76375 0.13982 0.76125 0.13982 0.7575000000000001 0.13274 0.7575000000000001 0.1292 0.76 0.13097 0.76375 0.13628 0.76375
1 0.17876 0.7675 0.1823 0.76625 0.18407 0.76375 0.1823 0.76 0.17699 0.76 0.17345 0.7625 0.17345 0.76625 0.17876 0.7675
1 0.20884999999999998 0.77125 0.21239 0.77 0.21416 0.7675 0.21239 0.76375 0.20884999999999998 0.765 0.20354 0.76625 0.20354 0.77 0.20884999999999998 0.77125
1 0.24070999999999998 0.7675 0.24425 0.76625 0.24425 0.76 0.24070999999999998 0.76 0.23717000000000002 0.76125 0.23717000000000002 0.7675 0.24070999999999998 0.7675
1 0.28142 0.76375 0.28496 0.7625 0.28496 0.7575000000000001 0.27965 0.7575000000000001 0.27610999999999997 0.76 0.27788 0.76375 0.28142 0.76375
1 0.34867 0.75625 0.3469 0.7525000000000001 0.33982 0.7537499999999999 0.33805 0.75625 0.33805 0.76 0.3469 0.75875 0.34867 0.75625
1 0.47965 0.7775000000000001 0.48319 0.775 0.48319 0.77125 0.47611 0.77125 0.47257 0.7725 0.47257 0.7775000000000001 0.47965 0.7775000000000001
1 0.54867 0.7625 0.54867 0.7575000000000001 0.5433600000000001 0.7575000000000001 0.53982 0.75875 0.54159 0.76375 0.54867 0.7625
1 0.58938 0.7675 0.59292 0.76625 0.59469 0.7625 0.59292 0.76 0.58761 0.76 0.58407 0.76125 0.58407 0.7675 0.58938 0.7675
1 0.61593 0.765 0.61239 0.76875 0.61947 0.77 0.62124 0.77 0.62124 0.76375 0.61593 0.765
1 0.65133 0.7675 0.6548700000000001 0.765 0.65664 0.7625 0.6548700000000001 0.76 0.6495599999999999 0.76 0.64425 0.765 0.64779 0.7675 0.65133 0.7675
1 0.69204 0.76375 0.69558 0.76125 0.69381 0.75625 0.6885 0.7575000000000001 0.68496 0.76 0.6867300000000001 0.76375 0.69204 0.76375
1 0.74867 0.76 0.75398 0.76 0.75752 0.75875 0.75575 0.7525000000000001 0.75221 0.7537499999999999 0.75044 0.7537499999999999 0.74867 0.755 0.74867 0.76
1 0.8902699999999999 0.77125 0.8831899999999999 0.77125 0.87965 0.7737499999999999 0.88142 0.7775000000000001 0.8902699999999999 0.77625 0.89204 0.7737499999999999 0.8902699999999999 0.77125
1 0.61593 0.89 0.61947 0.8887499999999999 0.62124 0.88375 0.6176999999999999 0.8825 0.61062 0.88375 0.60885 0.8862500000000001 0.60885 0.8887499999999999 0.61239 0.89 0.61593 0.89
1 0.50442 0.885 0.50265 0.8875 0.5061899999999999 0.89 0.50973 0.89 0.51327 0.8887499999999999 0.51504 0.88375 0.5115000000000001 0.8825 0.50796 0.88375 0.5061899999999999 0.88375 0.50442 0.885
1 0.41416000000000003 0.8825 0.41769999999999996 0.8800000000000001 0.41593 0.875 0.41239 0.87625 0.40708 0.8775000000000001 0.40885 0.8825 0.41416000000000003 0.8825
1 0.46902999999999995 0.8862500000000001 0.47257 0.88375 0.47257 0.8787499999999999 0.46548999999999996 0.8787499999999999 0.46195 0.88125 0.46372 0.8862500000000001 0.46902999999999995 0.8862500000000001
1 0.14159 0.86625 0.14159 0.8712500000000001 0.15221 0.8699999999999999 0.15221 0.865 0.14159 0.86625
1 0.31327 0.8787499999999999 0.32212 0.8787499999999999 0.32566 0.87625 0.32389 0.8712500000000001 0.31858 0.8712500000000001 0.31504 0.87375 0.31327 0.87625 0.31327 0.8787499999999999
1 0.54159 0.8862500000000001 0.55044 0.885 0.54867 0.8787499999999999 0.54513 0.8787499999999999 0.54159 0.8800000000000001 0.53982 0.8825 0.54159 0.8862500000000001
0 0.51858 0.195 0.51681 0.19125 0.5115000000000001 0.19 0.50088 0.18875 0.48673 0.18875 0.48673 0.1925 0.49558 0.19375 0.50265 0.195 0.51858 0.195
0 0.70442 0.18125 0.70088 0.18 0.6885 0.17875000000000002 0.67611 0.17875000000000002 0.67434 0.1775 0.66372 0.1775 0.6654899999999999 0.1825 0.6973499999999999 0.185 0.70442 0.18375 0.70442 0.18125
0 0.9185800000000001 0.195 0.9168100000000001 0.19125 0.9115 0.19 0.9026500000000001 0.18875 0.8849600000000001 0.19 0.88673 0.1925 0.89381 0.1925 0.90442 0.195 0.9185800000000001 0.195
0 0.39292 0.2925 0.38938 0.2925 0.38938 0.29625 0.4 0.29625 0.40885 0.29375 0.41947 0.2925 0.41769999999999996 0.28875 0.40530999999999995 0.29 0.39469 0.29125 0.39292 0.2925
0 0.2885 0.29625 0.28673000000000004 0.2925 0.28142 0.29125 0.26726 0.29 0.24779 0.29 0.24956 0.29375 0.26195 0.29375 0.27434 0.29625 0.2885 0.29625
0 0.9061899999999999 0.3075 0.9185800000000001 0.3075 0.9185800000000001 0.30375 0.91327 0.30375 0.9115 0.3025 0.90442 0.3025 0.89558 0.3 0.8831899999999999 0.3 0.8831899999999999 0.30375 0.8885 0.30375 0.89735 0.30625 0.9061899999999999 0.3075
0 0.2885 0.40750000000000003 0.28673000000000004 0.40374999999999994 0.27788 0.4025 0.26372 0.40125 0.24779 0.40125 0.24779 0.40499999999999997 0.26017999999999997 0.40499999999999997 0.27610999999999997 0.40750000000000003 0.2885 0.40750000000000003
0 0.50442 0.41500000000000004 0.50088 0.41375 0.49381 0.4125 0.47788 0.41125 0.47434000000000004 0.4125 0.47611 0.41624999999999995 0.50088 0.41875 0.50442 0.41875 0.50442 0.41500000000000004
0 0.69912 0.40750000000000003 0.6973499999999999 0.40374999999999994 0.6885 0.40374999999999994 0.6867300000000001 0.4025 0.67434 0.40125 0.65664 0.40125 0.65841 0.40499999999999997 0.6708000000000001 0.40625 0.68496 0.40750000000000003 0.69912 0.40750000000000003
0 0.79823 0.40750000000000003 0.80708 0.40750000000000003 0.8177 0.40625 0.83009 0.40374999999999994 0.83009 0.40125 0.81593 0.40125 0.8053100000000001 0.40374999999999994 0.79823 0.40374999999999994 0.79823 0.40750000000000003
0 0.41416000000000003 0.5237499999999999 0.41947 0.5225 0.41947 0.52 0.41593 0.5175 0.40708 0.51625 0.38938 0.51625 0.38938 0.52 0.39469 0.52 0.39646 0.52125 0.41416000000000003 0.5237499999999999
0 0.81593 0.52125 0.82478 0.5237499999999999 0.83009 0.5237499999999999 0.83009 0.51875 0.8265499999999999 0.5175 0.81593 0.51625 0.8 0.51625 0.8 0.52 0.8053100000000001 0.52 0.80708 0.52125 0.81593 0.52125
0 0.6230100000000001 0.7462500000000001 0.62478 0.74375 0.62124 0.74125 0.61593 0.74 0.6070800000000001 0.73875 0.59646 0.73875 0.59292 0.74 0.59469 0.74375 0.60354 0.745 0.61416 0.7462500000000001 0.6230100000000001 0.7462500000000001
0 0.21593 0.74375 0.21239 0.74125 0.20531000000000002 0.74 0.19469 0.73875 0.18407 0.73875 0.18584 0.74375 0.19469 0.74375 0.20531000000000002 0.7462500000000001 0.21593 0.74375
0 0.6495599999999999 0.64 0.66726 0.6425 0.70265 0.6425 0.70265 0.63875 0.69381 0.63875 0.68319 0.63625 0.6708000000000001 0.63625 0.66903 0.6375 0.65841 0.6375 0.6230100000000001 0.635 0.5911500000000001 0.635 0.5911500000000001 0.63875 0.61593 0.63875 0.6176999999999999 0.64 0.6495599999999999 0.64
0 0.5433600000000001 0.8625 0.5646 0.865 0.58761 0.86625 0.6230100000000001 0.865 0.6230100000000001 0.86 0.58938 0.86 0.57168 0.8574999999999999 0.56283 0.8574999999999999 0.56106 0.86 0.55044 0.86 0.50973 0.85875 0.50796 0.8574999999999999 0.4708 0.8574999999999999 0.4708 0.8612500000000001 0.49734999999999996 0.8612500000000001 0.49912 0.8625 0.5433600000000001 0.8625