0 0.23009 0.27875 0.23009 0.28250000000000003 0.24779 0.28250000000000003 0.26017999999999997 0.27999999999999997 0.27788 0.27999999999999997 0.27788 0.275 0.26195 0.275 0.2531 0.27749999999999997 0.24247999999999997 0.27875 0.23009 0.27875
0 0.4708 0.27749999999999997 0.46902999999999995 0.28250000000000003 0.47611 0.28250000000000003 0.48495999999999995 0.27875 0.49027000000000004 0.27749999999999997 0.49734999999999996 0.27625 0.5061899999999999 0.275 0.5061899999999999 0.27125 0.49912 0.27125 0.49027000000000004 0.2725 0.47434000000000004 0.27625 0.4708 0.27749999999999997
0 0.72035 0.28250000000000003 0.72035 0.27875 0.71681 0.27749999999999997 0.70265 0.275 0.68496 0.275 0.68496 0.27875 0.69558 0.27875 0.7115 0.28250000000000003 0.72035 0.28250000000000003
0 0.88142 0.27125 0.87788 0.27125 0.87788 0.275 0.88673 0.275 0.89381 0.27375 0.9061899999999999 0.27 0.91327 0.26875 0.9221199999999999 0.265 0.9079599999999999 0.265 0.9008800000000001 0.26625 0.8885 0.26875 0.88142 0.27125
0 0.24779 0.39125 0.24602 0.39249999999999996 0.23717000000000002 0.39249999999999996 0.23186 0.395 0.23186 0.4 0.23717000000000002 0.4 0.24070999999999998 0.39875 0.24425 0.39625 0.25487000000000004 0.395 0.26726 0.395 0.27434 0.39375 0.27610999999999997 0.39249999999999996 0.27965 0.39249999999999996 0.27788 0.3875 0.26726 0.3875 0.26017999999999997 0.38875000000000004 0.25664 0.39125 0.24779 0.39125
0 0.44071 0.4 0.44602 0.4 0.44602 0.395 0.44248000000000004 0.39375 0.43716999999999995 0.39249999999999996 0.42301 0.39125 0.41416000000000003 0.39125 0.41416000000000003 0.395 0.41769999999999996 0.39625 0.43009000000000003 0.39625 0.44071 0.4
0 0.52035 0.40750000000000003 0.52035 0.39875 0.4708 0.39875 0.4708 0.4025 0.49912 0.40374999999999994 0.49912 0.40750000000000003 0.52035 0.40750000000000003
0 0.87788 0.40125 0.87788 0.40499999999999997 0.89381 0.40499999999999997 0.8991199999999999 0.4025 0.9061899999999999 0.40125 0.91327 0.40125 0.92035 0.4 0.9238899999999999 0.39875 0.9238899999999999 0.395 0.91504 0.395 0.8991199999999999 0.3975 0.88673 0.40125 0.87788 0.40125
0 0.26549 0.5225 0.25841 0.5237499999999999 0.25487000000000004 0.525 0.25487000000000004 0.5287499999999999 0.26372 0.5287499999999999 0.28496 0.525 0.2885 0.5237499999999999 0.29027 0.51875 0.28319 0.51875 0.27788 0.52125 0.27080000000000004 0.5225 0.26549 0.5225
0 0.21061999999999997 0.7725 0.21061999999999997 0.76875 0.20708000000000001 0.76875 0.20531000000000002 0.7675 0.19823 0.76625 0.18053 0.765 0.17345 0.765 0.17522 0.77 0.19115 0.77 0.2 0.7725 0.21061999999999997 0.7725
0 0.41593 0.7725 0.42655000000000004 0.76875 0.42123999999999995 0.7675 0.41062000000000004 0.7675 0.4 0.765 0.38938 0.765 0.38938 0.76875 0.39469 0.76875 0.40354 0.77125 0.41593 0.7725
0 0.67434 0.76375 0.67257 0.765 0.66903 0.765 0.66903 0.76875 0.67965 0.76875 0.6867300000000001 0.7675 0.70265 0.7625 0.70619 0.7625 0.70619 0.75875 0.69558 0.75875 0.69027 0.76 0.67965 0.76375 0.67434 0.76375
0 0.83894 0.77 0.84602 0.7725 0.8584099999999999 0.7725 0.8584099999999999 0.76875 0.8513299999999999 0.76875 0.84602 0.76625 0.8353999999999999 0.765 0.8177 0.765 0.8177 0.76875 0.82478 0.76875 0.8265499999999999 0.77 0.83894 0.77
0 0.33628 0.65125 0.34867 0.65125 0.36283 0.6537499999999999 0.38407 0.655 0.4 0.655 0.39823 0.645 0.38584 0.64375 0.36106 0.64375 0.3469 0.64125 0.33628 0.64125 0.33628 0.645 0.34159 0.64625 0.33628 0.6475 0.33628 0.65125
0 0.49734999999999996 0.5225 0.50442 0.5225 0.50265 0.5175 0.49734999999999996 0.51625 0.49027000000000004 0.515 0.46902999999999995 0.515 0.46902999999999995 0.51875 0.48141999999999996 0.51875 0.49027000000000004 0.52 0.49734999999999996 0.5225
0 0.66195 0.395 0.66195 0.39875 0.67434 0.39875 0.6814199999999999 0.39625 0.69558 0.395 0.70796 0.395 0.70796 0.39125 0.69027 0.39125 0.67611 0.39249999999999996 0.66726 0.395 0.66195 0.395
0 0.29912 0.14750000000000002 0.29027 0.14750000000000002 0.29203999999999997 0.1525 0.30265 0.1525 0.3292 0.14625 0.33274 0.145 0.33274 0.14125000000000001 0.32566 0.14125000000000001 0.31858 0.14375 0.30088 0.145 0.29912 0.14750000000000002
0 0.82301 0.15875 0.84071 0.15875 0.84779 0.1575 0.8531000000000001 0.15625 0.85664 0.155 0.85664 0.15125 0.84956 0.15125 0.83363 0.155 0.82301 0.155 0.82301 0.15875
1 0.13628 0.915 0.13451 0.9099999999999999 0.12566 0.9099999999999999 0.12212 0.9125 0.12212 0.9175000000000001 0.13274 0.9175000000000001 0.13628 0.915
1 0.32566 0.89625 0.31327 0.8975 0.31504 0.9037499999999999 0.32212 0.9037499999999999 0.32566 0.9 0.32566 0.89625
1 0.17522 0.79125 0.17345 0.78625 0.16814 0.78625 0.1646 0.7887500000000001 0.1646 0.79375 0.17345 0.79375 0.17522 0.79125
1 0.20354 0.79 0.19823 0.79375 0.19823 0.7975 0.21061999999999997 0.7975 0.20884999999999998 0.79 0.20354 0.79
1 0.24779 0.79375 0.23894 0.79375 0.2354 0.79625 0.2354 0.8012499999999999 0.24070999999999998 0.8012499999999999 0.24779 0.79875 0.24779 0.79375
1 0.3823 0.795 0.38938 0.79375 0.39115 0.79125 0.38938 0.78625 0.38407 0.78625 0.38053 0.7875 0.37876 0.79375 0.3823 0.795
1 0.42655000000000004 0.795 0.42478 0.79 0.41593 0.79 0.41416000000000003 0.7925 0.41416000000000003 0.7975 0.42301 0.7975 0.42655000000000004 0.795
1 0.46195 0.79375 0.45487 0.79375 0.45133 0.795 0.45133 0.8012499999999999 0.46018 0.8012499999999999 0.46195 0.79875 0.46195 0.79375
1 0.5539799999999999 0.79375 0.54513 0.79375 0.54159 0.79625 0.54159 0.8 0.54513 0.8012499999999999 0.5539799999999999 0.8 0.5539799999999999 0.79375
1 0.6654899999999999 0.795 0.66903 0.79375 0.6708000000000001 0.78625 0.6654899999999999 0.78625 0.66195 0.7875 0.66018 0.795 0.6654899999999999 0.795
1 0.70442 0.78 0.69558 0.78 0.69204 0.7825 0.69381 0.7875 0.69912 0.7875 0.70265 0.78625 0.70442 0.78
1 0.8831899999999999 0.795 0.8831899999999999 0.8012499999999999 0.89381 0.8 0.89381 0.79375 0.8831899999999999 0.795
1 0.8584099999999999 0.795 0.85664 0.79 0.84956 0.79 0.84602 0.7925 0.84602 0.7975 0.85487 0.7975 0.8584099999999999 0.795
1 0.8194699999999999 0.79375 0.8212400000000001 0.79125 0.8212400000000001 0.78625 0.81416 0.78625 0.8106199999999999 0.7875 0.80885 0.79375 0.8194699999999999 0.79375
1 0.12743 0.6525000000000001 0.11857999999999999 0.6525000000000001 0.11504 0.655 0.11681 0.6599999999999999 0.12388999999999999 0.6599999999999999 0.12743 0.6587500000000001 0.12743 0.6525000000000001
1 0.2 0.65625 0.19646 0.6587500000000001 0.19646 0.6625 0.20884999999999998 0.6625 0.20708000000000001 0.65625 0.2 0.65625
1 0.24779 0.65625 0.24779 0.6525000000000001 0.24070999999999998 0.6525000000000001 0.23717000000000002 0.655 0.23717000000000002 0.6587500000000001 0.24602 0.6587500000000001 0.24779 0.65625
1 0.33805 0.6637500000000001 0.32743 0.665 0.3292 0.67125 0.33451 0.67125 0.33805 0.66875 0.33805 0.6637500000000001
1 0.35929 0.67125 0.35752 0.66625 0.35044 0.66625 0.3469 0.66875 0.3469 0.67375 0.35575 0.67375 0.35929 0.67125
1 0.37876 0.675 0.37699 0.67 0.37168 0.67 0.36814 0.6725 0.36814 0.6775 0.37699 0.6775 0.37876 0.675
1 0.39823 0.66625 0.39115 0.66625 0.38761 0.6675 0.38761 0.67375 0.39646 0.67375 0.39823 0.67125 0.39823 0.66625
1 0.40708 0.6675 0.40708 0.67125 0.41593 0.67125 0.41947 0.66875 0.41947 0.6625 0.41239 0.6625 0.40885 0.6637500000000001 0.40885 0.66625 0.40708 0.6675
1 0.47611 0.67375 0.48495999999999995 0.67375 0.4885 0.67125 0.48673 0.66625 0.48141999999999996 0.66625 0.47788 0.6675 0.47611 0.67 0.47611 0.67375
1 0.5592900000000001 0.675 0.55752 0.67 0.54867 0.67125 0.5469 0.67375 0.5469 0.6775 0.55752 0.6775 0.5592900000000001 0.675
1 0.70442 0.6637500000000001 0.69381 0.6637500000000001 0.69381 0.67125 0.69912 0.67125 0.70265 0.67 0.70442 0.6637500000000001
1 0.76814 0.67375 0.77168 0.67125 0.77168 0.66625 0.76637 0.66625 0.75929 0.66875 0.75929 0.67375 0.76814 0.67375
1 0.80708 0.67875 0.8106199999999999 0.6775 0.8106199999999999 0.67 0.8035399999999999 0.67 0.8 0.67375 0.80177 0.67875 0.80708 0.67875
1 0.88673 0.67 0.87788 0.67 0.8743399999999999 0.67125 0.8743399999999999 0.6775 0.8831899999999999 0.6775 0.88673 0.675 0.88673 0.67
1 0.12035 0.54 0.11327000000000001 0.54 0.10973 0.5425 0.10973 0.5475 0.11857999999999999 0.5475 0.12212 0.54625 0.12035 0.54
1 0.15398 0.55125 0.15398 0.5475 0.14513 0.5475 0.14159 0.55 0.14159 0.55375 0.14513 0.5549999999999999 0.15221 0.55375 0.15398 0.55125
1 0.20708000000000001 0.5549999999999999 0.21061999999999997 0.5525 0.21061999999999997 0.54625 0.20354 0.54625 0.2 0.54875 0.20177 0.5549999999999999 0.20708000000000001 0.5549999999999999
1 0.25133 0.5549999999999999 0.25664 0.55125 0.25664 0.5475 0.24779 0.5475 0.24425 0.55 0.24602 0.5549999999999999 0.25133 0.5549999999999999
1 0.2885 0.54625 0.28673000000000004 0.54 0.27965 0.54 0.27610999999999997 0.5425 0.27788 0.5475 0.28319 0.5475 0.28496 0.54625 0.2885 0.54625
1 0.33274 0.55125 0.33628 0.54875 0.33628 0.5425 0.3292 0.5425 0.32566 0.545 0.32566 0.55125 0.33274 0.55125
1 0.36814 0.5475 0.35752 0.54875 0.35929 0.5549999999999999 0.36637 0.5549999999999999 0.36814 0.5525 0.36814 0.5475
1 0.42478 0.54625 0.41769999999999996 0.54625 0.41416000000000003 0.5475 0.41593 0.5549999999999999 0.42301 0.5549999999999999 0.42655000000000004 0.5525 0.42478 0.54625
1 0.4708 0.54375 0.4708 0.54 0.46195 0.54 0.46018 0.5425 0.46195 0.5475 0.46902999999999995 0.54625 0.4708 0.54375
1 0.49204 0.545 0.49204 0.55 0.50265 0.54875 0.50265 0.54375 0.49204 0.545
1 0.55221 0.5549999999999999 0.5539799999999999 0.55375 0.55752 0.55375 0.5592900000000001 0.55125 0.55752 0.54625 0.55221 0.54625 0.54867 0.5475 0.5469 0.5549999999999999 0.55221 0.5549999999999999
1 0.70619 0.5375 0.70442 0.5325 0.69558 0.5337500000000001 0.69381 0.53625 0.69381 0.54 0.70442 0.54 0.70619 0.5375
1 0.76991 0.5287499999999999 0.76106 0.5287499999999999 0.75752 0.53 0.75752 0.53625 0.76814 0.5349999999999999 0.76991 0.5325 0.76991 0.5287499999999999
1 0.8177 0.5375 0.81593 0.5325 0.8106199999999999 0.5325 0.80708 0.5337500000000001 0.8053100000000001 0.5387500000000001 0.80885 0.54 0.81416 0.54 0.8177 0.5375
1 0.8672599999999999 0.5225 0.8584099999999999 0.5225 0.85664 0.525 0.85664 0.5287499999999999 0.8672599999999999 0.5275000000000001 0.8672599999999999 0.5225
1 0.91504 0.5325 0.9185800000000001 0.53 0.9168100000000001 0.525 0.9115 0.525 0.9061899999999999 0.5275000000000001 0.9079599999999999 0.5325 0.91504 0.5325
1 0.12743 0.41125 0.1292 0.40875000000000006 0.1292 0.40499999999999997 0.12212 0.40499999999999997 0.11681 0.40750000000000003 0.11681 0.4125 0.12743 0.41125
1 0.23186 0.41624999999999995 0.22654999999999997 0.41624999999999995 0.22301 0.4175 0.22301 0.42374999999999996 0.23186 0.42374999999999996 0.23363 0.42125 0.23186 0.41624999999999995
1 0.27434 0.40875000000000006 0.26903 0.40875000000000006 0.26549 0.41125 0.26549 0.41624999999999995 0.27257 0.41624999999999995 0.27610999999999997 0.41500000000000004 0.27434 0.40875000000000006
1 0.3823 0.41624999999999995 0.38584 0.41500000000000004 0.38761 0.4125 0.38761 0.40875000000000006 0.38053 0.40875000000000006 0.37699 0.41 0.37699 0.41624999999999995 0.3823 0.41624999999999995
1 0.41416000000000003 0.4125 0.40708 0.4125 0.40354 0.41500000000000004 0.40530999999999995 0.42000000000000004 0.41062000000000004 0.42000000000000004 0.41416000000000003 0.41875 0.41416000000000003 0.4125
1 0.43894 0.42374999999999996 0.44248000000000004 0.4225 0.44248000000000004 0.41624999999999995 0.43716999999999995 0.41624999999999995 0.43362999999999996 0.4175 0.43362999999999996 0.42374999999999996 0.43894 0.42374999999999996
1 0.50265 0.42750000000000005 0.50265 0.42374999999999996 0.49381 0.42374999999999996 0.49027000000000004 0.42625 0.49027000000000004 0.43 0.49912 0.43 0.50265 0.42750000000000005
1 0.51681 0.42000000000000004 0.50973 0.42000000000000004 0.5061899999999999 0.4225 0.50796 0.42750000000000005 0.51327 0.42750000000000005 0.51858 0.425 0.51681 0.42000000000000004
1 0.55752 0.41624999999999995 0.55044 0.41624999999999995 0.5469 0.4175 0.5469 0.42374999999999996 0.55221 0.42374999999999996 0.5592900000000001 0.42125 0.55752 0.41624999999999995
1 0.66195 0.43 0.66195 0.42374999999999996 0.6531 0.42374999999999996 0.65133 0.42625 0.65133 0.43 0.6548700000000001 0.43125 0.66195 0.43
1 0.70619 0.425 0.70442 0.42000000000000004 0.69912 0.42000000000000004 0.69558 0.4225 0.6973499999999999 0.42750000000000005 0.70442 0.42750000000000005 0.70619 0.425
1 0.7646 0.43125 0.76814 0.43125 0.77345 0.42750000000000005 0.77168 0.4225 0.76637 0.4225 0.76106 0.42625 0.76106 0.42874999999999996 0.7646 0.43125
1 0.8708 0.43125 0.8743399999999999 0.43125 0.87965 0.42750000000000005 0.87788 0.42374999999999996 0.87257 0.42374999999999996 0.8690300000000001 0.425 0.8672599999999999 0.42874999999999996 0.8708 0.43125
1 0.9168100000000001 0.42750000000000005 0.9221199999999999 0.42374999999999996 0.9221199999999999 0.42000000000000004 0.9185800000000001 0.41875 0.91327 0.41875 0.9079599999999999 0.4225 0.9079599999999999 0.42625 0.9115 0.42750000000000005 0.9168100000000001 0.42750000000000005
1 0.12743 0.3 0.12035 0.3 0.11681 0.3025 0.11857999999999999 0.3075 0.12388999999999999 0.3075 0.1292 0.305 0.12743 0.3
1 0.22832 0.3075 0.23363 0.30375 0.23186 0.3 0.22654999999999997 0.3 0.22301 0.30125 0.22301 0.3075 0.22832 0.3075
1 0.27257 0.30375 0.27610999999999997 0.30125 0.27610999999999997 0.29625 0.26903 0.29625 0.26549 0.29874999999999996 0.26549 0.30375 0.27257 0.30375
1 0.47257 0.425 0.4708 0.42000000000000004 0.46548999999999996 0.42000000000000004 0.46195 0.4225 0.46372 0.42750000000000005 0.46902999999999995 0.42750000000000005 0.47257 0.425
1 0.33274 0.4125 0.33451 0.41 0.33451 0.40499999999999997 0.3292 0.40499999999999997 0.32566 0.40625 0.32389 0.4125 0.33274 0.4125
1 0.32743 0.29375 0.32566 0.29625 0.32743 0.3 0.33274 0.3 0.33805 0.29500000000000004 0.33628 0.2925 0.32743 0.29375
1 0.3646 0.3075 0.36991 0.30375 0.36814 0.3 0.36106 0.3 0.35752 0.3025 0.35929 0.3075 0.3646 0.3075
1 0.42655000000000004 0.3 0.41593 0.30125 0.41416000000000003 0.30375 0.41593 0.3075 0.42123999999999995 0.3075 0.42655000000000004 0.30375 0.42655000000000004 0.3
1 0.47257 0.3025 0.4708 0.3 0.46372 0.3 0.46018 0.3025 0.46195 0.3075 0.46726 0.3075 0.4708 0.30625 0.47257 0.3025
1 0.49912 0.3 0.50265 0.2975 0.50265 0.2925 0.49734999999999996 0.2925 0.49204 0.29625 0.49381 0.3 0.49912 0.3
1 0.55044 0.3025 0.55044 0.29625 0.5433600000000001 0.29625 0.53982 0.3 0.54159 0.30375 0.5469 0.30375 0.55044 0.3025
1 0.58053 0.3075 0.58407 0.305 0.5823 0.3 0.57699 0.3 0.57345 0.30125 0.57345 0.3075 0.58053 0.3075
1 0.6389400000000001 0.30625 0.64071 0.30375 0.6389400000000001 0.3 0.6336299999999999 0.3 0.63009 0.3025 0.63186 0.3075 0.6389400000000001 0.30625
1 0.6867300000000001 0.30125 0.68496 0.29625 0.67788 0.29625 0.67434 0.29874999999999996 0.67434 0.30375 0.68319 0.30375 0.6867300000000001 0.30125
1 0.71327 0.3075 0.71858 0.30375 0.71681 0.3 0.7115 0.3 0.70619 0.30375 0.70796 0.3075 0.71327 0.3075
1 0.76991 0.3075 0.77345 0.305 0.77345 0.3 0.76637 0.3 0.76283 0.3025 0.7646 0.3075 0.76991 0.3075
1 0.87611 0.3 0.87965 0.2975 0.87788 0.2925 0.87257 0.2925 0.8672599999999999 0.29625 0.8690300000000001 0.3 0.87611 0.3
1 0.92035 0.28625 0.91327 0.28625 0.90973 0.28875 0.9115 0.2925 0.9168100000000001 0.2925 0.92035 0.29125 0.92035 0.28625
1 0.29203999999999997 0.17375000000000002 0.29027 0.16999999999999998 0.28319 0.16999999999999998 0.27965 0.17250000000000001 0.28142 0.17625 0.2885 0.17625 0.29203999999999997 0.17375000000000002
1 0.32212 0.16375 0.32035 0.16625 0.32035 0.16875 0.3292 0.16875 0.33274 0.16625 0.33097 0.1625 0.32212 0.16375
1 0.4 0.15875 0.39646 0.16125 0.39646 0.16499999999999998 0.40708 0.16375 0.40708 0.15875 0.4 0.15875
1 0.8531000000000001 0.18 0.85487 0.1775 0.85487 0.17250000000000001 0.84956 0.17250000000000001 0.8442500000000001 0.17625 0.8442500000000001 0.18 0.8531000000000001 0.18
1 0.87611 0.16999999999999998 0.87257 0.17250000000000001 0.8743399999999999 0.17625 0.8831899999999999 0.175 0.8831899999999999 0.16999999999999998 0.87611 0.16999999999999998
1 0.92035 0.18 0.9238899999999999 0.1775 0.9221199999999999 0.17250000000000001 0.9185800000000001 0.17250000000000001 0.91504 0.17375000000000002 0.91504 0.18 0.92035 0.18
1 0.47434000000000004 0.16499999999999998 0.47611 0.1625 0.47434000000000004 0.15875 0.46902999999999995 0.15875 0.46548999999999996 0.16125 0.46726 0.16625 0.47434000000000004 0.16499999999999998
1 0.53097 0.16999999999999998 0.5274300000000001 0.17250000000000001 0.5274300000000001 0.17625 0.5380499999999999 0.175 0.5380499999999999 0.16999999999999998 0.53097 0.16999999999999998
1 0.8212400000000001 0.18375 0.82478 0.18125 0.82478 0.17625 0.8194699999999999 0.17625 0.81416 0.18 0.81593 0.18375 0.8212400000000001 0.18375
1 0.59292 0.1625 0.58938 0.16499999999999998 0.5911500000000001 0.16875 0.60531 0.16875 0.60354 0.1625 0.59292 0.1625