1 0.18390486718750002 0.130859375 0.17699115 0.1357421875 0.17837389374999998 0.138671875 0.18667035468749998 0.138671875 0.188053096875 0.1376953125 0.19081858437500002 0.1357421875 0.19081858437500002 0.1337890625 0.18667035468749998 0.130859375 0.18390486718750002 0.130859375
1 0.244745575 0.1171875 0.24336283124999997 0.1201171875 0.24059734531250002 0.1220703125 0.24059734531250002 0.1240234375 0.244745575 0.126953125 0.2488938046875 0.1259765625 0.25442477812500003 0.1220703125 0.25442477812500003 0.1181640625 0.25304203593749997 0.1171875 0.244745575 0.1171875
1 0.3166482296875 0.1171875 0.3083517703125 0.1171875 0.30696902656249997 0.1181640625 0.30420353906250003 0.1240234375 0.3083517703125 0.126953125 0.3097345125 0.1259765625 0.31388274374999997 0.125 0.31803097343750003 0.1220703125 0.31803097343750003 0.1181640625 0.3166482296875 0.1171875
1 0.37472345156250003 0.1171875 0.36780973437500003 0.1220703125 0.37195796406250003 0.125 0.3774889375 0.125 0.37887168125000004 0.1240234375 0.38163716875000003 0.1220703125 0.38163716875000003 0.1181640625 0.380254425 0.1171875 0.37472345156250003 0.1171875
1 0.46321902656249997 0.1171875 0.459070796875 0.1201171875 0.459070796875 0.1240234375 0.46045353906250003 0.125 0.46598451250000006 0.125 0.46736725625000003 0.1240234375 0.47013274374999997 0.1220703125 0.47013274374999997 0.1181640625 0.46875 0.1171875 0.46321902656249997 0.1171875
1 0.5226769906250001 0.1162109375 0.5226769906250001 0.1201171875 0.524059734375 0.12109375 0.5323561953125 0.12109375 0.5337389375 0.1201171875 0.5337389375 0.1142578125 0.5323561953125 0.11328125 0.526825221875 0.11328125 0.5226769906250001 0.1162109375
1 0.590431415625 0.1171875 0.5862831859375001 0.1201171875 0.5862831859375001 0.1240234375 0.5876659296875 0.125 0.5959623890625 0.125 0.5973451328125 0.1240234375 0.5973451328125 0.1220703125 0.6001106187499999 0.1201171875 0.5959623890625 0.1171875 0.590431415625 0.1171875
1 0.6498893812500001 0.1240234375 0.6498893812500001 0.1279296875 0.6512721234375001 0.12890625 0.6568030968749999 0.12890625 0.6581858406250001 0.1279296875 0.6637168140624999 0.1240234375 0.6623340703125 0.12109375 0.6540376109375 0.12109375 0.6498893812500001 0.1240234375
1 0.745298671875 0.1171875 0.7411504421874999 0.1201171875 0.7411504421874999 0.1240234375 0.7425331859375001 0.125 0.7480641593749999 0.125 0.7494469031250001 0.1240234375 0.7522123890625 0.1220703125 0.7522123890625 0.1181640625 0.7508296453125001 0.1171875 0.745298671875 0.1171875
1 0.8172013281250001 0.1171875 0.8130530968749999 0.1201171875 0.8130530968749999 0.1240234375 0.814435840625 0.125 0.8199668140625 0.125 0.8213495578125001 0.1240234375 0.82411504375 0.1220703125 0.82411504375 0.1181640625 0.8227323015625 0.1171875 0.8172013281250001 0.1171875
1 0.9056969031250001 0.125 0.904314159375 0.1259765625 0.904314159375 0.1318359375 0.9056969031250001 0.1328125 0.9112278765624999 0.1328125 0.9126106187499999 0.1318359375 0.9153761062499999 0.1298828125 0.9153761062499999 0.1259765625 0.9139933625 0.125 0.9056969031250001 0.125
1 0.100940265625 0.21484375 0.09679203593749999 0.2177734375 0.09679203593749999 0.2216796875 0.098174778125 0.22265625 0.10370575156249999 0.22265625 0.1050884953125 0.2216796875 0.1078539828125 0.2197265625 0.1078539828125 0.2158203125 0.1064712390625 0.21484375 0.100940265625 0.21484375
1 0.18390486718750002 0.2109375 0.17975663749999998 0.2138671875 0.17975663749999998 0.2177734375 0.18113938125 0.21875 0.18943584062500002 0.21875 0.19081858437500002 0.2177734375 0.19081858437500002 0.2158203125 0.1935840703125 0.2138671875 0.192201328125 0.2109375 0.18390486718750002 0.2109375
1 0.22538716875000003 0.21484375 0.22123893749999998 0.2177734375 0.22123893749999998 0.2216796875 0.22262168125 0.22265625 0.2309181421875 0.22265625 0.232300884375 0.2216796875 0.23506637187499999 0.2197265625 0.23506637187499999 0.2158203125 0.23368362812500001 0.21484375 0.22538716875000003 0.21484375
1 0.26686946875 0.2109375 0.2627212390625 0.2138671875 0.2627212390625 0.2177734375 0.26410398281249997 0.21875 0.27240044218750004 0.21875 0.2737831859375 0.2177734375 0.276548671875 0.2158203125 0.276548671875 0.2119140625 0.27516592968750003 0.2109375 0.26686946875 0.2109375
1 0.3277101765625 0.21484375 0.323561946875 0.2177734375 0.323561946875 0.2216796875 0.32494469062500003 0.22265625 0.3304756640625 0.22265625 0.3318584078125 0.2216796875 0.33462389375 0.2197265625 0.33462389375 0.2158203125 0.33324115 0.21484375 0.3277101765625 0.21484375
1 0.40790929218749994 0.21484375 0.40652654843749997 0.2177734375 0.4037610625 0.2197265625 0.40790929218749994 0.22265625 0.41344026562499997 0.22265625 0.41482300937499994 0.2216796875 0.41758849531250003 0.2197265625 0.41758849531250003 0.2158203125 0.41620575156250006 0.21484375 0.40790929218749994 0.21484375
1 0.47704646093749997 0.216796875 0.47013274374999997 0.2216796875 0.47013274374999997 0.2255859375 0.47151548749999994 0.2265625 0.47704646093749997 0.2265625 0.478429203125 0.2255859375 0.4839601765625 0.2216796875 0.4839601765625 0.2197265625 0.47981194687500006 0.216796875 0.47704646093749997 0.216796875
1 0.5185287609375 0.21484375 0.5171460171875 0.2177734375 0.5143805312499999 0.2197265625 0.5185287609375 0.22265625 0.524059734375 0.22265625 0.525442478125 0.2216796875 0.5282079640624999 0.2197265625 0.5282079640624999 0.2158203125 0.526825221875 0.21484375 0.5185287609375 0.21484375
1 0.5613938046875 0.2138671875 0.5613938046875 0.2177734375 0.5627765484375 0.21875 0.5710730093749999 0.21875 0.5724557515625001 0.2177734375 0.5724557515625001 0.2119140625 0.5710730093749999 0.2109375 0.5655420359375001 0.2109375 0.5613938046875 0.2138671875
1 0.6319137171875 0.21484375 0.6291482296875001 0.21484375 0.625 0.2177734375 0.625 0.2216796875 0.62638274375 0.22265625 0.6319137171875 0.22265625 0.6332964609375 0.2216796875 0.638827434375 0.2177734375 0.638827434375 0.2158203125 0.6346792031249999 0.212890625 0.6319137171875 0.21484375
1 0.725940265625 0.216796875 0.723174778125 0.21875 0.7190265484375 0.2197265625 0.7190265484375 0.2255859375 0.7204092921874999 0.2265625 0.725940265625 0.2265625 0.7273230093749999 0.2255859375 0.7328539828125 0.2216796875 0.7328539828125 0.2197265625 0.7287057515625001 0.216796875 0.725940265625 0.216796875
1 0.8033738937500001 0.220703125 0.8006084078125 0.22265625 0.7964601765625 0.2236328125 0.7964601765625 0.2275390625 0.8006084078125 0.23046875 0.8019911499999999 0.2294921875 0.8075221234375001 0.2275390625 0.8075221234375001 0.2216796875 0.8061393812500001 0.220703125 0.8033738937500001 0.220703125
1 0.8780420359375001 0.224609375 0.8738938046875001 0.2275390625 0.8738938046875001 0.2314453125 0.8752765484375 0.232421875 0.8835730093749999 0.232421875 0.8849557515625 0.2314453125 0.8877212390624999 0.2294921875 0.8877212390624999 0.2275390625 0.8835730093749999 0.224609375 0.8780420359375001 0.224609375
1 0.12029867187500001 0.3125 0.1161504421875 0.3154296875 0.1161504421875 0.3173828125 0.12029867187500001 0.3203125 0.124446903125 0.3193359375 0.12721238906250001 0.3173828125 0.12721238906250001 0.3134765625 0.12582964531250002 0.3125 0.12029867187500001 0.3125
1 0.18943584062500002 0.30859375 0.18528761093749999 0.3115234375 0.18528761093749999 0.3154296875 0.18667035468749998 0.31640625 0.192201328125 0.31640625 0.1935840703125 0.3154296875 0.19634955781250002 0.3134765625 0.19634955781250002 0.3095703125 0.1949668140625 0.30859375 0.18943584062500002 0.30859375
1 0.258573009375 0.3046875 0.25442477812500003 0.3076171875 0.25442477812500003 0.3115234375 0.255807521875 0.3125 0.26133849531250003 0.3125 0.2627212390625 0.3115234375 0.26548672500000003 0.3095703125 0.26548672500000003 0.3056640625 0.26410398281249997 0.3046875 0.258573009375 0.3046875
1 0.32079646093749997 0.3056640625 0.32494469062500003 0.30859375 0.33324115 0.30859375 0.33462389375 0.3076171875 0.33462389375 0.3017578125 0.33324115 0.30078125 0.3277101765625 0.30078125 0.32079646093749997 0.3056640625
1 0.4272676984375 0.310546875 0.42035398281249997 0.3154296875 0.42035398281249997 0.3173828125 0.42450221250000003 0.3203125 0.4286504421875 0.3193359375 0.434181415625 0.3173828125 0.434181415625 0.3134765625 0.43003318593750006 0.310546875 0.4272676984375 0.310546875
1 0.6139380531249999 0.3154296875 0.6139380531249999 0.3173828125 0.6180862828125 0.3203125 0.6222345125000001 0.3193359375 0.6277654874999999 0.3154296875 0.62638274375 0.3125 0.6180862828125 0.3125 0.6139380531249999 0.3154296875
1 0.723174778125 0.30859375 0.7217920359375001 0.3115234375 0.7190265484375 0.3134765625 0.723174778125 0.31640625 0.7287057515625001 0.31640625 0.7300884953125 0.3154296875 0.7328539828125 0.3134765625 0.7328539828125 0.3095703125 0.7314712390625 0.30859375 0.723174778125 0.30859375
1 0.795077434375 0.3046875 0.7881637171875 0.3095703125 0.7923119468750001 0.3125 0.7978429203124999 0.3125 0.7992256640625001 0.3115234375 0.8019911499999999 0.3095703125 0.8019911499999999 0.3056640625 0.8006084078125 0.3046875 0.795077434375 0.3046875
1 0.8642146015625001 0.30078125 0.857300884375 0.3056640625 0.8586836281249999 0.30859375 0.8669800890625 0.30859375 0.86836283125 0.3076171875 0.87112831875 0.3056640625 0.87112831875 0.3017578125 0.8697455749999999 0.30078125 0.8642146015625001 0.30078125
1 0.9305862828125001 0.30859375 0.9264380531249999 0.3115234375 0.9264380531249999 0.3154296875 0.927820796875 0.31640625 0.93611725625 0.31640625 0.9375 0.3154296875 0.9375 0.3134765625 0.9402654874999999 0.3115234375 0.93888274375 0.30859375 0.9305862828125001 0.30859375
1 0.10370575156249999 0.3984375 0.10232300937500001 0.4013671875 0.099557521875 0.4033203125 0.10370575156249999 0.40625 0.10923672499999999 0.40625 0.11061946874999999 0.4052734375 0.11338495625 0.4033203125 0.11338495625 0.3994140625 0.1120022125 0.3984375 0.10370575156249999 0.3984375
1 0.2488938046875 0.4130859375 0.2516592921875 0.4072265625 0.244745575 0.40625 0.24059734531250002 0.4111328125 0.2488938046875 0.4130859375
1 0.31388274374999997 0.40234375 0.3125 0.4052734375 0.3097345125 0.4072265625 0.31388274374999997 0.41015625 0.3194137171875 0.41015625 0.32079646093749997 0.4091796875 0.323561946875 0.4072265625 0.323561946875 0.4033203125 0.32217920312500004 0.40234375 0.31388274374999997 0.40234375
1 0.41344026562499997 0.3984375 0.4092920359375 0.4013671875 0.4092920359375 0.4052734375 0.41067477812500003 0.40625 0.41620575156250006 0.40625 0.41758849531250003 0.4052734375 0.42035398281249997 0.4033203125 0.42035398281249997 0.3994140625 0.4189712390625 0.3984375 0.41344026562499997 0.3984375
1 0.478429203125 0.4091796875 0.478429203125 0.4111328125 0.482577434375 0.4140625 0.48672566406250006 0.4130859375 0.4922566375 0.4091796875 0.49087389375 0.40625 0.482577434375 0.40625 0.478429203125 0.4091796875
1 0.5517146015625001 0.412109375 0.547566371875 0.4150390625 0.547566371875 0.4189453125 0.5489491156249999 0.419921875 0.5572455749999999 0.419921875 0.5586283187500001 0.4189453125 0.5586283187500001 0.4169921875 0.5613938046875 0.4150390625 0.5600110625 0.412109375 0.5517146015625001 0.412109375
1 0.6208517703124999 0.40625 0.6167035390625 0.4091796875 0.6167035390625 0.4111328125 0.6208517703124999 0.4140625 0.62638274375 0.4140625 0.6277654874999999 0.4130859375 0.6305309734375 0.4111328125 0.6305309734375 0.4072265625 0.6291482296875001 0.40625 0.6208517703124999 0.40625
1 0.723174778125 0.40625 0.7190265484375 0.4091796875 0.7190265484375 0.4130859375 0.7204092921874999 0.4140625 0.725940265625 0.4140625 0.7273230093749999 0.4130859375 0.7300884953125 0.4111328125 0.7300884953125 0.4072265625 0.7287057515625001 0.40625 0.723174778125 0.40625
1 0.1161504421875 0.4814453125 0.1161504421875 0.4853515625 0.11753318593749999 0.486328125 0.123064159375 0.486328125 0.124446903125 0.4853515625 0.12997787656249998 0.4814453125 0.12582964531250002 0.478515625 0.12029867187500001 0.478515625 0.1161504421875 0.4814453125
1 0.18667035468749998 0.478515625 0.18528761093749999 0.4794921875 0.18528761093749999 0.4853515625 0.18667035468749998 0.486328125 0.192201328125 0.486328125 0.1935840703125 0.4853515625 0.19634955781250002 0.4833984375 0.19634955781250002 0.4794921875 0.1949668140625 0.478515625 0.18667035468749998 0.478515625
1 0.25442477812500003 0.4755859375 0.25442477812500003 0.4814453125 0.255807521875 0.482421875 0.26410398281249997 0.482421875 0.26548672500000003 0.4814453125 0.26548672500000003 0.4755859375 0.26410398281249997 0.474609375 0.255807521875 0.474609375 0.25442477812500003 0.4755859375
1 0.3277101765625 0.470703125 0.32079646093749997 0.4755859375 0.32494469062500003 0.478515625 0.3304756640625 0.478515625 0.3318584078125 0.4775390625 0.33462389375 0.4755859375 0.33462389375 0.4716796875 0.33324115 0.470703125 0.3277101765625 0.470703125
1 0.4272676984375 0.466796875 0.42035398281249997 0.4716796875 0.42035398281249997 0.4736328125 0.42450221250000003 0.4765625 0.4286504421875 0.4755859375 0.434181415625 0.4736328125 0.434181415625 0.4697265625 0.43003318593750006 0.466796875 0.4272676984375 0.466796875
1 0.5128377625 0.4799520109375 0.5133325421875 0.47803010625000003 0.5128377625 0.475059890625 0.5106112609375 0.474011578125 0.507642590625 0.473836859375 0.503436975 0.475234609375 0.5024474171875 0.4761082015625 0.5004683046875 0.4778553875 0.5009630828125 0.481349759375 0.5051686984375 0.48292222812499996 0.50986909375 0.48274750937500005 0.5128377625 0.4799520109375
1 0.725940265625 0.482421875 0.723174778125 0.482421875 0.7190265484375 0.4853515625 0.7190265484375 0.4873046875 0.723174778125 0.490234375 0.7287057515625001 0.490234375 0.7300884953125 0.4892578125 0.7328539828125 0.4873046875 0.7328539828125 0.4833984375 0.7287057515625001 0.48046875 0.725940265625 0.482421875
1 0.7923119468750001 0.478515625 0.7881637171875 0.4814453125 0.7881637171875 0.4853515625 0.7895464609375 0.486328125 0.7978429203124999 0.486328125 0.7992256640625001 0.4853515625 0.8019911499999999 0.4833984375 0.8019911499999999 0.4794921875 0.8006084078125 0.478515625 0.7923119468750001 0.478515625
1 0.861449115625 0.474609375 0.857300884375 0.4775390625 0.857300884375 0.4814453125 0.8586836281249999 0.482421875 0.8669800890625 0.482421875 0.86836283125 0.4814453125 0.87112831875 0.4794921875 0.87112831875 0.4755859375 0.8697455749999999 0.474609375 0.861449115625 0.474609375
1 0.9305862828125001 0.470703125 0.9264380531249999 0.4736328125 0.9264380531249999 0.4775390625 0.927820796875 0.478515625 0.93611725625 0.478515625 0.9375 0.4775390625 0.9402654874999999 0.4755859375 0.9402654874999999 0.4736328125 0.93611725625 0.470703125 0.9305862828125001 0.470703125
1 0.10923672499999999 0.560546875 0.10232300937500001 0.5654296875 0.10232300937500001 0.5673828125 0.1064712390625 0.5703125 0.11061946874999999 0.5693359375 0.1161504421875 0.5673828125 0.1161504421875 0.5615234375 0.11476769843750001 0.560546875 0.10923672499999999 0.560546875
1 0.19469528125 0.5783185859375 0.1951900609375 0.5748242140625 0.1949426703125 0.572028715625 0.19098444375 0.572203434375 0.1877683859375 0.572727590625 0.18455232500000002 0.5751736515625 0.184057546875 0.5784933046875 0.186778828125 0.580415209375 0.1917266125 0.579541615625 0.19469528125 0.5783185859375
1 0.41344026562499997 0.568359375 0.40652654843749997 0.5732421875 0.41067477812500003 0.576171875 0.41620575156250006 0.576171875 0.41758849531250003 0.5751953125 0.42035398281249997 0.5732421875 0.42035398281249997 0.5693359375 0.4189712390625 0.568359375 0.41344026562499997 0.568359375
1 0.4853429203125 0.560546875 0.482577434375 0.5625 0.478429203125 0.5634765625 0.478429203125 0.5673828125 0.47981194687500006 0.568359375 0.48810840781250003 0.568359375 0.48949115 0.5673828125 0.4922566375 0.5654296875 0.4922566375 0.5634765625 0.48810840781250003 0.560546875 0.4853429203125 0.560546875
1 0.5517146015625001 0.564453125 0.547566371875 0.5673828125 0.547566371875 0.5732421875 0.5489491156249999 0.57421875 0.5503318578124999 0.5732421875 0.5586283187500001 0.5712890625 0.5586283187500001 0.5654296875 0.5572455749999999 0.564453125 0.5517146015625001 0.564453125
1 0.6291482296875001 0.568359375 0.6208517703124999 0.568359375 0.6167035390625 0.5712890625 0.6167035390625 0.5751953125 0.6208517703124999 0.578125 0.6222345125000001 0.5771484375 0.62638274375 0.576171875 0.6305309734375 0.5732421875 0.6305309734375 0.5693359375 0.6291482296875001 0.568359375
1 0.723174778125 0.572265625 0.7190265484375 0.5732421875 0.7190265484375 0.5791015625 0.7204092921874999 0.580078125 0.7287057515625001 0.580078125 0.7300884953125 0.5791015625 0.7328539828125 0.5732421875 0.7287057515625001 0.5703125 0.725940265625 0.5703125 0.723174778125 0.572265625
1 0.808220440625 0.5765714 0.8099521640624999 0.5749989328125 0.81242605625 0.5729023093750001 0.812920834375 0.5711551218750001 0.81069433125 0.56853434375 0.808220440625 0.5680101875 0.8050043812500001 0.5681849062500001 0.8007987640625001 0.5697573734375 0.799809209375 0.573426465625 0.8007987640625001 0.57639668125 0.8032726562500001 0.5765714 0.808220440625 0.5765714
1 0.10370575156249999 0.666015625 0.099557521875 0.6689453125 0.099557521875 0.6708984375 0.10370575156249999 0.673828125 0.10923672499999999 0.673828125 0.11061946874999999 0.6728515625 0.11338495625 0.6708984375 0.11338495625 0.6669921875 0.1120022125 0.666015625 0.10370575156249999 0.666015625
1 0.1756084078125 0.662109375 0.1714601765625 0.6650390625 0.1714601765625 0.6689453125 0.17284292031249998 0.669921875 0.18113938125 0.669921875 0.18252212343750002 0.6689453125 0.18252212343750002 0.6650390625 0.18528761093749999 0.6630859375 0.18390486718750002 0.662109375 0.1756084078125 0.662109375
1 0.244745575 0.658203125 0.24059734531250002 0.6611328125 0.24059734531250002 0.6669921875 0.2419800890625 0.66796875 0.24336283124999997 0.6669921875 0.2516592921875 0.6650390625 0.2516592921875 0.6591796875 0.25027654843749997 0.658203125 0.244745575 0.658203125
1 0.323090265625 0.659912175 0.3225954875 0.655893646875 0.320368984375 0.655020053125 0.31467903124999996 0.655718928125 0.31072080468749996 0.6579902703125 0.30973125 0.66008689375 0.3122051421875 0.6611352046875 0.3183898703125 0.662707671875 0.3221007078125 0.662358234375 0.323090265625 0.659912175
1 0.41344026562499997 0.65234375 0.412057521875 0.6533203125 0.412057521875 0.6591796875 0.41344026562499997 0.66015625 0.4189712390625 0.66015625 0.42035398281249997 0.6591796875 0.42311946875000006 0.6572265625 0.42311946875000006 0.6533203125 0.421736725 0.65234375 0.41344026562499997 0.65234375
1 0.5018010640624999 0.659299325 0.5042975859375 0.6570323921875 0.5051892015624999 0.6537579359375 0.503762615625 0.652498528125 0.50001783125 0.6514910031250001 0.4966296953125 0.6516169453125 0.49234994218750006 0.6537579359375 0.49163664999999995 0.655898928125 0.49252826406250005 0.658165859375 0.49395485 0.6591733843750001 0.4982346015625 0.6598030875 0.5018010640624999 0.659299325
1 0.7148783187500001 0.666015625 0.7134955749999999 0.6689453125 0.7107300890625 0.6708984375 0.7148783187500001 0.673828125 0.7204092921874999 0.673828125 0.7217920359375001 0.6728515625 0.724557521875 0.6708984375 0.724557521875 0.6669921875 0.723174778125 0.666015625 0.7148783187500001 0.666015625
1 0.5841863109375 0.6686189328125 0.5848996046875 0.6658482390625 0.5843646359375 0.6630775437499999 0.5816897890625 0.6618181375 0.578658296875 0.661944078125 0.5749135125 0.663203484375 0.5724169906250001 0.6648407140625 0.5717036984375 0.6684929921875 0.5758051296875 0.6702561609375 0.5815114671875 0.6702561609375 0.5841863109375 0.6686189328125
1 0.89463495625 0.662109375 0.8891039828125 0.662109375 0.8877212390624999 0.6650390625 0.8849557515625 0.6669921875 0.8891039828125 0.669921875 0.89463495625 0.669921875 0.8960176984375 0.6689453125 0.8987831859375 0.6669921875 0.8987831859375 0.6611328125 0.8974004421874999 0.66015625 0.89463495625 0.662109375
1 0.76685133125 0.663001634375 0.7700560828125 0.661061615625 0.770971725 0.6592832640624999 0.770971725 0.6565349031250001 0.7684537078125 0.6562115656249999 0.763646578125 0.6565349031250001 0.76089965 0.6579899171875 0.7595261843750001 0.6615466203125 0.759297271875 0.662031625 0.7629598453125 0.662839965625 0.76685133125 0.663001634375
1 0.8334643875 0.6659116640625 0.8348378515625001 0.6631633031249999 0.835295675 0.660576609375 0.8334643875 0.6587982593749999 0.8298018140625001 0.6587982593749999 0.8265970625 0.6594449328125 0.8249946874999999 0.661061615625 0.823621221875 0.662031625 0.8238501312500001 0.665103321875 0.8263681500000001 0.6667200046875 0.8300307234375 0.6665583359375 0.8334643875 0.6659116640625
1 0.9602809953125 0.6731867359375 0.9621122812499999 0.6714083843750001 0.9630279249999999 0.667528346875 0.9607388171875 0.665426659375 0.9573051546875 0.6655883265625 0.9529558484375 0.667366678125 0.9506667390624999 0.669145028125 0.9506667390624999 0.672055059375 0.9529558484375 0.6743184140625 0.9561605999999999 0.6746417515625 0.9602809953125 0.6731867359375
1 0.1064712390625 0.755859375 0.099557521875 0.7607421875 0.10370575156249999 0.763671875 0.10923672499999999 0.763671875 0.11061946874999999 0.7626953125 0.11338495625 0.7607421875 0.11338495625 0.7568359375 0.1120022125 0.755859375 0.1064712390625 0.755859375
1 0.15625 0.759765625 0.15486725625 0.7626953125 0.1521017703125 0.7646484375 0.15625 0.767578125 0.1617809734375 0.767578125 0.1631637171875 0.7666015625 0.16592920312499998 0.7646484375 0.16592920312499998 0.7607421875 0.1645464609375 0.759765625 0.15625 0.759765625
1 0.22815265468749998 0.755859375 0.224004425 0.7587890625 0.224004425 0.7607421875 0.22815265468749998 0.763671875 0.23368362812500001 0.763671875 0.23506637187499999 0.7626953125 0.2378318578125 0.7607421875 0.2378318578125 0.7568359375 0.236449115625 0.755859375 0.22815265468749998 0.755859375
1 0.41067477812500003 0.751953125 0.4037610625 0.7568359375 0.4051438046875 0.759765625 0.41344026562499997 0.759765625 0.41482300937499994 0.7587890625 0.41758849531250003 0.7568359375 0.41758849531250003 0.7529296875 0.41620575156250006 0.751953125 0.41067477812500003 0.751953125
1 0.454922565625 0.74609375 0.45077433593749994 0.7490234375 0.45077433593749994 0.7509765625 0.454922565625 0.75390625 0.459070796875 0.7529296875 0.46460177031249994 0.7509765625 0.46460177031249994 0.7470703125 0.46321902656249997 0.74609375 0.454922565625 0.74609375
1 0.524059734375 0.748046875 0.5212942484374999 0.748046875 0.5143805312499999 0.7529296875 0.5143805312499999 0.7548828125 0.5185287609375 0.7578125 0.5199115046875 0.7568359375 0.524059734375 0.755859375 0.5282079640624999 0.7529296875 0.5282079640624999 0.7509765625 0.524059734375 0.748046875
1 0.5849004421874999 0.751953125 0.5779867249999999 0.7568359375 0.5793694687500001 0.759765625 0.5876659296875 0.759765625 0.589048671875 0.7587890625 0.5918141593749999 0.7568359375 0.5918141593749999 0.7529296875 0.590431415625 0.751953125 0.5849004421874999 0.751953125
1 0.6485066374999999 0.755859375 0.6443584078125 0.7587890625 0.6443584078125 0.7626953125 0.64574115 0.763671875 0.6512721234375001 0.763671875 0.6526548671875 0.7626953125 0.6554203546874999 0.7607421875 0.6554203546874999 0.7568359375 0.6540376109375 0.755859375 0.6485066374999999 0.755859375
1 0.7287057515625001 0.755859375 0.724557521875 0.7587890625 0.724557521875 0.7626953125 0.725940265625 0.763671875 0.7314712390625 0.763671875 0.7328539828125 0.7626953125 0.7356194687500001 0.7607421875 0.7356194687500001 0.7568359375 0.7342367249999999 0.755859375 0.7287057515625001 0.755859375
1 0.7784845125000001 0.751953125 0.7743362828125 0.7548828125 0.7743362828125 0.7587890625 0.7757190265625 0.759765625 0.78125 0.759765625 0.78263274375 0.7587890625 0.7853982296875001 0.7568359375 0.7853982296875001 0.7529296875 0.7840154874999999 0.751953125 0.7784845125000001 0.751953125
1 0.9305862828125001 0.755859375 0.9264380531249999 0.7587890625 0.9264380531249999 0.7626953125 0.927820796875 0.763671875 0.9333517703125 0.763671875 0.9347345125000001 0.7626953125 0.9375 0.7607421875 0.9375 0.7568359375 0.93611725625 0.755859375 0.9305862828125001 0.755859375
1 0.099557521875 0.8466796875 0.100940265625 0.849609375 0.1120022125 0.849609375 0.11338495625 0.8486328125 0.11338495625 0.8427734375 0.1120022125 0.841796875 0.1064712390625 0.841796875 0.099557521875 0.8466796875
1 0.1714601765625 0.8427734375 0.1714601765625 0.8466796875 0.17284292031249998 0.84765625 0.17837389374999998 0.84765625 0.17975663749999998 0.8466796875 0.18528761093749999 0.8427734375 0.18113938125 0.83984375 0.1756084078125 0.83984375 0.1714601765625 0.8427734375
1 0.24059734531250002 0.8369140625 0.24059734531250002 0.8427734375 0.2419800890625 0.84375 0.24751106250000002 0.84375 0.2488938046875 0.8427734375 0.25442477812500003 0.8388671875 0.25027654843749997 0.8359375 0.2419800890625 0.8359375 0.24059734531250002 0.8369140625
1 0.31388274374999997 0.83203125 0.3097345125 0.8349609375 0.3097345125 0.8388671875 0.31111725625000003 0.83984375 0.3194137171875 0.83984375 0.32079646093749997 0.8388671875 0.323561946875 0.8369140625 0.323561946875 0.8330078125 0.32217920312500004 0.83203125 0.31388274374999997 0.83203125
1 0.41344026562499997 0.8359375 0.412057521875 0.8369140625 0.412057521875 0.8427734375 0.41344026562499997 0.84375 0.4189712390625 0.84375 0.42035398281249997 0.8427734375 0.42311946875000006 0.8408203125 0.42311946875000006 0.8369140625 0.421736725 0.8359375 0.41344026562499997 0.8359375
1 0.4965076234375 0.8468184734375 0.5008569296875 0.8456867953125 0.5013147499999999 0.8429384343749999 0.5013147499999999 0.8400284046875001 0.49879673125 0.8384117218749999 0.49490524843749994 0.8384117218749999 0.49215831718749997 0.8393817328125 0.48826683125 0.8424534296875 0.48849574375 0.8456867953125 0.4903270296875 0.8469801406249999 0.49284505 0.8479501515625 0.4965076234375 0.8468184734375
1 0.7204092921874999 0.845703125 0.7176438046875 0.84765625 0.7134955749999999 0.8486328125 0.7134955749999999 0.8525390625 0.7148783187500001 0.853515625 0.723174778125 0.853515625 0.724557521875 0.8525390625 0.724557521875 0.8505859375 0.7273230093749999 0.8486328125 0.723174778125 0.845703125 0.7204092921874999 0.845703125
1 0.77371865625 0.8487584921875 0.7753210312500001 0.8468184734375 0.7744053890625 0.8427767656249999 0.7712006375 0.84213009375 0.76685133125 0.8426150984375 0.7627309359375001 0.8439084453125 0.7613574703125 0.8461717999999999 0.761128559375 0.8489201609375 0.7643333109375 0.8500518390625 0.770742815625 0.8497285031249999 0.77371865625 0.8487584921875
1 0.9333517703125 0.849609375 0.9292035390625 0.8525390625 0.9292035390625 0.8564453125 0.9305862828125001 0.857421875 0.93611725625 0.857421875 0.9375 0.8564453125 0.9402654874999999 0.8544921875 0.9402654874999999 0.8505859375 0.93888274375 0.849609375 0.9333517703125 0.849609375
1 0.12029867187500001 0.935546875 0.11338495625 0.9404296875 0.11338495625 0.9423828125 0.11753318593749999 0.9453125 0.12168141562499998 0.9443359375 0.12721238906250001 0.9404296875 0.12721238906250001 0.9365234375 0.12582964531250002 0.935546875 0.12029867187500001 0.935546875
1 0.22538716875000003 0.931640625 0.22262168125 0.93359375 0.21847345156250003 0.9345703125 0.21847345156250003 0.9384765625 0.2198561953125 0.939453125 0.22815265468749998 0.939453125 0.2295353984375 0.9384765625 0.2295353984375 0.9365234375 0.232300884375 0.9345703125 0.22815265468749998 0.931640625 0.22538716875000003 0.931640625
1 0.3277101765625 0.9296875 0.323561946875 0.9326171875 0.323561946875 0.9365234375 0.32494469062500003 0.9375 0.3304756640625 0.9375 0.3318584078125 0.9365234375 0.33600663750000004 0.935546875 0.33738938125 0.9326171875 0.33324115 0.9296875 0.3277101765625 0.9296875
1 0.4379064453125 0.9334726734375 0.44065337656250003 0.932179328125 0.441340109375 0.927814284375 0.43973773281249995 0.925712596875 0.4356173375 0.9250659234375 0.43103912187500004 0.925874265625 0.428292190625 0.9281376203124999 0.4276054578125 0.9323409968749999 0.429894565625 0.9339576781250001 0.43378605156249994 0.9339576781250001 0.4379064453125 0.9334726734375
1 0.58213495625 0.9296875 0.5779867249999999 0.9326171875 0.5779867249999999 0.9365234375 0.5793694687500001 0.9375 0.5849004421874999 0.9375 0.5862831859375001 0.9365234375 0.5918141593749999 0.9345703125 0.5918141593749999 0.9306640625 0.590431415625 0.9296875 0.58213495625 0.9296875
1 0.703816371875 0.935546875 0.6969026546875 0.9404296875 0.7010508843750001 0.943359375 0.7065818578124999 0.943359375 0.7079646015625001 0.9423828125 0.7107300890625 0.9404296875 0.7107300890625 0.9365234375 0.7093473453125 0.935546875 0.703816371875 0.935546875
0 0.2087942484375 0.19140625 0.2060287609375 0.189453125 0.192201328125 0.189453125 0.19081858437500002 0.1904296875 0.19081858437500002 0.1943359375 0.192201328125 0.1953125 0.2087942484375 0.1953125 0.21155973437500003 0.197265625 0.22815265468749998 0.197265625 0.2309181421875 0.19921875 0.23506637187499999 0.1982421875 0.23506637187499999 0.1943359375 0.2309181421875 0.193359375 0.22815265468749998 0.19140625 0.2087942484375 0.19140625
0 0.5282079640624999 0.1943359375 0.526825221875 0.193359375 0.5074668140624999 0.193359375 0.504701328125 0.1953125 0.4853429203125 0.1953125 0.48119469062500003 0.1982421875 0.482577434375 0.201171875 0.4991703546875 0.201171875 0.5005530968749999 0.2001953125 0.5019358406250001 0.19921875 0.526825221875 0.19921875 0.5282079640624999 0.1982421875 0.5282079640624999 0.1943359375