1 0.32119631875 0.172260346875 0.325010525 0.17211856875 0.3260142640625 0.168857671875 0.327419496875 0.16715633593749998 0.32541202187499996 0.164320775 0.320995571875 0.16417899687499998 0.316579121875 0.1660221109375 0.3131664109375 0.16985011875 0.3127649171875 0.1707007875 0.31417015 0.171976790625 0.32119631875 0.172260346875
1 0.37318997343750004 0.172543903125 0.37359146875000004 0.16985011875 0.3719854875 0.1681487828125 0.36937576875 0.1675816703125 0.365160065625 0.16800700468750002 0.3611451109375 0.17211856875 0.36576230781249996 0.1745287953125 0.36817128125 0.1745287953125 0.37318997343750004 0.172543903125
1 0.42939932968749994 0.175804796875 0.43100531093749994 0.1729692359375 0.4287970875 0.171693234375 0.4247821328125 0.171693234375 0.42096792499999997 0.1718350125 0.41875970156250003 0.1753794640625 0.421369421875 0.176939021875 0.4255851234375 0.177222578125 0.42939932968749994 0.175804796875
1 0.4625226984375 0.1756630203125 0.464329428125 0.1732527921875 0.46312494375 0.17155145624999998 0.45870849375 0.170842565625 0.454091296875 0.171693234375 0.4528868109375 0.173111015625 0.45208381875 0.176371909375 0.4552957828125 0.177506134375 0.4583069984375 0.177506134375 0.4625226984375 0.1756630203125
1 0.48179447968750005 0.178923915625 0.48460494687500005 0.1762301328125 0.4829989640625 0.1745287953125 0.47838176875 0.17353634843750002 0.4741660671875 0.17552124062500002 0.47235933750000003 0.17849858125 0.47396531875000003 0.1807670296875 0.47757877656250003 0.18048347343749999 0.48179447968750005 0.178923915625
1 0.503876725 0.176371909375 0.5062856984375 0.1738199046875 0.5034752296875 0.17155145624999998 0.49845653749999996 0.17155145624999998 0.4962483125 0.17240212500000002 0.49243410781249997 0.176371909375 0.49484307968749996 0.17807324687499998 0.4992595296875 0.177789690625 0.503876725 0.176371909375
1 0.53619710625 0.171693234375 0.537401590625 0.16914122812500001 0.538606078125 0.165313221875 0.53619710625 0.164320775 0.5325836484375001 0.164462553125 0.5291709359375 0.165313221875 0.5267619640625 0.1668727796875 0.52636046875 0.16956656406249998 0.52796645 0.1718350125 0.5325836484375001 0.171976790625 0.53619710625 0.171693234375
1 0.5683167375 0.1742452390625 0.5705249625000001 0.172827459375 0.5721309437500001 0.169991896875 0.5709264578125001 0.1677234484375 0.5685174843749999 0.1668727796875 0.5645025312499999 0.1677234484375 0.5616920640624999 0.16914122812500001 0.55908234375 0.1729692359375 0.5602868296875 0.1742452390625 0.5653055218749999 0.1750959078125 0.5683167375 0.1742452390625
1 0.5895959921875 0.173678128125 0.592607209375 0.170842565625 0.5916034703124999 0.1681487828125 0.5887930031249999 0.1674398921875 0.5845773015625 0.1678652265625 0.581766834375 0.169708340625 0.5791571125 0.172827459375 0.5831720671875 0.1749541296875 0.5863840296875 0.1745287953125 0.5895959921875 0.173678128125
1 0.6118789875 0.171693234375 0.6122804828125 0.16956656406249998 0.6096707625 0.16715633593749998 0.6044513234375 0.1677234484375 0.600837865625 0.16956656406249998 0.6004363703125 0.1732527921875 0.6046520703125 0.1753794640625 0.6082655296875 0.1743870171875 0.6118789875 0.171693234375
1 0.6337604890625 0.1738199046875 0.632355253125 0.171693234375 0.629143290625 0.170559009375 0.62352235625 0.171126121875 0.6209126359375 0.1756630203125 0.623723103125 0.177789690625 0.630749271875 0.17708079999999998 0.6337604890625 0.1738199046875
1 0.6508240421875 0.17353634843750002 0.6530322671875 0.170842565625 0.6522292765625 0.1684323390625 0.6498203046875 0.16701455781250002 0.6464075921875 0.16800700468750002 0.6433963765625 0.1687158953125 0.6415896484375 0.172827459375 0.6425933859375 0.1745287953125 0.6468090890625 0.1748123515625 0.6508240421875 0.17353634843750002
1 0.6853526453125001 0.169424784375 0.6859548906249999 0.1668727796875 0.683746665625 0.163895440625 0.6809361968750001 0.164320775 0.6759175046875 0.165880334375 0.6745122703125 0.169991896875 0.676519746875 0.171693234375 0.6813376921875001 0.17155145624999998 0.6853526453125001 0.169424784375
1 0.7291156437499999 0.171126121875 0.728914896875 0.16800700468750002 0.7259036812499999 0.1668727796875 0.72168798125 0.1677234484375 0.7190782609374999 0.16914122812500001 0.7184760171875 0.1729692359375 0.72148723125 0.1743870171875 0.7261044296875 0.173678128125 0.7291156437499999 0.171126121875
1 0.74336873125 0.1748123515625 0.7481866765625 0.17353634843750002 0.7499934046875001 0.171126121875 0.7495919093750001 0.168857671875 0.7461792 0.16715633593749998 0.74176275 0.1675816703125 0.7391530296875 0.169424784375 0.7375470484375 0.17211856875 0.736543309375 0.173111015625 0.739755271875 0.1745287953125 0.74336873125 0.1748123515625
1 0.7674584546875 0.1732527921875 0.769265184375 0.17098434375 0.7696666796875 0.169424784375 0.767659203125 0.1674398921875 0.7634435015625 0.1672981140625 0.7592278 0.16829055937499998 0.7580233125 0.170559009375 0.7578225656249999 0.173111015625 0.761436025 0.1748123515625 0.764447240625 0.1746705734375 0.7674584546875 0.1732527921875
1 0.7867302359375 0.176371909375 0.7889384609375 0.1742452390625 0.7889384609375 0.171693234375 0.7847227578125 0.171126121875 0.779704065625 0.1712679 0.777495840625 0.172260346875 0.7768935984375 0.17552124062500002 0.7795033171875 0.17807324687499998 0.7815107953125 0.17736435625 0.7867302359375 0.176371909375
1 0.8053997718750001 0.1742452390625 0.8086117343750001 0.170842565625 0.8078087437500001 0.16800700468750002 0.8035930406249999 0.16701455781250002 0.797169115625 0.1684323390625 0.79676761875 0.173678128125 0.7975706109375 0.1748123515625 0.8005818265625001 0.1752376859375 0.8053997718750001 0.1742452390625
1 0.8409321125 0.170275453125 0.8417351046875 0.1678652265625 0.840129121875 0.164320775 0.8359134218750001 0.1637536625 0.8329022046875 0.165313221875 0.8290879999999999 0.1672981140625 0.8290879999999999 0.17140967812500002 0.833705196875 0.171976790625 0.83772015 0.171693234375 0.8409321125 0.170275453125
1 0.8714457640625 0.1762301328125 0.8726502500000001 0.1743870171875 0.8728509984375 0.17211856875 0.8706427734375 0.170842565625 0.8654233328125001 0.17098434375 0.8622113703125001 0.17155145624999998 0.8604046406249999 0.1762301328125 0.8636166031249999 0.178356803125 0.8674308109375 0.177506134375 0.8714457640625 0.1762301328125
1 0.918822221875 0.17736435625 0.9226364265625 0.1765136890625 0.9246439046875 0.1750959078125 0.9256476421875 0.17240212500000002 0.9236401656250001 0.1712679 0.9194244640625 0.170842565625 0.9150080140625001 0.171693234375 0.9140042765624999 0.1732527921875 0.9130005375 0.17594657656249998 0.9130005375 0.176939021875 0.9150080140625001 0.17807324687499998 0.918822221875 0.17736435625
1 0.1368915921875 0.240234375 0.13274336250000002 0.2412109375 0.13274336250000002 0.2470703125 0.13412610625000002 0.248046875 0.1382743359375 0.2470703125 0.143805309375 0.2431640625 0.143805309375 0.2412109375 0.13965707968750002 0.23828125 0.1368915921875 0.240234375
1 0.196814159375 0.24937499999999999 0.1982300890625 0.24775 0.200176990625 0.24575 0.1994690265625 0.2435 0.1962831859375 0.2425 0.1909734515625 0.24300000000000002 0.1879646015625 0.244875 0.187433628125 0.248 0.18938053125 0.25 0.191504425 0.250625 0.196814159375 0.24937499999999999
1 0.24973451249999998 0.25275 0.251327434375 0.251 0.25292035468749996 0.24962499999999999 0.25345132812500004 0.24700000000000003 0.2518584078125 0.245875 0.245309734375 0.246125 0.24159292031250001 0.24775 0.2407079640625 0.250875 0.2435398234375 0.253125 0.24619469062500002 0.25275 0.24973451249999998 0.25275
1 0.284424778125 0.251 0.285486725 0.248625 0.28495575156249997 0.246375 0.28283185781250003 0.246 0.27787610625000003 0.24625 0.27486725624999997 0.24725000000000003 0.2741592921875 0.2495 0.274690265625 0.25125000000000003 0.27911504374999996 0.25275 0.2815929203125 0.2525 0.284424778125 0.251
1 0.3028318578125 0.256125 0.305486725 0.254625 0.3069026546875 0.253125 0.308672565625 0.25125000000000003 0.30637168125 0.24912499999999999 0.3028318578125 0.248625 0.29787610625 0.24937499999999999 0.29557522187499996 0.2515 0.294690265625 0.25425 0.29557522187499996 0.25575000000000003 0.29787610625 0.25625 0.3028318578125 0.256125
1 0.32265486718749997 0.252625 0.32584070781249996 0.251125 0.3269026546875 0.24962499999999999 0.32654867187500003 0.246625 0.32513274375 0.246125 0.3196460171875 0.246375 0.31663716875 0.24725000000000003 0.31486725625 0.251 0.315929203125 0.253 0.31911504375 0.253125 0.32265486718749997 0.252625
1 0.35309734531250003 0.248 0.35716814218750004 0.246875 0.36 0.24512499999999998 0.3614159296875 0.24312499999999998 0.36247787656249997 0.240375 0.3587610625 0.238875 0.3562831859375 0.23875000000000002 0.3532743359375 0.2395 0.3499115046875 0.24100000000000002 0.347433628125 0.24562499999999998 0.34761061875 0.24625 0.350442478125 0.24762499999999998 0.35309734531250003 0.248
1 0.39787610625 0.25012500000000004 0.40088495625 0.24962499999999999 0.4042477875 0.2475 0.4060176984375 0.24575 0.40513274375 0.24425 0.40283185781249997 0.242 0.3984070796875 0.242125 0.3952212390625 0.24312499999999998 0.3930973453125 0.244875 0.39168141562500003 0.2475 0.3922123890625 0.24962499999999999 0.3941592921875 0.25012500000000004 0.39787610625 0.25012500000000004
1 0.42300885 0.24975 0.42513274375 0.24874999999999997 0.427433628125 0.24737499999999998 0.42814159218750003 0.245875 0.427433628125 0.243875 0.426548671875 0.24225 0.42123893749999997 0.242375 0.41805309687500003 0.24325000000000002 0.416814159375 0.244375 0.4152212390625 0.248875 0.4164601765625 0.25012500000000004 0.41982300937500006 0.25012500000000004 0.42300885 0.24975
1 0.4469026546875 0.2495 0.44973451249999996 0.248125 0.4502654875 0.24537499999999998 0.450442478125 0.24275000000000002 0.44761061875 0.24225 0.4428318578125 0.242625 0.44000000000000006 0.24325000000000002 0.43911504375000004 0.24512499999999998 0.4385840703125 0.248125 0.43982300937499996 0.25012500000000004 0.4447787609375 0.24987499999999999 0.4469026546875 0.2495
1 0.46637168124999995 0.25325000000000003 0.470442478125 0.25187499999999996 0.47309734531250003 0.250375 0.4743362828125 0.2485 0.4732743359375 0.246375 0.4697345125 0.246625 0.46460177031249994 0.24700000000000003 0.46176991093749997 0.248125 0.459823009375 0.2515 0.45911504374999995 0.252625 0.46300885 0.253625 0.46637168124999995 0.25325000000000003
1 0.49362831875 0.24962499999999999 0.49646017656249997 0.248 0.4973451328125 0.24474999999999997 0.49504424843750006 0.242625 0.4920353984375 0.242 0.4879646015625 0.24300000000000002 0.48495575156250004 0.244875 0.484424778125 0.248875 0.48566371718749995 0.25025 0.4879646015625 0.25025 0.49362831875 0.24962499999999999
1 0.5253097343750001 0.24737499999999998 0.5299115046875 0.246625 0.5332743359375 0.24512499999999998 0.53362831875 0.24275000000000002 0.5329203546875 0.239875 0.5302654875 0.2385 0.5260176984375 0.23875000000000002 0.5224778765625 0.24 0.5205309734375 0.242 0.520176990625 0.2455 0.5194690265624999 0.24625 0.5214159296875 0.24737499999999998 0.5253097343750001 0.24737499999999998
1 0.5669026546875 0.25012500000000004 0.5692035390625 0.24912499999999999 0.571327434375 0.2475 0.571504425 0.24537499999999998 0.57061946875 0.2435 0.5683185843749999 0.242375 0.564424778125 0.2425 0.5614159296875 0.242875 0.5596460171875 0.2455 0.5585840703125 0.2485 0.5594690265625 0.25 0.563185840625 0.250375 0.5669026546875 0.25012500000000004
1 0.5930973453124999 0.24912499999999999 0.5943362828125001 0.246625 0.5950442484375 0.24512499999999998 0.592566371875 0.242875 0.5899115046875 0.2425 0.5872566375 0.242875 0.5847787609374999 0.2445 0.5817699109375 0.24787499999999998 0.585309734375 0.25025 0.5892035390625 0.25025 0.5930973453124999 0.24912499999999999
1 0.6139823015625 0.24937499999999999 0.6162831859375 0.24762499999999998 0.6171681421875 0.24512499999999998 0.6162831859375 0.242625 0.6125663718750001 0.242125 0.6090265484375 0.242875 0.6067256640625 0.24500000000000002 0.6044247781250001 0.2485 0.60637168125 0.25025 0.6107964609375001 0.2505 0.6139823015625 0.24937499999999999
1 0.636814159375 0.2525 0.6387610625 0.250875 0.64 0.24874999999999997 0.6384070796875 0.24625 0.6364601765625 0.246 0.630442478125 0.24674999999999997 0.628672565625 0.248125 0.62761061875 0.25187499999999996 0.62761061875 0.252875 0.63238938125 0.253125 0.636814159375 0.2525
1 0.6599999999999999 0.24975 0.662300884375 0.24775 0.6638938046875 0.24500000000000002 0.663185840625 0.242875 0.6605309734375 0.242125 0.6552212390625 0.242625 0.65238938125 0.244375 0.6511504421875001 0.246625 0.6507964609375 0.248875 0.6527433625 0.2505 0.656814159375 0.25012500000000004 0.6599999999999999 0.24975
1 0.6985840703124999 0.244875 0.7005309734375 0.24325000000000002 0.701061946875 0.24125000000000002 0.6994690265625 0.238875 0.6950442484375 0.238625 0.691504425 0.239875 0.6883185843749999 0.24175 0.6883185843749999 0.2435 0.6884955749999999 0.24537499999999998 0.691504425 0.24737499999999998 0.69699115 0.24625 0.6985840703124999 0.244875
1 0.746194690625 0.25175000000000003 0.7481415921875 0.25025 0.748672565625 0.24762499999999998 0.7463716812500001 0.246375 0.7403539828125 0.24562499999999998 0.7369911499999999 0.24725000000000003 0.7364601765625001 0.25125000000000003 0.7396460171875 0.25275 0.7438938046875 0.2525 0.746194690625 0.25175000000000003
1 0.7996460171875001 0.25012500000000004 0.8010619468750001 0.24762499999999998 0.7971681421875 0.246 0.788672565625 0.246125 0.7869026546875 0.24825 0.787433628125 0.25187499999999996 0.7932743359375001 0.253 0.7973451328125 0.251625 0.7996460171875001 0.25012500000000004
1 0.8808849562500001 0.258125 0.8815929203125 0.25625 0.8831858406249999 0.254875 0.8835398234375 0.252375 0.87911504375 0.25212500000000004 0.8729203546875001 0.251625 0.8707964609375001 0.25387499999999996 0.87061946875 0.257 0.8720353984375 0.259 0.8769911499999999 0.25875 0.8808849562500001 0.258125
1 0.9084955750000001 0.25587499999999996 0.9125663718749999 0.254125 0.913805309375 0.251 0.9132743359375001 0.24912499999999999 0.9093805312500001 0.248375 0.904424778125 0.24900000000000003 0.90212389375 0.251125 0.9010619468750001 0.254375 0.9026548671875 0.256 0.9058407078125 0.256 0.9084955750000001 0.25587499999999996
1 0.9437168140625 0.258375 0.945486725 0.257 0.946548671875 0.25325000000000003 0.9447787609375 0.25225 0.9401769906249999 0.252375 0.9361061953125001 0.2525 0.9339823015625001 0.25475 0.9327433624999999 0.257 0.9348672562499999 0.25925 0.9394690265625 0.259125 0.9437168140625 0.258375
1 0.1470796453125 0.3155 0.1481415921875 0.314 0.145309734375 0.3115 0.1412389375 0.310875 0.13787610625 0.31237499999999996 0.1352212390625 0.314125 0.1352212390625 0.31837499999999996 0.1384070796875 0.31925 0.14283185781250002 0.318875 0.1470796453125 0.3155
1 0.28725663749999997 0.318625 0.2899115046875 0.31675 0.2909734515625 0.31425000000000003 0.288672565625 0.31124999999999997 0.285309734375 0.3105 0.2807079640625 0.31262500000000004 0.2785840703125 0.313875 0.2784070796875 0.317625 0.279823009375 0.319 0.28194690312500004 0.31925 0.28725663749999997 0.318625
1 0.31238938125 0.31875 0.314690265625 0.317375 0.3171681421875 0.314875 0.315575221875 0.31237499999999996 0.3120353984375 0.31124999999999997 0.30743362812499997 0.3115 0.3042477875 0.313875 0.30300885 0.316875 0.3042477875 0.319125 0.30814159218750004 0.319 0.31238938125 0.31875
1 0.3309734515625 0.319125 0.33592920312499996 0.318625 0.33999999999999997 0.316875 0.3415929203125 0.31437499999999996 0.3385840703125 0.312 0.3361061953125 0.311375 0.3302654875 0.3125 0.3270796453125 0.316875 0.3269026546875 0.3175 0.3279646015625 0.319125 0.3309734515625 0.319125
1 0.3757522125 0.31525 0.37858407031249997 0.313875 0.3807079640625 0.311875 0.38 0.3095 0.37734513281250004 0.30825 0.3729203546875 0.30825 0.3697345125 0.3095 0.36814159218750003 0.310875 0.36761061875 0.315125 0.367433628125 0.3155 0.37061946875 0.316125 0.3757522125 0.31525
1 0.42831858437500003 0.321 0.42938053125 0.319 0.43044247812499997 0.316875 0.428672565625 0.314125 0.4247787609375 0.31425000000000003 0.421061946875 0.315125 0.41823008906250003 0.317625 0.416814159375 0.320625 0.41893805312500004 0.322125 0.4246017703125 0.321875 0.42831858437500003 0.321
1 0.465486725 0.32 0.46690265468750003 0.317625 0.46566371718750005 0.3145 0.46300885 0.314 0.4592920359375 0.314875 0.455929203125 0.315875 0.4553982296875 0.317625 0.4543362828125 0.3205 0.45681415937500003 0.321875 0.4615929203125 0.32175 0.465486725 0.32
1 0.4877876109375 0.32075 0.4897345125 0.31875 0.4900884953125 0.31675 0.4888495578125 0.31425000000000003 0.485309734375 0.313875 0.4815929203125 0.31462500000000004 0.47911504374999997 0.3165 0.47663716875000006 0.32037499999999997 0.4796460171875 0.322125 0.48477876093749994 0.3215 0.4877876109375 0.32075
1 0.5079646015625 0.321375 0.511327434375 0.319 0.5129203546875 0.317 0.511504425 0.31437499999999996 0.508672565625 0.314125 0.5047787609375 0.31525 0.5024778765625 0.31625000000000003 0.49911504375 0.32 0.499823009375 0.321125 0.5031858406249999 0.321875 0.5079646015625 0.321375
1 0.54761061875 0.31775000000000003 0.548672565625 0.316 0.5497345124999999 0.31375000000000003 0.5481415921874999 0.3115 0.5447787609375 0.311 0.5394690265625 0.312125 0.5373451328125001 0.31425000000000003 0.5375221234375 0.31675 0.54 0.31925 0.544424778125 0.319125 0.54761061875 0.31775000000000003
1 0.5835398234375 0.324125 0.5858407078125001 0.321875 0.5858407078125001 0.319125 0.5840707968750001 0.317375 0.581061946875 0.317 0.5773451328125 0.31837499999999996 0.5741592921875001 0.32 0.57362831875 0.323375 0.5757522125000001 0.325 0.58 0.325 0.5835398234375 0.324125
1 0.6217699109375 0.323125 0.6235398234375 0.321 0.62212389375 0.317875 0.6194690265625 0.31675 0.614513275 0.318125 0.6125663718750001 0.31925 0.610442478125 0.323375 0.6125663718750001 0.32487499999999997 0.6161061953125 0.325375 0.6217699109375 0.323125
1 0.64212389375 0.32425000000000004 0.6447787609375 0.321875 0.6460176984375 0.3195 0.644070796875 0.31775000000000003 0.6392920359375001 0.317625 0.63663716875 0.319 0.6330973453125 0.32287499999999997 0.6327433625000001 0.32375 0.6361061953125 0.325375 0.64212389375 0.32425000000000004
1 0.6614159296875 0.32525 0.665486725 0.324125 0.668495575 0.321875 0.6683185843749999 0.31925 0.6660176984375 0.317375 0.6626548671875 0.31725 0.6584070796875 0.31837499999999996 0.655929203125 0.32287499999999997 0.654690265625 0.323125 0.65787610625 0.325125 0.6614159296875 0.32525
1 0.70336283125 0.320875 0.7049557515625 0.31975 0.7056637171875 0.317625 0.7038938046875 0.314 0.7014159296875 0.313375 0.69699115 0.31462500000000004 0.6930973453125 0.316125 0.6932743359375 0.32025000000000003 0.695575221875 0.32237499999999997 0.7003539828124999 0.322125 0.70336283125 0.320875
1 0.7522123890625 0.32637499999999997 0.7536283187499999 0.324625 0.7536283187499999 0.32175 0.7507964609375 0.3205 0.7453097343749999 0.3205 0.7417699109375 0.32275 0.7403539828125 0.32599999999999996 0.741061946875 0.328125 0.7479646015625 0.327875 0.7522123890625 0.32637499999999997
1 0.87238938125 0.333125 0.875929203125 0.3315 0.8757522124999999 0.328375 0.873805309375 0.32675 0.868672565625 0.327125 0.8649557515625 0.328125 0.8628318578125 0.3325 0.8646017703125001 0.334125 0.8679646015625 0.33399999999999996 0.87238938125 0.333125
1 0.906548671875 0.32999999999999996 0.9088495578125 0.327625 0.9100884953125 0.3255 0.9084955750000001 0.3235 0.901946903125 0.323375 0.8980530968749999 0.325625 0.8966371687500001 0.32925 0.898938053125 0.33075 0.90212389375 0.33125 0.906548671875 0.32999999999999996
1 0.9410619468749999 0.333 0.9428318578124999 0.331125 0.9431858406250001 0.329125 0.942300884375 0.327375 0.9382300890625 0.32687499999999997 0.9332743359375 0.328375 0.930442478125 0.33187500000000003 0.9327433624999999 0.334375 0.9353982296875 0.334625 0.9410619468749999 0.333
1 0.14460177031250002 0.392875 0.148672565625 0.39025 0.1470796453125 0.38675000000000004 0.1437168140625 0.38575 0.1382300890625 0.387 0.13486725625 0.389 0.13557522187499998 0.392625 0.1357522125 0.39425 0.1405309734375 0.39425 0.14460177031250002 0.392875
1 0.297699115625 0.39187500000000003 0.29911504375 0.38825 0.2975221234375 0.385875 0.29362831875 0.38575 0.29008849531249997 0.387125 0.287433628125 0.38925 0.28725663749999997 0.39237500000000003 0.290442478125 0.39387500000000003 0.293451328125 0.39375 0.297699115625 0.39187500000000003
1 0.3224778765625 0.39249999999999996 0.3247787609375 0.389625 0.3242477875 0.387125 0.3224778765625 0.38625 0.31787610625 0.3865 0.3150442484375 0.3875 0.3139823015625 0.38937499999999997 0.31362831875 0.392625 0.31628318593750004 0.394125 0.3203539828125 0.39387500000000003 0.3224778765625 0.39249999999999996
1 0.3497345125 0.39175 0.3520353984375 0.38849999999999996 0.349557521875 0.386375 0.3456637171875 0.385875 0.3414159296875 0.387125 0.33876106250000004 0.388625 0.3396460171875 0.39249999999999996 0.34336283125 0.393625 0.34637168125 0.39325 0.3497345125 0.39175
1 0.3930973453125 0.387875 0.39292035468750003 0.38425 0.3902654875 0.38287499999999997 0.386194690625 0.382625 0.383185840625 0.384125 0.3803539828125 0.385625 0.3807079640625 0.389625 0.385486725 0.391 0.3902654875 0.39049999999999996 0.3930973453125 0.387875
1 0.4414159296875 0.39637500000000003 0.444424778125 0.394875 0.4460176984375 0.392 0.4447787609375 0.38925 0.44088495625 0.389 0.43486725625 0.390625 0.43362831875 0.39249999999999996 0.432566371875 0.395 0.43238938125 0.39637500000000003 0.4364601765625 0.396875 0.4414159296875 0.39637500000000003
1 0.484424778125 0.39375 0.4842477875 0.39 0.4817699109375 0.38887499999999997 0.47663716875000006 0.38975 0.47292035468750004 0.391375 0.472566371875 0.395375 0.47628318593749996 0.396875 0.48017699062499997 0.39625 0.484424778125 0.39375
1 0.508318584375 0.394 0.5097345125 0.390375 0.5060176984375 0.38925 0.5024778765625 0.38937499999999997 0.49858407031249996 0.391 0.49681415937500006 0.39237500000000003 0.49681415937500006 0.39525 0.4996460171875 0.396875 0.50637168125 0.397125 0.508318584375 0.394
1 0.5309734515625 0.39575 0.5330973453125 0.39437500000000003 0.5332743359375 0.391 0.5309734515625 0.389 0.5269026546875 0.389125 0.5233628312499999 0.390875 0.520176990625 0.394875 0.5214159296875 0.39637500000000003 0.5247787609375 0.397 0.5309734515625 0.39575
1 0.5699115046875 0.39187500000000003 0.5720353984375001 0.39025 0.5711504421875 0.387875 0.5690265484375 0.386125 0.5646017703124999 0.385875 0.5612389375 0.387875 0.5599999999999999 0.39249999999999996 0.5635398234375 0.393625 0.5670796453125 0.3935 0.5699115046875 0.39187500000000003
1 0.606548671875 0.399 0.6097345125 0.397875 0.6107964609375001 0.395375 0.6106194687500001 0.393125 0.6086725656249999 0.39225 0.60336283125 0.392875 0.6 0.39475 0.5992920359375 0.398125 0.6 0.3995 0.6037168140625 0.399875 0.606548671875 0.399
1 0.6470796453125 0.399 0.6499115046874999 0.396125 0.6493805312500001 0.393125 0.6456637171875 0.39249999999999996 0.6405309734375 0.393125 0.638053096875 0.397625 0.6392920359375001 0.399625 0.6437168140625 0.399625 0.6470796453125 0.399
1 0.6727433625 0.396625 0.6739823015625 0.39387500000000003 0.67238938125 0.39225 0.6681415921875 0.392125 0.664424778125 0.39325 0.66212389375 0.397625 0.665486725 0.40037500000000004 0.6699115046874999 0.39837500000000003 0.6727433625 0.396625
1 0.693805309375 0.398625 0.6982300890625 0.395625 0.6985840703124999 0.3935 0.6957522125 0.392 0.691681415625 0.39175 0.6877876109375001 0.39387500000000003 0.6856637171875 0.39775 0.686548671875 0.3995 0.6897345125000001 0.399875 0.693805309375 0.398625
1 0.7297345125 0.39649999999999996 0.7345132750000001 0.394875 0.7369911499999999 0.393125 0.7369911499999999 0.39 0.7345132750000001 0.389125 0.7299115046875 0.39 0.725486725 0.39175 0.7246017703125001 0.395 0.72336283125 0.3955 0.726548671875 0.396625 0.7297345125 0.39649999999999996
1 0.7826548671875 0.40199999999999997 0.786548671875 0.40025000000000005 0.788495575 0.398125 0.7854867249999999 0.39637500000000003 0.7784070796875 0.39625 0.7755752218749999 0.39849999999999997 0.7743362828125 0.40149999999999997 0.774513275 0.402375 0.77787610625 0.403125 0.7826548671875 0.40199999999999997
0 0.4661001609375 0.197797553125 0.47498530937499994 0.197666821875 0.47480020312500004 0.189299971875 0.45351286562500004 0.18877704374999998 0.4527724359375 0.192306809375 0.419268015625 0.192306809375 0.41852758593750006 0.1959673046875 0.4468490015625 0.196490234375 0.46517462500000006 0.196882428125 0.4661001609375 0.197797553125
0 0.49294071875 0.1889077765625 0.4940513609375 0.1930912 0.527925996875 0.19086875625 0.5270004609375001 0.18746972343749999 0.49294071875 0.1889077765625
0 0.6228860375 0.191391684375 0.6219605015624999 0.182371175 0.5841986125 0.1822404421875 0.5841986125 0.18119458593749999 0.5588389125 0.1815867828125 0.5595793437500001 0.1898229 0.5934539765625 0.1906072921875 0.5934539765625 0.191260953125 0.6228860375 0.191391684375
0 0.6760118296875001 0.1911302203125 0.6752714 0.18733899062499998 0.6628692125 0.1876004546875 0.6497265953125 0.18877704374999998 0.6419520890625 0.188254115625 0.6415818718749999 0.19243754062500001 0.6652756078125 0.192306809375 0.6660160359375 0.1911302203125 0.6760118296875001 0.1911302203125
0 0.7784758015625 0.19143444375000002 0.7797375109375 0.1828206359375 0.7418861765625 0.1828206359375 0.7414656078124999 0.1814840109375 0.7187548046875001 0.181929553125 0.7183342359375 0.1899493046875 0.7505078703125 0.1896522765625 0.7500872984375 0.1912859296875 0.7784758015625 0.19143444375000002
0 0.8323088125 0.191137415625 0.8310471015625 0.1874245671875 0.7961397578125 0.188612678125 0.7961397578125 0.1926225546875 0.8196916984374999 0.19277106875 0.8203225562500001 0.19143444375000002 0.8323088125 0.191137415625
0 0.2975535546875 0.27237453125 0.2969226984375 0.26346369531249997 0.2740016125 0.2639092375 0.2735810421875 0.267473571875 0.24119712187500003 0.2677705984375 0.2409868375 0.267622084375 0.24119712187500003 0.2705923640625 0.2775764609375 0.2710379046875 0.277155890625 0.2725230453125 0.2975535546875 0.27237453125
0 0.3511762796875 0.2667310015625 0.3511762796875 0.2627211265625 0.334143178125 0.2627211265625 0.3330917515625 0.2637607234375 0.31563808125000004 0.264800321875 0.3164792234375 0.268216140625 0.3328814671875 0.267622084375 0.33351232343750004 0.26628545937500003 0.3511762796875 0.2667310015625
0 0.46325829062499996 0.26628545937500003 0.4628377203125 0.2572261109375 0.4344492171875 0.257671653125 0.4075327125 0.2572261109375 0.406691571875 0.25603799843749997 0.392392178125 0.2566320546875 0.3926024640625 0.264800321875 0.4209909640625 0.26465180625 0.42141153593749997 0.2665824875 0.46325829062499996 0.26628545937500003
0 0.5183530125 0.267622084375 0.517932440625 0.26643397343749997 0.5236101421875 0.26643397343749997 0.5231895718749999 0.2627211265625 0.5048947593750001 0.262275584375 0.50510504375 0.2637607234375 0.483235384375 0.2640577515625 0.48344566875000006 0.2640577515625 0.48512795000000003 0.268958709375 0.488282228125 0.26851316875000003 0.4887027984375 0.26717654375 0.5183530125 0.267622084375
0 0.6306453078125001 0.26643397343749997 0.629804165625 0.25678056875 0.6005745234375001 0.257374625 0.599102528125 0.255740971875 0.559568909375 0.25678056875 0.559358625 0.2650973484375 0.5875368421875 0.264800321875 0.5879574125 0.26643397343749997 0.6306453078125001 0.26643397343749997
0 0.69120744375 0.26628545937500003 0.6891045921875001 0.2618300421875 0.6722817765625 0.262275584375 0.6714406359375 0.263612209375 0.65125325625 0.2639092375 0.6506224015625001 0.2640577515625 0.65125325625 0.2683646546875 0.6848988890625 0.2677705984375 0.685950315625 0.26628545937500003 0.69120744375 0.26628545937500003
0 0.8705807171875 0.272820071875 0.8705807171875 0.2775725171875 0.93682055625 0.27742400312500004 0.9363999843749999 0.2725230453125 0.8705807171875 0.272820071875
0 0.2784176015625 0.32717616718750003 0.2784176015625 0.3372751140625 0.3061752484375 0.337423628125 0.3065958171875 0.326433596875 0.2784176015625 0.32717616718750003
0 0.370732803125 0.3350474046875 0.3698916625 0.33148307187500003 0.35243799062500003 0.3313345578125 0.35243799062500003 0.332968209375 0.32720376875 0.3323741546875 0.328465478125 0.3371266 0.367368240625 0.336235515625 0.36673738437500003 0.3350474046875 0.370732803125 0.3350474046875
0 0.45421602656250004 0.33148307187500003 0.454636596875 0.3369780859375 0.41720583125 0.3359384890625 0.4180469734375 0.34039390625 0.47987082187499996 0.339948365625 0.47987082187499996 0.33118604375 0.45421602656250004 0.33148307187500003
0 0.5362272531250001 0.33445335 0.5404329578125 0.334156321875 0.53938153125 0.331631584375 0.5221381453125 0.33118604375 0.521507290625 0.3320771265625 0.5004787703125 0.332968209375 0.5004787703125 0.336235515625 0.5221381453125 0.3365325453125 0.5358066828125 0.336087003125 0.5362272531250001 0.33445335
0 0.6104579296875 0.332968209375 0.6104579296875 0.3396513359375 0.5730271625000001 0.338017684375 0.5734477328125 0.3435126984375 0.6363230078125001 0.3429186421875 0.6354818671875 0.3326711828125 0.6104579296875 0.332968209375
0 0.6563001015625 0.33846322500000003 0.6567206718749999 0.343364184375 0.6964645734375 0.3423245875 0.6949925765625 0.33757214062499996 0.6563001015625 0.33846322500000003
0 0.8630104515625 0.348562171875 0.8625898796874999 0.34826514375 0.8642721609375 0.35272056093750004 0.9336662765625 0.3522750203125 0.9338765625000001 0.347522575 0.8630104515625 0.348562171875
0 0.286829009375 0.402472725 0.28767014999999996 0.41153207500000005 0.315848365625 0.411235046875 0.3147969390625 0.402175696875 0.286829009375 0.402472725
0 0.33961059531250004 0.40767071250000003 0.33961059531250004 0.412571671875 0.3835602 0.4107895046875 0.383349915625 0.405443003125 0.33961059531250004 0.40767071250000003
0 0.4723005546875 0.4063340875 0.47209026875 0.41153207500000005 0.4333977921875 0.41108653281249996 0.43318750625 0.41479938125000004 0.5000582 0.414650865625 0.4990067734375 0.406037059375 0.4723005546875 0.4063340875
0 0.54968550625 0.41138355937500004 0.562933475 0.411235046875 0.5627231890625 0.40588854531249996 0.5503163609375 0.406037059375 0.5351758281250001 0.4064826015625 0.5353861125 0.407373684375 0.5204558640625 0.407967740625 0.521507290625 0.413314240625 0.53370383125 0.41227464375 0.5332832609375 0.41093801875 0.54968550625 0.41138355937500004
0 0.6373744343750001 0.40767071250000003 0.6371641484375 0.413759784375 0.5986819578125 0.41346275468749993 0.599102528125 0.41791817187499997 0.665762934375 0.41732411718750007 0.665762934375 0.40767071250000003 0.6373744343750001 0.40767071250000003
0 0.7271662125 0.411977615625 0.704034840625 0.41242315781250005 0.704245125 0.413908296875 0.6853194578124999 0.413908296875 0.6863708843749999 0.417175603125 0.7191753750000001 0.41732411718750007 0.7271662125 0.416878575 0.7271662125 0.411977615625