1 0.23368362812500001 0.14453125 0.2309181421875 0.14453125 0.2267699109375 0.1474609375 0.22815265468749998 0.150390625 0.236449115625 0.150390625 0.2378318578125 0.1494140625 0.2378318578125 0.1474609375 0.24059734531250002 0.1455078125 0.236449115625 0.142578125 0.23368362812500001 0.14453125
1 0.26963495625 0.13671875 0.26825221250000003 0.1376953125 0.26825221250000003 0.1435546875 0.26963495625 0.14453125 0.27516592968750003 0.14453125 0.276548671875 0.1435546875 0.27931415937500004 0.1416015625 0.27931415937500004 0.1376953125 0.277931415625 0.13671875 0.26963495625 0.13671875
1 0.31111725625000003 0.1328125 0.30696902656249997 0.1357421875 0.30696902656249997 0.1396484375 0.3083517703125 0.140625 0.3166482296875 0.140625 0.31803097343750003 0.1396484375 0.31803097343750003 0.1376953125 0.32079646093749997 0.1357421875 0.3194137171875 0.1328125 0.31111725625000003 0.1328125
1 0.369192478125 0.1328125 0.3650442484375 0.1357421875 0.3650442484375 0.1396484375 0.366426990625 0.140625 0.37472345156250003 0.140625 0.3761061953125 0.1396484375 0.37887168125000004 0.1376953125 0.37887168125000004 0.1337890625 0.3774889375 0.1328125 0.369192478125 0.1328125
1 0.46598451250000006 0.1328125 0.46460177031249994 0.1337890625 0.46460177031249994 0.1396484375 0.46598451250000006 0.140625 0.47151548749999994 0.140625 0.47289822968750006 0.1396484375 0.4756637171875 0.1376953125 0.4756637171875 0.1337890625 0.47428097343750003 0.1328125 0.46598451250000006 0.1328125
1 0.6512721234375001 0.142578125 0.6443584078125 0.1474609375 0.6443584078125 0.1494140625 0.6485066374999999 0.15234375 0.6526548671875 0.1513671875 0.6581858406250001 0.1474609375 0.6581858406250001 0.1455078125 0.6540376109375 0.142578125 0.6512721234375001 0.142578125
1 0.6775442484374999 0.1474609375 0.6789269906250001 0.150390625 0.6872234515625 0.150390625 0.6886061953125 0.1494140625 0.6913716812499999 0.1474609375 0.6899889375 0.14453125 0.681692478125 0.14453125 0.6775442484374999 0.1474609375
1 0.7148783187500001 0.13671875 0.7107300890625 0.1396484375 0.7107300890625 0.1435546875 0.71211283125 0.14453125 0.7176438046875 0.14453125 0.7190265484375 0.1435546875 0.7217920359375001 0.1416015625 0.7217920359375001 0.1376953125 0.7204092921874999 0.13671875 0.7148783187500001 0.13671875
1 0.7439159296875 0.1357421875 0.7439159296875 0.1396484375 0.745298671875 0.140625 0.7535951328125 0.140625 0.7549778765624999 0.1396484375 0.7549778765624999 0.1337890625 0.7535951328125 0.1328125 0.7480641593749999 0.1328125 0.7439159296875 0.1357421875
1 0.8006084078125 0.1328125 0.7964601765625 0.1357421875 0.7964601765625 0.1416015625 0.7978429203124999 0.142578125 0.8019911499999999 0.1416015625 0.8075221234375001 0.1376953125 0.8075221234375001 0.1337890625 0.8061393812500001 0.1328125 0.8006084078125 0.1328125
1 0.369192478125 0.21875 0.36780973437500003 0.2216796875 0.3650442484375 0.2236328125 0.366426990625 0.2265625 0.37195796406250003 0.2265625 0.3733407078125 0.2255859375 0.37887168125000004 0.2236328125 0.37887168125000004 0.2197265625 0.3774889375 0.21875 0.369192478125 0.21875
1 0.39961283124999997 0.2109375 0.39546460156249996 0.2138671875 0.39546460156249996 0.2177734375 0.3968473453125 0.21875 0.4051438046875 0.21875 0.40652654843749997 0.2177734375 0.4092920359375 0.2158203125 0.4092920359375 0.2138671875 0.4051438046875 0.2109375 0.39961283124999997 0.2109375
1 0.435564159375 0.205078125 0.432798671875 0.205078125 0.4286504421875 0.2080078125 0.4286504421875 0.2099609375 0.432798671875 0.212890625 0.43694690312500006 0.2119140625 0.4424778765625 0.2099609375 0.4424778765625 0.2060546875 0.4383296453125 0.203125 0.435564159375 0.205078125
1 0.46875 0.193359375 0.46460177031249994 0.1962890625 0.46460177031249994 0.2001953125 0.46598451250000006 0.201171875 0.47151548749999994 0.201171875 0.47289822968750006 0.2001953125 0.4756637171875 0.1982421875 0.4756637171875 0.1943359375 0.47428097343750003 0.193359375 0.46875 0.193359375
1 0.4964048671875 0.205078125 0.4950221234375 0.2060546875 0.4950221234375 0.2119140625 0.4964048671875 0.212890625 0.5019358406250001 0.212890625 0.503318584375 0.2119140625 0.5088495578125001 0.2080078125 0.5088495578125001 0.2060546875 0.5074668140624999 0.205078125 0.4964048671875 0.205078125
1 0.5323561953125 0.2109375 0.5282079640624999 0.2138671875 0.5282079640624999 0.2177734375 0.5323561953125 0.220703125 0.5365044250000001 0.2197265625 0.5420353984374999 0.2158203125 0.5420353984374999 0.2138671875 0.53788716875 0.2109375 0.5323561953125 0.2109375
1 0.5807522125 0.2216796875 0.5807522125 0.2255859375 0.58213495625 0.2265625 0.5876659296875 0.2265625 0.589048671875 0.2255859375 0.5945796453125001 0.2216796875 0.5931969031250001 0.21875 0.5849004421874999 0.21875 0.5807522125 0.2216796875
1 0.6153207968750001 0.21484375 0.611172565625 0.2177734375 0.611172565625 0.2216796875 0.612555309375 0.22265625 0.6180862828125 0.22265625 0.6194690265625 0.2216796875 0.6222345125000001 0.2197265625 0.6222345125000001 0.2158203125 0.6208517703124999 0.21484375 0.6153207968750001 0.21484375
1 0.6512721234375001 0.20703125 0.6443584078125 0.2119140625 0.6443584078125 0.2138671875 0.6485066374999999 0.216796875 0.6498893812500001 0.2158203125 0.6554203546874999 0.2138671875 0.6554203546874999 0.2080078125 0.6540376109375 0.20703125 0.6512721234375001 0.20703125
1 0.681692478125 0.197265625 0.6775442484374999 0.2001953125 0.6775442484374999 0.2041015625 0.6789269906250001 0.205078125 0.6872234515625 0.205078125 0.6886061953125 0.2041015625 0.6886061953125 0.2021484375 0.6913716812499999 0.2001953125 0.6899889375 0.197265625 0.681692478125 0.197265625
1 0.7107300890625 0.2099609375 0.7107300890625 0.2138671875 0.71211283125 0.21484375 0.7204092921874999 0.21484375 0.7217920359375001 0.2138671875 0.7217920359375001 0.2080078125 0.7204092921874999 0.20703125 0.7148783187500001 0.20703125 0.7107300890625 0.2099609375
1 0.7480641593749999 0.21484375 0.7439159296875 0.2177734375 0.7439159296875 0.2216796875 0.745298671875 0.22265625 0.7508296453125001 0.22265625 0.7522123890625 0.2216796875 0.7549778765624999 0.2197265625 0.7549778765624999 0.2158203125 0.7535951328125 0.21484375 0.7480641593749999 0.21484375
1 0.7978429203124999 0.21875 0.7964601765625 0.2197265625 0.7964601765625 0.2255859375 0.7978429203124999 0.2265625 0.8019911499999999 0.2255859375 0.8075221234375001 0.2236328125 0.8075221234375001 0.2197265625 0.8061393812500001 0.21875 0.7978429203124999 0.21875
1 0.8337942484375 0.2109375 0.8310287609375001 0.212890625 0.8268805312499999 0.2138671875 0.8268805312499999 0.2177734375 0.828263275 0.21875 0.836559734375 0.21875 0.837942478125 0.2177734375 0.8407079640624999 0.2158203125 0.8407079640624999 0.2138671875 0.836559734375 0.2109375 0.8337942484375 0.2109375
1 0.8628318578125 0.2060546875 0.8628318578125 0.2119140625 0.8642146015625001 0.212890625 0.8697455749999999 0.212890625 0.87112831875 0.2119140625 0.8766592921875 0.2060546875 0.8752765484375 0.205078125 0.8642146015625001 0.205078125 0.8628318578125 0.2060546875
1 0.9001659296875 0.193359375 0.8932522125 0.1982421875 0.8974004421874999 0.201171875 0.9029314156250001 0.201171875 0.904314159375 0.2001953125 0.9070796453125001 0.1982421875 0.9070796453125001 0.1943359375 0.9056969031250001 0.193359375 0.9001659296875 0.193359375
1 0.9305862828125001 0.205078125 0.9292035390625 0.2060546875 0.9292035390625 0.2119140625 0.9305862828125001 0.212890625 0.93611725625 0.212890625 0.9375 0.2119140625 0.9402654874999999 0.2099609375 0.9402654874999999 0.2060546875 0.93888274375 0.205078125 0.9305862828125001 0.205078125
1 0.9665376109375 0.2109375 0.9623893812500001 0.2138671875 0.9623893812500001 0.2197265625 0.9637721234375001 0.220703125 0.9651548671875 0.2197265625 0.9693030968749999 0.21875 0.9762168140625 0.2138671875 0.9720685843749999 0.2109375 0.9665376109375 0.2109375
1 0.203263275 0.314453125 0.19911504375 0.3173828125 0.19911504375 0.3193359375 0.203263275 0.322265625 0.2087942484375 0.322265625 0.210176990625 0.3212890625 0.210176990625 0.3193359375 0.212942478125 0.3173828125 0.21155973437500003 0.314453125 0.203263275 0.314453125
1 0.2419800890625 0.306640625 0.23506637187499999 0.3115234375 0.236449115625 0.314453125 0.244745575 0.314453125 0.24612831875 0.3134765625 0.24612831875 0.3115234375 0.2488938046875 0.3095703125 0.244745575 0.306640625 0.2419800890625 0.306640625
1 0.277931415625 0.302734375 0.27516592968750003 0.3046875 0.2710176984375 0.3056640625 0.2710176984375 0.3095703125 0.27516592968750003 0.3125 0.276548671875 0.3115234375 0.28207964531249996 0.3095703125 0.28207964531249996 0.3037109375 0.280696903125 0.302734375 0.277931415625 0.302734375
1 0.3277101765625 0.302734375 0.323561946875 0.3056640625 0.323561946875 0.3095703125 0.3277101765625 0.3125 0.32909292031250004 0.3115234375 0.33462389375 0.3095703125 0.33462389375 0.3056640625 0.3304756640625 0.302734375 0.3277101765625 0.302734375
1 0.36366150468749997 0.3046875 0.35951327499999997 0.3056640625 0.35951327499999997 0.3095703125 0.36366150468749997 0.3125 0.36780973437500003 0.3115234375 0.3733407078125 0.3056640625 0.369192478125 0.302734375 0.366426990625 0.302734375 0.36366150468749997 0.3046875
1 0.39961283124999997 0.314453125 0.39546460156249996 0.3173828125 0.39546460156249996 0.3212890625 0.3968473453125 0.322265625 0.40237831875 0.322265625 0.4037610625 0.3212890625 0.40652654843749997 0.3193359375 0.40652654843749997 0.3154296875 0.4051438046875 0.314453125 0.39961283124999997 0.314453125
1 0.6208517703124999 0.314453125 0.6167035390625 0.3173828125 0.6167035390625 0.3212890625 0.6180862828125 0.322265625 0.62361725625 0.322265625 0.625 0.3212890625 0.6277654874999999 0.3193359375 0.6277654874999999 0.3154296875 0.62638274375 0.314453125 0.6208517703124999 0.314453125
1 0.6429756640625001 0.314453125 0.638827434375 0.3173828125 0.638827434375 0.3212890625 0.6402101765625 0.322265625 0.64574115 0.322265625 0.64712389375 0.3212890625 0.6498893812500001 0.3193359375 0.6498893812500001 0.3154296875 0.6485066374999999 0.314453125 0.6429756640625001 0.314453125
1 0.659568584375 0.30078125 0.6581858406250001 0.3037109375 0.6554203546874999 0.3056640625 0.6568030968749999 0.30859375 0.6623340703125 0.30859375 0.6637168140624999 0.3076171875 0.6692477875 0.3056640625 0.6692477875 0.3017578125 0.66786504375 0.30078125 0.659568584375 0.30078125
1 0.723174778125 0.314453125 0.7314712390625 0.314453125 0.7328539828125 0.3134765625 0.7328539828125 0.3095703125 0.7287057515625001 0.306640625 0.7217920359375001 0.3115234375 0.723174778125 0.314453125
1 0.7411504421874999 0.3076171875 0.7411504421874999 0.3095703125 0.745298671875 0.3125 0.7494469031250001 0.3115234375 0.7549778765624999 0.3076171875 0.7535951328125 0.3046875 0.745298671875 0.3046875 0.7411504421874999 0.3076171875
1 0.7840154874999999 0.3046875 0.77986725625 0.3076171875 0.77986725625 0.3115234375 0.78125 0.3125 0.7853982296875001 0.3115234375 0.7895464609375 0.310546875 0.793694690625 0.3076171875 0.7923119468750001 0.3046875 0.7840154874999999 0.3046875
1 0.8952960624999999 0.312480715625 0.8974283546875 0.3115395078125 0.8995606453124999 0.30928061093750003 0.9014264015625001 0.306833471875 0.9006267921875001 0.3045745765625 0.8979614281250001 0.3038216109375 0.8928972343750001 0.30419809375 0.8902318687499999 0.305515784375 0.8891657234375 0.30720995625 0.8883661125 0.3105983015625 0.8886326515625 0.31191599062500003 0.892630696875 0.312480715625 0.8952960624999999 0.312480715625
1 0.13965707968750002 0.384765625 0.1368915921875 0.38671875 0.13412610625000002 0.38671875 0.12997787656249998 0.3896484375 0.12997787656249998 0.3916015625 0.13412610625000002 0.39453125 0.13550885 0.3935546875 0.13965707968750002 0.392578125 0.143805309375 0.3896484375 0.143805309375 0.3876953125 0.13965707968750002 0.384765625
1 0.10341615781249999 0.396436378125 0.10581498593750001 0.3951186875 0.1074142046875 0.392295065625 0.106081521875 0.3896596859375 0.1023500109375 0.3896596859375 0.09701928125 0.39003617031250004 0.0959531359375 0.3909773765625 0.09382084375000001 0.391918584375 0.0943539171875 0.3954951703125 0.096219671875 0.3971893421875 0.09835196406249999 0.3971893421875 0.10341615781249999 0.396436378125
1 0.1745814 0.386271340625 0.176980228125 0.38438892812500003 0.1796455921875 0.3826947546875 0.17804637343750002 0.3794946515625 0.1761806171875 0.3785534453125 0.172182571875 0.3787416859375 0.1681845234375 0.380059375 0.16631876875 0.38156530625 0.16631876875 0.3830712375 0.16631876875 0.3857066171875 0.170316815625 0.3870243078125 0.17271564374999998 0.3870243078125 0.1745814 0.386271340625
1 0.2060287609375 0.3671875 0.19911504375 0.3720703125 0.19911504375 0.3740234375 0.203263275 0.376953125 0.20741150468749997 0.3759765625 0.212942478125 0.3720703125 0.212942478125 0.3701171875 0.2087942484375 0.3671875 0.2060287609375 0.3671875
1 0.242548203125 0.3872125484375 0.246279715625 0.38438892812500003 0.247878934375 0.3825065140625 0.247612396875 0.3796828921875 0.24494703125 0.378929928125 0.24174859531249998 0.378929928125 0.23828361875 0.380059375 0.2356182546875 0.3817535484375 0.23508518281250002 0.38476540937500003 0.23508518281250002 0.3860831 0.23828361875 0.3870243078125 0.242548203125 0.3872125484375
1 0.278797165625 0.39304803125 0.2817290671875 0.391353859375 0.28306175 0.388906721875 0.28306175 0.3870243078125 0.278797165625 0.385330134375 0.2745325828125 0.3860831 0.2708010703125 0.387777271875 0.27053453437499997 0.39154210156249997 0.272400290625 0.393800996875 0.27586526562499997 0.3941774796875 0.278797165625 0.39304803125
1 0.33103831875 0.39605989375 0.33343714687500003 0.39474220312499997 0.33530290156250003 0.392859790625 0.334769828125 0.39078913437499996 0.332371 0.39003617031250004 0.328639490625 0.3894714453125 0.3262406625 0.39060089374999996 0.3235752953125 0.39173034218749997 0.321976078125 0.39342451562499997 0.3222426140625 0.395871653125 0.3241083703125 0.3970011015625 0.32757334375 0.3970011015625 0.33103831875 0.39605989375
1 0.39961283124999997 0.375 0.39546460156249996 0.3779296875 0.39546460156249996 0.3818359375 0.3968473453125 0.3828125 0.40237831875 0.3828125 0.4037610625 0.3818359375 0.40652654843749997 0.3798828125 0.40652654843749997 0.3759765625 0.4051438046875 0.375 0.39961283124999997 0.375
1 0.3688864984375 0.3896596859375 0.37128532812500004 0.3879655140625 0.37208493593749997 0.3857066171875 0.37128532812500004 0.3826947546875 0.3688864984375 0.382318271875 0.364355378125 0.382318271875 0.36035733125 0.3836359625 0.35902465 0.3855183765625 0.35902465 0.3887184796875 0.362756159375 0.39060089374999996 0.36568806249999997 0.39060089374999996 0.3688864984375 0.3896596859375
1 0.43003318593750006 0.365234375 0.4286504421875 0.3662109375 0.4286504421875 0.3701171875 0.432798671875 0.373046875 0.434181415625 0.3720703125 0.4397123890625 0.3701171875 0.4397123890625 0.3662109375 0.4383296453125 0.365234375 0.43003318593750006 0.365234375
1 0.47428097343750003 0.375 0.46598451250000006 0.375 0.46460177031249994 0.3759765625 0.4618362828125 0.3818359375 0.46598451250000006 0.384765625 0.46736725625000003 0.3837890625 0.47151548749999994 0.3828125 0.4756637171875 0.3798828125 0.4756637171875 0.3759765625 0.47428097343750003 0.375
1 0.5090846921875001 0.38928320312500003 0.5120165921875001 0.3870243078125 0.51175005625 0.38457716875000003 0.5104173734375 0.382318271875 0.5053531812500001 0.38213003125 0.5008220609375 0.383447721875 0.49868976875 0.3855183765625 0.49868976875 0.3887184796875 0.50215474375 0.3909773765625 0.505886253125 0.3909773765625 0.5090846921875001 0.38928320312500003
1 0.6208517703124999 0.37890625 0.6167035390625 0.3818359375 0.6167035390625 0.3857421875 0.6180862828125 0.38671875 0.62361725625 0.38671875 0.625 0.3857421875 0.6277654874999999 0.3837890625 0.6277654874999999 0.3798828125 0.62638274375 0.37890625 0.6208517703124999 0.37890625
1 0.55316075 0.39716804843750003 0.5581994421875 0.3967038875 0.561266471875 0.396085003125 0.5632381343749999 0.394537796875 0.56367628125 0.3923717078125 0.5627999859374999 0.3902056171875 0.5608283234375 0.38927729375000003 0.5568850000000001 0.389586734375 0.5538179703125 0.3903603390625 0.5518463078125 0.391598103125 0.5507509390625 0.39376419375 0.5507509390625 0.3956208421875 0.5507509390625 0.396239725 0.5516272359375 0.39654916562500003 0.55316075 0.39716804843750003
1 0.5886506671875 0.393918915625 0.5906223296875 0.39376419375 0.5930321375000001 0.39330003125 0.5952228749999999 0.392062265625 0.5971945359374999 0.3903603390625 0.5978517578125 0.38881313125 0.596537315625 0.386647040625 0.5952228749999999 0.3858734375 0.5932512125 0.38525455468750003 0.5910604765625 0.38525455468750003 0.5884315921875001 0.3858734375 0.5858027109374999 0.3877300859375 0.58470734375 0.389586734375 0.584050121875 0.391752825 0.585145490625 0.39376419375 0.5858027109374999 0.39376419375 0.5886506671875 0.393918915625
1 0.6554203546874999 0.3720703125 0.6554203546874999 0.3740234375 0.659568584375 0.376953125 0.6637168140624999 0.3759765625 0.6692477875 0.3720703125 0.66786504375 0.369140625 0.659568584375 0.369140625 0.6554203546874999 0.3720703125
1 0.725940265625 0.38671875 0.7217920359375001 0.3896484375 0.7217920359375001 0.3935546875 0.723174778125 0.39453125 0.7273230093749999 0.3935546875 0.7314712390625 0.392578125 0.7356194687500001 0.3896484375 0.7314712390625 0.38671875 0.725940265625 0.38671875
1 0.6979683750000001 0.3864923203125 0.7014735515625 0.38525455468750003 0.7032261421875 0.38386206875 0.7032261421875 0.381695978125 0.7027879953125 0.37968460937500004 0.7005972578125 0.378601565625 0.6964348609375001 0.378601565625 0.6931487578125 0.37968460937500004 0.6907389484374999 0.38154125781250003 0.6903008015625 0.3847903921875 0.6927106109375 0.3863376 0.694682271875 0.3863376 0.6979683750000001 0.3864923203125
1 0.7891029781250001 0.39654916562500003 0.7915127875 0.395466121875 0.7937035234375001 0.393918915625 0.7937035234375001 0.391752825 0.79238908125 0.3902056171875 0.7895411250000001 0.38927729375000003 0.785378728125 0.38927729375000003 0.781654478125 0.3908245 0.7805591093750001 0.3923717078125 0.7803400359375 0.395930284375 0.782092625 0.397013328125 0.7851596546875 0.397013328125 0.7891029781250001 0.39654916562500003
1 0.8226212343749999 0.3903603390625 0.8270027046875 0.3903603390625 0.83050788125 0.38803952812500003 0.83072695625 0.3864923203125 0.8296315875 0.38293374375 0.82678363125 0.3823148609375 0.82305938125 0.382624303125 0.8195542031249999 0.38370734687499997 0.8178016156249999 0.38618287812499996 0.8178016156249999 0.3889678515625 0.8171443953124999 0.38927729375000003 0.819773278125 0.3903603390625 0.8226212343749999 0.3903603390625
1 0.8585492984374999 0.3832431859375 0.8613972546875001 0.38293374375 0.8653405781249999 0.380612934375 0.8668740937500001 0.37782796093750004 0.8653405781249999 0.3748882671875 0.8620544765625 0.374733546875 0.8561394890624999 0.37581659218749996 0.8528533859375 0.378137403125 0.8526343109375001 0.3820054203125 0.8532915328125 0.383088465625 0.8552631953125 0.3832431859375 0.8585492984374999 0.3832431859375
1 0.8877212390624999 0.3681640625 0.8877212390624999 0.3701171875 0.8918694687500001 0.373046875 0.8960176984375 0.3720703125 0.9015486718749999 0.3681640625 0.9001659296875 0.365234375 0.8918694687500001 0.365234375 0.8877212390624999 0.3681640625
1 0.927820796875 0.375 0.923672565625 0.3779296875 0.923672565625 0.3837890625 0.925055309375 0.384765625 0.9292035390625 0.3837890625 0.9347345125000001 0.3818359375 0.9347345125000001 0.3759765625 0.9333517703125 0.375 0.927820796875 0.375
1 0.9680860812500001 0.3903603390625 0.9704958906250001 0.3897414546875 0.972686625 0.3881942484375 0.9737819921875 0.3864923203125 0.9733438453125001 0.384171509375 0.9720294046875001 0.3823148609375 0.9680860812500001 0.3820054203125 0.9643618296875 0.38216014062500003 0.96239016875 0.383088465625 0.9604185062499999 0.385099834375 0.959980359375 0.38881313125 0.9612947999999999 0.3903603390625 0.96414275625 0.39051505937500003 0.9680860812500001 0.3903603390625
1 0.203263275 0.478515625 0.19911504375 0.4814453125 0.19911504375 0.4853515625 0.20049778749999997 0.486328125 0.2087942484375 0.486328125 0.210176990625 0.4853515625 0.212942478125 0.4833984375 0.212942478125 0.4794921875 0.21155973437500003 0.478515625 0.203263275 0.478515625
1 0.2419800890625 0.470703125 0.2392146015625 0.47265625 0.23506637187499999 0.4736328125 0.23506637187499999 0.4775390625 0.236449115625 0.478515625 0.244745575 0.478515625 0.24612831875 0.4775390625 0.24612831875 0.4755859375 0.2488938046875 0.4736328125 0.244745575 0.470703125 0.2419800890625 0.470703125
1 0.27516592968750003 0.46875 0.2710176984375 0.4697265625 0.2710176984375 0.4755859375 0.27240044218750004 0.4765625 0.276548671875 0.4755859375 0.28207964531249996 0.4736328125 0.28207964531249996 0.4697265625 0.277931415625 0.466796875 0.27516592968750003 0.46875
1 0.3277101765625 0.466796875 0.323561946875 0.4697265625 0.323561946875 0.4755859375 0.32494469062500003 0.4765625 0.32909292031250004 0.4755859375 0.33462389375 0.4736328125 0.33462389375 0.4697265625 0.3304756640625 0.466796875 0.3277101765625 0.466796875
1 0.659568584375 0.478515625 0.6554203546874999 0.4814453125 0.6554203546874999 0.4853515625 0.6568030968749999 0.486328125 0.6650995578125001 0.486328125 0.6664823015625 0.4853515625 0.6692477875 0.4833984375 0.6692477875 0.4794921875 0.66786504375 0.478515625 0.659568584375 0.478515625
1 0.7051991156249999 0.4736328125 0.7010508843750001 0.470703125 0.6955199109375 0.470703125 0.6913716812499999 0.4736328125 0.6913716812499999 0.4794921875 0.6927544250000001 0.48046875 0.69413716875 0.4794921875 0.6955199109375 0.478515625 0.7010508843750001 0.478515625 0.7051991156249999 0.4755859375 0.7051991156249999 0.4736328125
1 0.7314712390625 0.466796875 0.7273230093749999 0.4697265625 0.7273230093749999 0.4755859375 0.7287057515625001 0.4765625 0.7342367249999999 0.4765625 0.7356194687500001 0.4755859375 0.73838495625 0.4736328125 0.73838495625 0.4677734375 0.7370022125 0.466796875 0.7314712390625 0.466796875
1 0.788076834375 0.47589081718750004 0.791158696875 0.47464706406249996 0.7935801625 0.472315028125 0.7933600296875001 0.4704494 0.7922593625000001 0.467806425 0.7893976312500001 0.466251734375 0.786756034375 0.4667181421875 0.7827936359375001 0.468583771875 0.7805923046875 0.47122674531250003 0.7805923046875 0.4743361265625 0.782573503125 0.47635722343750003 0.7852151015625 0.47651269375 0.788076834375 0.47589081718750004
1 0.0940265484375 0.5634765625 0.0940265484375 0.5673828125 0.09540929218750001 0.568359375 0.100940265625 0.568359375 0.10232300937500001 0.5673828125 0.1078539828125 0.5634765625 0.10370575156249999 0.560546875 0.098174778125 0.560546875 0.0940265484375 0.5634765625
1 0.13412610625000002 0.556640625 0.12997787656249998 0.5595703125 0.12997787656249998 0.5615234375 0.13412610625000002 0.564453125 0.13965707968750002 0.564453125 0.1410398234375 0.5634765625 0.143805309375 0.5615234375 0.143805309375 0.5576171875 0.142422565625 0.556640625 0.13412610625000002 0.556640625
1 0.17284292031249998 0.548828125 0.170077434375 0.55078125 0.16592920312499998 0.5517578125 0.16592920312499998 0.5556640625 0.167311946875 0.556640625 0.1756084078125 0.556640625 0.17699115 0.5556640625 0.17975663749999998 0.5537109375 0.17975663749999998 0.5517578125 0.1756084078125 0.548828125 0.17284292031249998 0.548828125
1 0.203263275 0.5390625 0.19911504375 0.5419921875 0.19911504375 0.5458984375 0.20049778749999997 0.546875 0.2087942484375 0.546875 0.210176990625 0.5458984375 0.210176990625 0.5439453125 0.212942478125 0.5419921875 0.21155973437500003 0.5390625 0.203263275 0.5390625
1 0.244745575 0.548828125 0.2419800890625 0.548828125 0.2392146015625 0.55078125 0.23506637187499999 0.5517578125 0.23506637187499999 0.5556640625 0.2392146015625 0.55859375 0.24059734531250002 0.5576171875 0.244745575 0.556640625 0.2488938046875 0.5537109375 0.2488938046875 0.5517578125 0.244745575 0.548828125
1 0.27516592968750003 0.556640625 0.2710176984375 0.5595703125 0.2710176984375 0.5634765625 0.27240044218750004 0.564453125 0.277931415625 0.564453125 0.27931415937500004 0.5634765625 0.28207964531249996 0.5615234375 0.28207964531249996 0.5576171875 0.280696903125 0.556640625 0.27516592968750003 0.556640625
1 0.32079646093749997 0.5576171875 0.32217920312500004 0.560546875 0.33324115 0.560546875 0.33462389375 0.5595703125 0.33462389375 0.5537109375 0.33324115 0.552734375 0.3277101765625 0.552734375 0.32079646093749997 0.5576171875
1 0.37195796406250003 0.546875 0.36089601718750003 0.546875 0.35951327499999997 0.5478515625 0.35951327499999997 0.5537109375 0.36089601718750003 0.5546875 0.3650442484375 0.5537109375 0.37057522187499997 0.5517578125 0.37057522187499997 0.5498046875 0.3733407078125 0.5478515625 0.37195796406250003 0.546875
1 0.3968473453125 0.5390625 0.39546460156249996 0.5400390625 0.39546460156249996 0.5458984375 0.3968473453125 0.546875 0.40237831875 0.546875 0.4037610625 0.5458984375 0.40652654843749997 0.5439453125 0.40652654843749997 0.5400390625 0.4051438046875 0.5390625 0.3968473453125 0.5390625
1 0.4383296453125 0.529296875 0.435564159375 0.52734375 0.432798671875 0.529296875 0.4286504421875 0.5302734375 0.4286504421875 0.5341796875 0.432798671875 0.537109375 0.434181415625 0.5361328125 0.4383296453125 0.53515625 0.4424778765625 0.5322265625 0.4424778765625 0.5302734375 0.4383296453125 0.529296875
1 0.46598451250000006 0.5390625 0.46460177031249994 0.5400390625 0.46460177031249994 0.5458984375 0.46598451250000006 0.546875 0.47151548749999994 0.546875 0.47289822968750006 0.5458984375 0.4756637171875 0.5439453125 0.4756637171875 0.5400390625 0.47428097343750003 0.5390625 0.46598451250000006 0.5390625
1 0.4977876109375 0.5498046875 0.4977876109375 0.5517578125 0.5019358406250001 0.5546875 0.5060840703125 0.5537109375 0.51161504375 0.5498046875 0.5102323015625 0.546875 0.5019358406250001 0.546875 0.4977876109375 0.5498046875
1 0.5544800890625 0.56640625 0.5503318578124999 0.5693359375 0.5503318578124999 0.5732421875 0.5517146015625001 0.57421875 0.5600110625 0.57421875 0.5613938046875 0.5732421875 0.5613938046875 0.5712890625 0.5641592921874999 0.5693359375 0.5600110625 0.56640625 0.5544800890625 0.56640625
1 0.590431415625 0.560546875 0.5862831859375001 0.5634765625 0.5862831859375001 0.5654296875 0.590431415625 0.568359375 0.5959623890625 0.568359375 0.5973451328125 0.5673828125 0.6001106187499999 0.5654296875 0.6001106187499999 0.5615234375 0.5987278765624999 0.560546875 0.590431415625 0.560546875
1 0.62638274375 0.552734375 0.6222345125000001 0.5556640625 0.6222345125000001 0.5595703125 0.62361725625 0.560546875 0.6319137171875 0.560546875 0.6332964609375 0.5595703125 0.6360619468750001 0.5576171875 0.6360619468750001 0.5537109375 0.6346792031249999 0.552734375 0.62638274375 0.552734375
1 0.6554203546874999 0.5458984375 0.6554203546874999 0.5478515625 0.659568584375 0.55078125 0.6637168140624999 0.5498046875 0.6692477875 0.5458984375 0.66786504375 0.54296875 0.659568584375 0.54296875 0.6554203546874999 0.5458984375
1 0.6955199109375 0.552734375 0.6913716812499999 0.5556640625 0.6913716812499999 0.5595703125 0.6927544250000001 0.560546875 0.7010508843750001 0.560546875 0.702433628125 0.5595703125 0.7051991156249999 0.5576171875 0.7051991156249999 0.5556640625 0.7010508843750001 0.552734375 0.6955199109375 0.552734375
1 0.7287057515625001 0.560546875 0.7273230093749999 0.5615234375 0.7273230093749999 0.5673828125 0.7287057515625001 0.568359375 0.7342367249999999 0.568359375 0.7356194687500001 0.5673828125 0.73838495625 0.5654296875 0.73838495625 0.5615234375 0.7370022125 0.560546875 0.7287057515625001 0.560546875
1 0.7840154874999999 0.552734375 0.77986725625 0.5556640625 0.77986725625 0.5595703125 0.78125 0.560546875 0.7895464609375 0.560546875 0.7909292031249999 0.5595703125 0.793694690625 0.5576171875 0.793694690625 0.5556640625 0.7895464609375 0.552734375 0.7840154874999999 0.552734375
1 0.8199668140625 0.546875 0.8185840703125 0.5478515625 0.8185840703125 0.5537109375 0.8199668140625 0.5546875 0.82411504375 0.5537109375 0.8296460171875 0.5517578125 0.8296460171875 0.5478515625 0.828263275 0.546875 0.8199668140625 0.546875
1 0.8559181421875 0.5390625 0.8517699109375 0.5419921875 0.8517699109375 0.5458984375 0.8531526546875 0.546875 0.861449115625 0.546875 0.8628318578125 0.5458984375 0.8655973453125 0.5439453125 0.8655973453125 0.5400390625 0.8642146015625001 0.5390625 0.8559181421875 0.5390625
1 0.8974004421874999 0.52734375 0.89463495625 0.52734375 0.8918694687500001 0.529296875 0.8877212390624999 0.5302734375 0.8877212390624999 0.5361328125 0.8891039828125 0.537109375 0.8932522125 0.5361328125 0.8974004421874999 0.53515625 0.9015486718749999 0.5322265625 0.9015486718749999 0.5302734375 0.8974004421874999 0.52734375
1 0.927820796875 0.5390625 0.923672565625 0.5419921875 0.923672565625 0.5458984375 0.925055309375 0.546875 0.9305862828125001 0.546875 0.9319690265625 0.5458984375 0.9347345125000001 0.5439453125 0.9347345125000001 0.5400390625 0.9333517703125 0.5390625 0.927820796875 0.5390625
1 0.9665376109375 0.544921875 0.9596238937500001 0.5498046875 0.9596238937500001 0.5517578125 0.9637721234375001 0.5546875 0.9679203546874999 0.5537109375 0.9734513281250001 0.5498046875 0.9734513281250001 0.5478515625 0.9693030968749999 0.544921875 0.9665376109375 0.544921875
1 0.27516592968750003 0.638671875 0.2710176984375 0.6416015625 0.2710176984375 0.6455078125 0.27240044218750004 0.646484375 0.277931415625 0.646484375 0.27931415937500004 0.6455078125 0.28207964531249996 0.6435546875 0.28207964531249996 0.6396484375 0.280696903125 0.638671875 0.27516592968750003 0.638671875
1 0.2080258671875 0.65701228125 0.2122083984375 0.6557685281250001 0.212648665625 0.6534364921875 0.21242853125 0.649705234375 0.209126534375 0.6486169515625 0.20538426875 0.648927890625 0.2012017375 0.6503271109375001 0.1996608078125 0.652348209375 0.19988093906249998 0.6563904046875 0.2027426703125 0.6577896265625001 0.20538426875 0.6579450953125 0.2080258671875 0.65701228125
1 0.2428069125 0.649860703125 0.2465491765625 0.6486169515625 0.2483102421875 0.6461294468750001 0.24963104062500002 0.643020065625 0.24632904375 0.6414653734375 0.242586778125 0.6414653734375 0.237523715625 0.6427091265625 0.235322384375 0.6455075703125 0.2351022515625 0.648927890625 0.2368633171875 0.649860703125 0.238844515625 0.6501716421875 0.2428069125 0.649860703125
1 0.32494469062500003 0.638671875 0.323561946875 0.6396484375 0.323561946875 0.6455078125 0.32494469062500003 0.646484375 0.3304756640625 0.646484375 0.3318584078125 0.6455078125 0.33462389375 0.6435546875 0.33462389375 0.6396484375 0.33324115 0.638671875 0.32494469062500003 0.638671875
1 0.4286504421875 0.6376953125 0.4286504421875 0.6416015625 0.43003318593750006 0.642578125 0.4383296453125 0.642578125 0.4397123890625 0.6416015625 0.4397123890625 0.6357421875 0.4383296453125 0.634765625 0.432798671875 0.634765625 0.4286504421875 0.6376953125
1 0.4019547453125 0.646392546875 0.4040714109375 0.6454956109375 0.40661140937500007 0.644000715625 0.407246409375 0.642057353125 0.407458075 0.639217053125 0.4036480765625 0.6386190953125 0.399414746875 0.6384696046875 0.3964514140625 0.6399644999999999 0.3934880828125 0.6417583734375001 0.3941230828125 0.6448976531249999 0.39518141562500003 0.64609356875 0.398144746875 0.6465420374999999 0.4019547453125 0.646392546875
1 0.5019358406250001 0.634765625 0.4977876109375 0.6376953125 0.4977876109375 0.6416015625 0.4991703546875 0.642578125 0.5074668140624999 0.642578125 0.5088495578125001 0.6416015625 0.51161504375 0.6396484375 0.51161504375 0.6376953125 0.5074668140624999 0.634765625 0.5019358406250001 0.634765625
1 0.5600110625 0.630859375 0.5544800890625 0.630859375 0.5503318578124999 0.6337890625 0.5503318578124999 0.6376953125 0.5544800890625 0.640625 0.55586283125 0.6396484375 0.5600110625 0.638671875 0.5641592921874999 0.6357421875 0.5641592921874999 0.6337890625 0.5600110625 0.630859375
1 0.6623340703125 0.62890625 0.6581858406250001 0.6298828125 0.6581858406250001 0.6337890625 0.659568584375 0.634765625 0.6650995578125001 0.634765625 0.6664823015625 0.6337890625 0.6692477875 0.6318359375 0.6692477875 0.6298828125 0.6650995578125001 0.626953125 0.6623340703125 0.62890625
1 0.6330945984375 0.6368252203125 0.6354229296875 0.6353303265625 0.635634596875 0.6318920671875 0.631401265625 0.631294109375 0.62695626875 0.631742578125 0.6237812703125 0.6333869625 0.6225112703125 0.6356293046875 0.6227229375000001 0.6378716468750001 0.6261096015625001 0.639217053125 0.6288612671875 0.638768584375 0.6330945984375 0.6368252203125
1 0.7273230093749999 0.6298828125 0.7273230093749999 0.6337890625 0.7287057515625001 0.634765625 0.7370022125 0.634765625 0.73838495625 0.6337890625 0.73838495625 0.6298828125 0.7342367249999999 0.626953125 0.7314712390625 0.62890625 0.7273230093749999 0.6298828125
1 0.77986725625 0.6279296875 0.77986725625 0.6318359375 0.78125 0.6328125 0.7867809734375 0.6328125 0.7881637171875 0.6318359375 0.793694690625 0.6279296875 0.7923119468750001 0.625 0.7840154874999999 0.625 0.77986725625 0.6279296875
1 0.947179203125 0.630859375 0.9430309734375 0.6337890625 0.9430309734375 0.6376953125 0.9444137171874999 0.638671875 0.949944690625 0.638671875 0.951327434375 0.6376953125 0.9540929203124999 0.6357421875 0.9540929203124999 0.6318359375 0.9527101765625 0.630859375 0.947179203125 0.630859375
1 0.9623893812500001 0.6298828125 0.9623893812500001 0.6337890625 0.9637721234375001 0.634765625 0.9720685843749999 0.634765625 0.9734513281250001 0.6337890625 0.9734513281250001 0.6298828125 0.9693030968749999 0.626953125 0.9665376109375 0.62890625 0.9623893812500001 0.6298828125
1 0.927820796875 0.634765625 0.9209070796875001 0.6396484375 0.9222898234375 0.642578125 0.9305862828125001 0.642578125 0.9319690265625 0.6416015625 0.9347345125000001 0.6396484375 0.9347345125000001 0.6376953125 0.9305862828125001 0.634765625 0.927820796875 0.634765625
1 0.909954421875 0.650279275 0.9129177546875 0.6484854 0.9148227515625 0.646392546875 0.91503441875 0.6442996953125 0.9137644187499999 0.642954290625 0.9116477546875 0.6417583734375001 0.9078377578125 0.642057353125 0.9052977578125001 0.6428048000000001 0.9021227609375 0.6448976531249999 0.9021227609375 0.6480369328125 0.9029694265625 0.6499802953125 0.9069910906249999 0.650279275 0.909954421875 0.650279275
1 0.8889994359375001 0.656707321875 0.891962765625 0.65551140625 0.8936560984374999 0.653867021875 0.8945027640625 0.6516246796875 0.8934444312500001 0.649681315625 0.8911161015625 0.6487843796874999 0.8877294359375 0.649083359375 0.8839194390625 0.6504287640624999 0.8813794406250001 0.652820596875 0.8815911062499999 0.6558103843749999 0.88286110625 0.6570063015625001 0.8851894375 0.6574547703125 0.8889994359375001 0.656707321875
1 0.0940265484375 0.7412109375 0.0940265484375 0.7451171875 0.09540929218750001 0.74609375 0.100940265625 0.74609375 0.10232300937500001 0.7451171875 0.1078539828125 0.7412109375 0.1064712390625 0.73828125 0.098174778125 0.73828125 0.0940265484375 0.7412109375
1 0.13412610625000002 0.73046875 0.12997787656249998 0.7333984375 0.12997787656249998 0.7373046875 0.13136061875 0.73828125 0.13965707968750002 0.73828125 0.1410398234375 0.7373046875 0.143805309375 0.7353515625 0.143805309375 0.7314453125 0.142422565625 0.73046875 0.13412610625000002 0.73046875
1 0.16592920312499998 0.7275390625 0.16592920312499998 0.7294921875 0.170077434375 0.732421875 0.1742256640625 0.7314453125 0.17975663749999998 0.7275390625 0.17837389374999998 0.724609375 0.170077434375 0.724609375 0.16592920312499998 0.7275390625
1 0.2060287609375 0.712890625 0.19911504375 0.7177734375 0.20049778749999997 0.720703125 0.2087942484375 0.720703125 0.210176990625 0.7197265625 0.212942478125 0.7177734375 0.212942478125 0.7158203125 0.2087942484375 0.712890625 0.2060287609375 0.712890625
1 0.23506637187499999 0.7275390625 0.23506637187499999 0.7314453125 0.236449115625 0.732421875 0.2419800890625 0.732421875 0.24336283124999997 0.7314453125 0.2488938046875 0.7275390625 0.244745575 0.724609375 0.2392146015625 0.724609375 0.23506637187499999 0.7275390625
1 0.27516592968750003 0.732421875 0.2710176984375 0.7333984375 0.2710176984375 0.7373046875 0.27240044218750004 0.73828125 0.280696903125 0.73828125 0.28207964531249996 0.7373046875 0.28207964531249996 0.7314453125 0.280696903125 0.73046875 0.277931415625 0.73046875 0.27516592968750003 0.732421875
1 0.32494469062500003 0.724609375 0.323561946875 0.7255859375 0.323561946875 0.7314453125 0.32494469062500003 0.732421875 0.3304756640625 0.732421875 0.3318584078125 0.7314453125 0.33462389375 0.7294921875 0.33462389375 0.7255859375 0.33324115 0.724609375 0.32494469062500003 0.724609375
1 0.36366150468749997 0.716796875 0.35951327499999997 0.7197265625 0.35951327499999997 0.7236328125 0.36089601718750003 0.724609375 0.366426990625 0.724609375 0.36780973437500003 0.7236328125 0.37057522187499997 0.7216796875 0.37057522187499997 0.7177734375 0.369192478125 0.716796875 0.36366150468749997 0.716796875
1 0.39961283124999997 0.7109375 0.39546460156249996 0.7119140625 0.39546460156249996 0.7158203125 0.39961283124999997 0.71875 0.40099557499999994 0.7177734375 0.40652654843749997 0.7158203125 0.40652654843749997 0.7119140625 0.40237831875 0.708984375 0.39961283124999997 0.7109375
1 0.46875 0.728515625 0.46460177031249994 0.7294921875 0.46460177031249994 0.7353515625 0.46598451250000006 0.736328125 0.47013274374999997 0.7353515625 0.4756637171875 0.7333984375 0.4756637171875 0.7294921875 0.47151548749999994 0.7265625 0.46875 0.728515625
1 0.5019358406250001 0.720703125 0.4977876109375 0.7236328125 0.4977876109375 0.7255859375 0.5019358406250001 0.728515625 0.5060840703125 0.7275390625 0.51161504375 0.7255859375 0.51161504375 0.7216796875 0.5102323015625 0.720703125 0.5019358406250001 0.720703125
1 0.4373030546875 0.741766840625 0.43963138749999997 0.7404214359375 0.44111305312500004 0.738328584375 0.44090138593750006 0.735637771875 0.43899638750000003 0.7344418562499999 0.43603305625 0.734591346875 0.43095306093749997 0.7359367515625 0.42862472812499997 0.738478071875 0.427989728125 0.7420658203125 0.43201139218750007 0.7428132671875 0.43412805781249997 0.7426637781250001 0.4373030546875 0.741766840625
1 0.5641592921874999 0.7333984375 0.5600110625 0.73046875 0.5544800890625 0.73046875 0.5503318578124999 0.7333984375 0.5503318578124999 0.7392578125 0.5517146015625001 0.740234375 0.5530973453125 0.7392578125 0.5544800890625 0.73828125 0.5600110625 0.73828125 0.5641592921874999 0.7353515625 0.5641592921874999 0.7333984375
1 0.590431415625 0.724609375 0.589048671875 0.7275390625 0.5862831859375001 0.7294921875 0.590431415625 0.732421875 0.5959623890625 0.732421875 0.5973451328125 0.7314453125 0.6001106187499999 0.7294921875 0.6001106187499999 0.7255859375 0.5987278765624999 0.724609375 0.590431415625 0.724609375
1 0.62638274375 0.716796875 0.6222345125000001 0.7197265625 0.6222345125000001 0.7236328125 0.62361725625 0.724609375 0.6319137171875 0.724609375 0.6332964609375 0.7236328125 0.6360619468750001 0.7216796875 0.6360619468750001 0.7197265625 0.6319137171875 0.716796875 0.62638274375 0.716796875
1 0.6623340703125 0.744140625 0.6554203546874999 0.7490234375 0.6568030968749999 0.751953125 0.659568584375 0.751953125 0.6623340703125 0.75390625 0.6637168140624999 0.7529296875 0.6692477875 0.7490234375 0.6692477875 0.7451171875 0.66786504375 0.744140625 0.6623340703125 0.744140625
1 0.6913716812499999 0.7412109375 0.6913716812499999 0.7451171875 0.6927544250000001 0.74609375 0.6982853984374999 0.74609375 0.6996681421875001 0.7451171875 0.7051991156249999 0.7412109375 0.703816371875 0.73828125 0.6955199109375 0.73828125 0.6913716812499999 0.7412109375
1 0.7273230093749999 0.7333984375 0.7273230093749999 0.7373046875 0.7287057515625001 0.73828125 0.7370022125 0.73828125 0.73838495625 0.7373046875 0.73838495625 0.7314453125 0.7370022125 0.73046875 0.7314712390625 0.73046875 0.7273230093749999 0.7333984375
1 0.7840154874999999 0.734375 0.78263274375 0.7373046875 0.77986725625 0.7392578125 0.7840154874999999 0.7421875 0.7895464609375 0.7421875 0.7909292031249999 0.7412109375 0.793694690625 0.7392578125 0.793694690625 0.7353515625 0.7923119468750001 0.734375 0.7840154874999999 0.734375
1 0.8199668140625 0.7265625 0.8130530968749999 0.7314453125 0.8199668140625 0.736328125 0.8213495578125001 0.7353515625 0.8268805312499999 0.7314453125 0.8268805312499999 0.7294921875 0.8227323015625 0.7265625 0.8199668140625 0.7265625
1 0.85038716875 0.720703125 0.8490044250000001 0.7216796875 0.8490044250000001 0.7275390625 0.85038716875 0.728515625 0.8559181421875 0.728515625 0.857300884375 0.7275390625 0.8600663718750001 0.7255859375 0.8600663718750001 0.7216796875 0.8586836281249999 0.720703125 0.85038716875 0.720703125
1 0.8863384953125 0.7109375 0.882190265625 0.7119140625 0.882190265625 0.7158203125 0.8863384953125 0.71875 0.8877212390624999 0.7177734375 0.8932522125 0.7158203125 0.8932522125 0.7119140625 0.8891039828125 0.708984375 0.8863384953125 0.7109375
1 0.9209070796875001 0.7236328125 0.9209070796875001 0.7275390625 0.9222898234375 0.728515625 0.927820796875 0.728515625 0.9292035390625 0.7275390625 0.9347345125000001 0.7236328125 0.9333517703125 0.720703125 0.925055309375 0.720703125 0.9209070796875001 0.7236328125
1 0.9665376109375 0.728515625 0.9623893812500001 0.7294921875 0.9623893812500001 0.7353515625 0.9637721234375001 0.736328125 0.9679203546874999 0.7353515625 0.9734513281250001 0.7333984375 0.9734513281250001 0.7294921875 0.9693030968749999 0.7265625 0.9665376109375 0.728515625
1 0.1078539828125 0.7939453125 0.10370575156249999 0.791015625 0.098174778125 0.791015625 0.0912610625 0.7958984375 0.0940265484375 0.7978515625 0.0940265484375 0.7998046875 0.09540929218750001 0.80078125 0.09679203593749999 0.7998046875 0.098174778125 0.798828125 0.10370575156249999 0.798828125 0.1078539828125 0.7958984375 0.1078539828125 0.7939453125
1 0.2060287609375 0.791015625 0.203263275 0.79296875 0.19911504375 0.7939453125 0.19911504375 0.7978515625 0.20049778749999997 0.798828125 0.2087942484375 0.798828125 0.210176990625 0.7978515625 0.212942478125 0.7958984375 0.212942478125 0.7939453125 0.2087942484375 0.791015625 0.2060287609375 0.791015625
1 0.17571462499999999 0.8025684734375 0.178481784375 0.8007770265625 0.1791735734375 0.7991484390625 0.178481784375 0.7954026843750001 0.17571462499999999 0.7947512484375 0.17271686718749998 0.7949141078124999 0.1683355328125 0.7967055546874999 0.1662601625 0.7988227203125 0.1662601625 0.8024056156249999 0.16925791875 0.8038713453125 0.172255675 0.80338276875 0.17571462499999999 0.8025684734375
1 0.2797136984375 0.803219909375 0.28178906875 0.801265603125 0.28409503593749996 0.7986598609375 0.28225026249999996 0.79556554375 0.27902190937500004 0.794588390625 0.275101765625 0.7950769656250001 0.2716428171875 0.7967055546874999 0.270028640625 0.7988227203125 0.2695674484375 0.8025684734375 0.271181625 0.8041970624999999 0.2744099765625 0.80452278125 0.2797136984375 0.803219909375
1 0.3304756640625 0.791015625 0.3277101765625 0.79296875 0.323561946875 0.7939453125 0.323561946875 0.7978515625 0.32494469062500003 0.798828125 0.33324115 0.798828125 0.33462389375 0.7978515625 0.33738938125 0.7958984375 0.33738938125 0.7939453125 0.33324115 0.791015625 0.3304756640625 0.791015625
1 0.432798671875 0.791015625 0.4272676984375 0.791015625 0.42311946875000006 0.7939453125 0.42311946875000006 0.7998046875 0.42450221250000003 0.80078125 0.4286504421875 0.7998046875 0.432798671875 0.798828125 0.43694690312500006 0.7958984375 0.43694690312500006 0.7939453125 0.432798671875 0.791015625
1 0.397317975 0.8041970624999999 0.400546328125 0.8025684734375 0.403082890625 0.8006141671875 0.404005278125 0.79833414375 0.4033134875 0.7950769656250001 0.3993933453125 0.7947512484375 0.39339783437500003 0.796216978125 0.39178365625 0.7986598609375 0.390630671875 0.8022427562500001 0.39132246406250004 0.8038713453125 0.3940896234375 0.8041970624999999 0.397317975 0.8041970624999999
1 0.49578273125 0.8040342031250001 0.499472278125 0.802731334375 0.5013170515625001 0.8011027453124999 0.5031618234375 0.799311296875 0.5027006296875001 0.796542696875 0.4999334703125 0.7947512484375 0.49578273125 0.7954026843750001 0.490940203125 0.797031271875 0.48978721875 0.7986598609375 0.48978721875 0.802079896875 0.490479009375 0.8037084859375 0.492784975 0.8041970624999999 0.49578273125 0.8040342031250001
1 0.5931969031250001 0.806640625 0.589048671875 0.8095703125 0.589048671875 0.8115234375 0.5931969031250001 0.814453125 0.5973451328125 0.8134765625 0.6001106187499999 0.8115234375 0.6001106187499999 0.8076171875 0.5987278765624999 0.806640625 0.5931969031250001 0.806640625
1 0.6789269906250001 0.806640625 0.6775442484374999 0.8076171875 0.6775442484374999 0.8134765625 0.6789269906250001 0.814453125 0.6844579640624999 0.814453125 0.6858407078125001 0.8134765625 0.6886061953125 0.8115234375 0.6886061953125 0.8076171875 0.6872234515625 0.806640625 0.6789269906250001 0.806640625
1 0.71211283125 0.80859375 0.7093473453125 0.810546875 0.7051991156249999 0.8115234375 0.7051991156249999 0.8154296875 0.7093473453125 0.818359375 0.7107300890625 0.8173828125 0.7162610625 0.8154296875 0.7162610625 0.8095703125 0.7148783187500001 0.80859375 0.71211283125 0.80859375
1 0.7370022125 0.806640625 0.7328539828125 0.8095703125 0.7328539828125 0.8134765625 0.7342367249999999 0.814453125 0.7397676984375 0.814453125 0.7411504421874999 0.8134765625 0.7439159296875 0.8115234375 0.7439159296875 0.8076171875 0.7425331859375001 0.806640625 0.7370022125 0.806640625
1 0.7867809734375 0.80859375 0.77986725625 0.8134765625 0.77986725625 0.8154296875 0.7840154874999999 0.818359375 0.7881637171875 0.8173828125 0.793694690625 0.8134765625 0.793694690625 0.8115234375 0.7895464609375 0.80859375 0.7867809734375 0.80859375
1 0.9001659296875 0.81640625 0.8918694687500001 0.81640625 0.8877212390624999 0.8193359375 0.8877212390624999 0.8232421875 0.8918694687500001 0.826171875 0.8932522125 0.8251953125 0.8987831859375 0.8232421875 0.8987831859375 0.8212890625 0.9015486718749999 0.8193359375 0.9001659296875 0.81640625
1 0.8622007593750001 0.8237401265625 0.8661209031249999 0.8211343843750001 0.8658903062500001 0.818854359375 0.86289255 0.8167371953125 0.8587418109374999 0.8165743359375 0.8545910703124999 0.81738863125 0.8527462984374999 0.819180078125 0.8529768953125 0.8232515499999999 0.8555134578124999 0.824554421875 0.858050021875 0.824554421875 0.8622007593750001 0.8237401265625
1 0.098174778125 0.90625 0.0940265484375 0.9091796875 0.0940265484375 0.9111328125 0.098174778125 0.9140625 0.099557521875 0.9130859375 0.1050884953125 0.9111328125 0.1050884953125 0.9072265625 0.10370575156249999 0.90625 0.098174778125 0.90625
1 0.1368915921875 0.8984375 0.12997787656249998 0.9033203125 0.13412610625000002 0.90625 0.13965707968750002 0.90625 0.1410398234375 0.9052734375 0.143805309375 0.9033203125 0.143805309375 0.8994140625 0.142422565625 0.8984375 0.1368915921875 0.8984375
1 0.17284292031249998 0.890625 0.16592920312499998 0.8955078125 0.167311946875 0.8984375 0.1756084078125 0.8984375 0.17699115 0.8974609375 0.17975663749999998 0.8955078125 0.17975663749999998 0.8935546875 0.1756084078125 0.890625 0.17284292031249998 0.890625
1 0.203263275 0.880859375 0.19911504375 0.8837890625 0.19911504375 0.8876953125 0.20049778749999997 0.888671875 0.2087942484375 0.888671875 0.210176990625 0.8876953125 0.212942478125 0.8857421875 0.212942478125 0.8818359375 0.21155973437500003 0.880859375 0.203263275 0.880859375
1 0.2419800890625 0.890625 0.2392146015625 0.892578125 0.23506637187499999 0.8935546875 0.23506637187499999 0.8974609375 0.236449115625 0.8984375 0.244745575 0.8984375 0.24612831875 0.8974609375 0.2488938046875 0.8955078125 0.2488938046875 0.8935546875 0.244745575 0.890625 0.2419800890625 0.890625
1 0.27516592968750003 0.8984375 0.2710176984375 0.9013671875 0.2710176984375 0.9052734375 0.27240044218750004 0.90625 0.277931415625 0.90625 0.27931415937500004 0.9052734375 0.28207964531249996 0.9033203125 0.28207964531249996 0.8994140625 0.280696903125 0.8984375 0.27516592968750003 0.8984375
1 0.323561946875 0.9091796875 0.323561946875 0.9111328125 0.3277101765625 0.9140625 0.3318584078125 0.9130859375 0.33738938125 0.9091796875 0.33600663750000004 0.90625 0.3277101765625 0.90625 0.323561946875 0.9091796875
1 0.36089601718750003 0.8984375 0.35674778749999997 0.9013671875 0.35674778749999997 0.9052734375 0.35813053125 0.90625 0.36366150468749997 0.90625 0.3650442484375 0.9052734375 0.36780973437500003 0.9033203125 0.36780973437500003 0.8994140625 0.366426990625 0.8984375 0.36089601718750003 0.8984375
1 0.3968473453125 0.892578125 0.3940818578125 0.892578125 0.389933628125 0.8955078125 0.3940818578125 0.8984375 0.39961283124999997 0.8984375 0.40099557499999994 0.8974609375 0.4037610625 0.8955078125 0.4037610625 0.8935546875 0.39961283124999997 0.890625 0.3968473453125 0.892578125
1 0.42311946875000006 0.9052734375 0.42311946875000006 0.9091796875 0.42450221250000003 0.91015625 0.43003318593750006 0.91015625 0.43141592968750003 0.9091796875 0.43694690312500006 0.9052734375 0.432798671875 0.90234375 0.4272676984375 0.90234375 0.42311946875000006 0.9052734375
1 0.46045353906250003 0.89453125 0.45630530937499997 0.8974609375 0.45630530937499997 0.9013671875 0.45768805312499994 0.90234375 0.46598451250000006 0.90234375 0.46736725625000003 0.9013671875 0.46736725625000003 0.8994140625 0.47013274374999997 0.8974609375 0.46598451250000006 0.89453125 0.46045353906250003 0.89453125
1 0.48949115 0.8916015625 0.48949115 0.8935546875 0.49363938125000006 0.896484375 0.4977876109375 0.8955078125 0.503318584375 0.8916015625 0.5019358406250001 0.888671875 0.49363938125000006 0.888671875 0.48949115 0.8916015625
1 0.590431415625 0.916015625 0.589048671875 0.9169921875 0.589048671875 0.9228515625 0.590431415625 0.923828125 0.5987278765624999 0.923828125 0.6001106187499999 0.9228515625 0.6001106187499999 0.9208984375 0.60287610625 0.9189453125 0.6014933625000001 0.916015625 0.590431415625 0.916015625
1 0.62361725625 0.908203125 0.6194690265625 0.9111328125 0.6194690265625 0.9150390625 0.6208517703124999 0.916015625 0.6291482296875001 0.916015625 0.6305309734375 0.9150390625 0.6332964609375 0.9130859375 0.6332964609375 0.9111328125 0.6291482296875001 0.908203125 0.62361725625 0.908203125
1 0.6512721234375001 0.90234375 0.64712389375 0.9052734375 0.64712389375 0.9072265625 0.6512721234375001 0.91015625 0.6554203546874999 0.9091796875 0.660951328125 0.9072265625 0.660951328125 0.9033203125 0.659568584375 0.90234375 0.6512721234375001 0.90234375
1 0.681692478125 0.890625 0.6775442484374999 0.8935546875 0.6775442484374999 0.8974609375 0.6789269906250001 0.8984375 0.6844579640624999 0.8984375 0.6858407078125001 0.8974609375 0.6886061953125 0.8955078125 0.6886061953125 0.8935546875 0.6844579640624999 0.890625 0.681692478125 0.890625
1 0.7093473453125 0.90234375 0.7051991156249999 0.9052734375 0.7051991156249999 0.9072265625 0.7093473453125 0.91015625 0.7134955749999999 0.9091796875 0.7162610625 0.9072265625 0.7162610625 0.9033203125 0.7148783187500001 0.90234375 0.7093473453125 0.90234375
1 0.7370022125 0.908203125 0.7328539828125 0.9111328125 0.7328539828125 0.9150390625 0.7370022125 0.91796875 0.73838495625 0.9169921875 0.7439159296875 0.9150390625 0.7439159296875 0.9091796875 0.7425331859375001 0.908203125 0.7370022125 0.908203125
1 0.7867809734375 0.908203125 0.77986725625 0.9130859375 0.78125 0.916015625 0.7895464609375 0.916015625 0.7909292031249999 0.9150390625 0.793694690625 0.9130859375 0.793694690625 0.9111328125 0.7895464609375 0.908203125 0.7867809734375 0.908203125
1 0.8199668140625 0.90234375 0.8185840703125 0.9033203125 0.8185840703125 0.9091796875 0.8199668140625 0.91015625 0.8254977875 0.91015625 0.8268805312499999 0.9091796875 0.8296460171875 0.9072265625 0.8296460171875 0.9033203125 0.828263275 0.90234375 0.8199668140625 0.90234375
1 0.8559181421875 0.89453125 0.8545353984374999 0.8974609375 0.8517699109375 0.8994140625 0.8559181421875 0.90234375 0.861449115625 0.90234375 0.8628318578125 0.9013671875 0.8655973453125 0.8994140625 0.8655973453125 0.8955078125 0.8642146015625001 0.89453125 0.8559181421875 0.89453125
1 0.8877212390624999 0.8876953125 0.8877212390624999 0.8916015625 0.8891039828125 0.892578125 0.89463495625 0.892578125 0.8960176984375 0.8916015625 0.9015486718749999 0.8876953125 0.9001659296875 0.884765625 0.8918694687500001 0.884765625 0.8877212390624999 0.8876953125
1 0.927820796875 0.89453125 0.923672565625 0.8974609375 0.923672565625 0.9013671875 0.925055309375 0.90234375 0.9333517703125 0.90234375 0.9347345125000001 0.9013671875 0.9347345125000001 0.8994140625 0.9375 0.8974609375 0.9333517703125 0.89453125 0.927820796875 0.89453125
1 0.9637721234375001 0.90234375 0.9596238937500001 0.9052734375 0.9596238937500001 0.9072265625 0.9637721234375001 0.91015625 0.9693030968749999 0.91015625 0.970685840625 0.9091796875 0.970685840625 0.9072265625 0.9734513281250001 0.9052734375 0.9720685843749999 0.90234375 0.9637721234375001 0.90234375
0 0.30282079687499996 0.119140625 0.3055862828125 0.1171875 0.3194137171875 0.1171875 0.32079646093749997 0.1142578125 0.3166482296875 0.111328125 0.30005530937499997 0.111328125 0.2972898234375 0.11328125 0.280696903125 0.11328125 0.277931415625 0.115234375 0.258573009375 0.115234375 0.255807521875 0.1171875 0.2419800890625 0.1171875 0.2378318578125 0.1201171875 0.2392146015625 0.123046875 0.25304203593749997 0.123046875 0.25442477812500003 0.1220703125 0.255807521875 0.12109375 0.280696903125 0.12109375 0.2834623890625 0.119140625 0.30282079687499996 0.119140625
0 0.7425331859375001 0.119140625 0.745298671875 0.1171875 0.7535951328125 0.1171875 0.7577433625000001 0.1142578125 0.7535951328125 0.111328125 0.7397676984375 0.111328125 0.7370022125 0.11328125 0.725940265625 0.11328125 0.723174778125 0.115234375 0.7065818578124999 0.115234375 0.703816371875 0.1171875 0.6927544250000001 0.1171875 0.6886061953125 0.1201171875 0.6899889375 0.123046875 0.703816371875 0.123046875 0.7051991156249999 0.1220703125 0.7065818578124999 0.12109375 0.723174778125 0.12109375 0.725940265625 0.119140625 0.7425331859375001 0.119140625
0 0.421736725 0.2421875 0.42450221250000003 0.240234375 0.43003318593750006 0.240234375 0.43141592968750003 0.2373046875 0.43003318593750006 0.236328125 0.41620575156250006 0.236328125 0.41344026562499997 0.23828125 0.3968473453125 0.23828125 0.3940818578125 0.240234375 0.380254425 0.240234375 0.3774889375 0.2421875 0.369192478125 0.2421875 0.3650442484375 0.2451171875 0.366426990625 0.24609375 0.38855088437499996 0.24609375 0.389933628125 0.2451171875 0.391316371875 0.244140625 0.40790929218749994 0.244140625 0.41067477812500003 0.2421875 0.421736725 0.2421875
0 0.5102323015625 0.232421875 0.48810840781250003 0.232421875 0.4853429203125 0.23046875 0.47704646093749997 0.23046875 0.47428097343750003 0.228515625 0.46598451250000006 0.228515625 0.4618362828125 0.2314453125 0.46598451250000006 0.234375 0.47704646093749997 0.234375 0.47981194687500006 0.236328125 0.4964048671875 0.236328125 0.4991703546875 0.23828125 0.5157632750000001 0.23828125 0.5185287609375 0.240234375 0.5295907078125001 0.240234375 0.5309734515625 0.2392578125 0.5309734515625 0.2373046875 0.526825221875 0.234375 0.5129977875 0.234375 0.5102323015625 0.232421875
0 0.6208517703124999 0.244140625 0.62361725625 0.2421875 0.637444690625 0.2421875 0.6402101765625 0.240234375 0.64574115 0.240234375 0.64712389375 0.2373046875 0.64574115 0.236328125 0.6319137171875 0.236328125 0.6291482296875001 0.23828125 0.6097898234375 0.23828125 0.6070243359374999 0.240234375 0.5959623890625 0.240234375 0.5931969031250001 0.2421875 0.58213495625 0.2421875 0.5807522125 0.2431640625 0.5807522125 0.2470703125 0.58213495625 0.248046875 0.5862831859375001 0.2470703125 0.5876659296875 0.24609375 0.6014933625000001 0.24609375 0.60425885 0.244140625 0.6208517703124999 0.244140625
0 0.7287057515625001 0.236328125 0.7148783187500001 0.236328125 0.71211283125 0.234375 0.6955199109375 0.234375 0.6927544250000001 0.232421875 0.6789269906250001 0.232421875 0.6775442484374999 0.2333984375 0.6775442484374999 0.2353515625 0.681692478125 0.236328125 0.6844579640624999 0.23828125 0.7010508843750001 0.23828125 0.703816371875 0.240234375 0.7176438046875 0.240234375 0.7204092921874999 0.2421875 0.7342367249999999 0.2421875 0.7370022125 0.244140625 0.7425331859375001 0.244140625 0.7439159296875 0.2431640625 0.7439159296875 0.2392578125 0.7425331859375001 0.23828125 0.7314712390625 0.23828125 0.7287057515625001 0.236328125
0 0.839325221875 0.244140625 0.8420907078125 0.2421875 0.8559181421875 0.2421875 0.8586836281249999 0.240234375 0.8642146015625001 0.240234375 0.8655973453125 0.2373046875 0.8642146015625001 0.236328125 0.84762168125 0.236328125 0.8448561953124999 0.23828125 0.828263275 0.23828125 0.8254977875 0.240234375 0.8116703546874999 0.240234375 0.8089048671875 0.2421875 0.7978429203124999 0.2421875 0.7964601765625 0.2451171875 0.8006084078125 0.248046875 0.8019911499999999 0.2470703125 0.8033738937500001 0.24609375 0.8199668140625 0.24609375 0.8227323015625 0.244140625 0.839325221875 0.244140625
0 0.9416482296875 0.232421875 0.927820796875 0.232421875 0.925055309375 0.23046875 0.9056969031250001 0.23046875 0.9029314156250001 0.228515625 0.89463495625 0.228515625 0.8932522125 0.2294921875 0.8932522125 0.2314453125 0.8974004421874999 0.234375 0.9084623890625 0.234375 0.9112278765624999 0.236328125 0.9305862828125001 0.236328125 0.9333517703125 0.23828125 0.949944690625 0.23828125 0.9527101765625 0.240234375 0.9610066375 0.240234375 0.9623893812500001 0.2392578125 0.9651548671875 0.2373046875 0.9610066375 0.234375 0.9444137171874999 0.234375 0.9416482296875 0.232421875
0 0.26963495625 0.2890625 0.27240044218750004 0.287109375 0.280696903125 0.287109375 0.28207964531249996 0.2841796875 0.280696903125 0.283203125 0.258573009375 0.283203125 0.255807521875 0.28515625 0.2419800890625 0.28515625 0.2392146015625 0.287109375 0.2198561953125 0.287109375 0.2170907078125 0.2890625 0.21155973437500003 0.2890625 0.210176990625 0.2900390625 0.21155973437500003 0.29296875 0.2309181421875 0.29296875 0.232300884375 0.2919921875 0.23368362812500001 0.291015625 0.255807521875 0.291015625 0.258573009375 0.2890625 0.26963495625 0.2890625
0 0.3968473453125 0.287109375 0.380254425 0.287109375 0.3774889375 0.28515625 0.36089601718750003 0.28515625 0.35813053125 0.283203125 0.33600663750000004 0.283203125 0.33462389375 0.2841796875 0.33600663750000004 0.287109375 0.3415376109375 0.287109375 0.344303096875 0.2890625 0.35813053125 0.2890625 0.36089601718750003 0.291015625 0.38578539843750004 0.291015625 0.38855088437499996 0.29296875 0.40237831875 0.29296875 0.4051438046875 0.294921875 0.40652654843749997 0.2939453125 0.40652654843749997 0.2900390625 0.4051438046875 0.2890625 0.39961283124999997 0.2890625 0.3968473453125 0.287109375
0 0.6277654874999999 0.2939453125 0.6277654874999999 0.3017578125 0.6291482296875001 0.302734375 0.6485066374999999 0.302734375 0.6498893812500001 0.3017578125 0.6498893812500001 0.2939453125 0.6485066374999999 0.29296875 0.6291482296875001 0.29296875 0.6277654874999999 0.2939453125
0 0.7439159296875 0.3232421875 0.7425331859375001 0.322265625 0.7397676984375 0.322265625 0.7370022125 0.32421875 0.7287057515625001 0.32421875 0.725940265625 0.326171875 0.7217920359375001 0.3271484375 0.7217920359375001 0.3349609375 0.723174778125 0.3359375 0.7287057515625001 0.3359375 0.7300884953125 0.3349609375 0.7314712390625 0.333984375 0.7397676984375 0.333984375 0.7439159296875 0.3310546875 0.7439159296875 0.3232421875
0 0.1507190265625 0.4140625 0.1534845125 0.412109375 0.1645464609375 0.412109375 0.168694690625 0.4091796875 0.168694690625 0.4072265625 0.167311946875 0.40625 0.1617809734375 0.40625 0.1590154875 0.408203125 0.1368915921875 0.408203125 0.13412610625000002 0.41015625 0.12029867187500001 0.41015625 0.11753318593749999 0.412109375 0.09540929218750001 0.412109375 0.0940265484375 0.4130859375 0.0940265484375 0.4169921875 0.09540929218750001 0.41796875 0.10923672499999999 0.41796875 0.11061946874999999 0.4169921875 0.1120022125 0.416015625 0.13136061875 0.416015625 0.13412610625000002 0.4140625 0.1507190265625 0.4140625
0 0.24751106250000002 0.40625 0.22538716875000003 0.40625 0.22262168125 0.404296875 0.2060287609375 0.404296875 0.203263275 0.40234375 0.19911504375 0.4033203125 0.19911504375 0.4072265625 0.20049778749999997 0.408203125 0.21155973437500003 0.408203125 0.21432522187499997 0.41015625 0.2309181421875 0.41015625 0.23368362812500001 0.412109375 0.25027654843749997 0.412109375 0.25304203593749997 0.4140625 0.26963495625 0.4140625 0.2710176984375 0.4130859375 0.2710176984375 0.4111328125 0.26686946875 0.408203125 0.25027654843749997 0.408203125 0.24751106250000002 0.40625
0 0.3774889375 0.4140625 0.380254425 0.412109375 0.3940818578125 0.412109375 0.39546460156249996 0.4111328125 0.39546460156249996 0.4072265625 0.3940818578125 0.40625 0.38855088437499996 0.40625 0.38578539843750004 0.408203125 0.369192478125 0.408203125 0.366426990625 0.41015625 0.347068584375 0.41015625 0.344303096875 0.412109375 0.32494469062500003 0.412109375 0.323561946875 0.4130859375 0.323561946875 0.4169921875 0.32494469062500003 0.41796875 0.33600663750000004 0.41796875 0.33738938125 0.4169921875 0.33877212343749996 0.416015625 0.35813053125 0.416015625 0.36089601718750003 0.4140625 0.3774889375 0.4140625
0 0.49087389375 0.40625 0.48810840781250003 0.404296875 0.47151548749999994 0.404296875 0.46875 0.40234375 0.4521570796875 0.40234375 0.44939159218749997 0.400390625 0.432798671875 0.400390625 0.43003318593750006 0.3984375 0.4286504421875 0.3994140625 0.4286504421875 0.4033203125 0.43003318593750006 0.404296875 0.435564159375 0.404296875 0.4383296453125 0.40625 0.454922565625 0.40625 0.45768805312499994 0.408203125 0.47428097343750003 0.408203125 0.47704646093749997 0.41015625 0.49363938125000006 0.41015625 0.4964048671875 0.412109375 0.4977876109375 0.4111328125 0.5005530968749999 0.4091796875 0.5005530968749999 0.4072265625 0.4991703546875 0.40625 0.49087389375 0.40625
0 0.5987278765624999 0.4140625 0.6014933625000001 0.412109375 0.6153207968750001 0.412109375 0.6167035390625 0.4111328125 0.6167035390625 0.4072265625 0.6153207968750001 0.40625 0.6097898234375 0.40625 0.6070243359374999 0.408203125 0.590431415625 0.408203125 0.5876659296875 0.41015625 0.5738384953125 0.41015625 0.5710730093749999 0.412109375 0.5517146015625001 0.412109375 0.5503318578124999 0.4130859375 0.5503318578124999 0.4169921875 0.5517146015625001 0.41796875 0.5627765484375 0.41796875 0.5641592921874999 0.4169921875 0.5655420359375001 0.416015625 0.5849004421874999 0.416015625 0.5876659296875 0.4140625 0.5987278765624999 0.4140625
0 0.7148783187500001 0.408203125 0.7010508843750001 0.408203125 0.6982853984374999 0.40625 0.681692478125 0.40625 0.6789269906250001 0.404296875 0.6623340703125 0.404296875 0.659568584375 0.40234375 0.6581858406250001 0.4033203125 0.6581858406250001 0.4072265625 0.659568584375 0.408203125 0.66786504375 0.408203125 0.6706305312499999 0.41015625 0.6872234515625 0.41015625 0.6899889375 0.412109375 0.703816371875 0.412109375 0.7065818578124999 0.4140625 0.723174778125 0.4140625 0.724557521875 0.4130859375 0.724557521875 0.4111328125 0.7204092921874999 0.408203125 0.7176438046875 0.41015625 0.7148783187500001 0.408203125
0 0.836559734375 0.4140625 0.839325221875 0.412109375 0.85038716875 0.412109375 0.8545353984374999 0.4091796875 0.8545353984374999 0.4072265625 0.8531526546875 0.40625 0.84762168125 0.40625 0.8448561953124999 0.408203125 0.8254977875 0.408203125 0.8227323015625 0.41015625 0.8061393812500001 0.41015625 0.8033738937500001 0.412109375 0.78125 0.412109375 0.77986725625 0.4130859375 0.77986725625 0.4169921875 0.78125 0.41796875 0.795077434375 0.41796875 0.7964601765625 0.4169921875 0.7978429203124999 0.416015625 0.8172013281250001 0.416015625 0.8199668140625 0.4140625 0.836559734375 0.4140625
0 0.9305862828125001 0.404296875 0.927820796875 0.40234375 0.9112278765624999 0.40234375 0.9084623890625 0.400390625 0.8891039828125 0.400390625 0.8877212390624999 0.4013671875 0.8891039828125 0.404296875 0.89463495625 0.404296875 0.8974004421874999 0.40625 0.9139933625 0.40625 0.9167588500000001 0.408203125 0.93611725625 0.408203125 0.93888274375 0.41015625 0.9610066375 0.41015625 0.9623893812500001 0.4091796875 0.9610066375 0.40625 0.9527101765625 0.40625 0.949944690625 0.404296875 0.9305862828125001 0.404296875
0 0.244745575 0.50390625 0.24751106250000002 0.501953125 0.26410398281249997 0.501953125 0.26686946875 0.5 0.26963495625 0.5 0.2710176984375 0.4970703125 0.26963495625 0.49609375 0.255807521875 0.49609375 0.25304203593749997 0.498046875 0.23368362812500001 0.498046875 0.2309181421875 0.5 0.21432522187499997 0.5 0.21155973437500003 0.501953125 0.20049778749999997 0.501953125 0.19911504375 0.5029296875 0.19911504375 0.5068359375 0.20049778749999997 0.5078125 0.20464601718750003 0.5068359375 0.2060287609375 0.505859375 0.22262168125 0.505859375 0.22538716875000003 0.50390625 0.244745575 0.50390625
0 0.7065818578124999 0.5 0.7093473453125 0.498046875 0.725940265625 0.498046875 0.7273230093749999 0.4970703125 0.7273230093749999 0.4931640625 0.725940265625 0.4921875 0.7148783187500001 0.4921875 0.71211283125 0.494140625 0.6955199109375 0.494140625 0.6927544250000001 0.49609375 0.6789269906250001 0.49609375 0.6761615046875 0.498046875 0.659568584375 0.498046875 0.6554203546874999 0.5009765625 0.6568030968749999 0.50390625 0.66786504375 0.50390625 0.6692477875 0.5029296875 0.6706305312499999 0.501953125 0.6844579640624999 0.501953125 0.6872234515625 0.5 0.7065818578124999 0.5
0 0.13965707968750002 0.5859375 0.142422565625 0.583984375 0.1590154875 0.583984375 0.1617809734375 0.58203125 0.167311946875 0.58203125 0.168694690625 0.5791015625 0.167311946875 0.578125 0.1479535390625 0.578125 0.145188053125 0.580078125 0.12859513281249998 0.580078125 0.12582964531250002 0.58203125 0.10923672499999999 0.58203125 0.1064712390625 0.583984375 0.09540929218750001 0.583984375 0.0940265484375 0.5849609375 0.0940265484375 0.5888671875 0.09540929218750001 0.58984375 0.100940265625 0.58984375 0.10232300937500001 0.5888671875 0.10370575156249999 0.587890625 0.123064159375 0.587890625 0.12582964531250002 0.5859375 0.13965707968750002 0.5859375
0 0.255807521875 0.578125 0.2419800890625 0.578125 0.2392146015625 0.576171875 0.2198561953125 0.576171875 0.2170907078125 0.57421875 0.20049778749999997 0.57421875 0.19911504375 0.5751953125 0.19911504375 0.5771484375 0.203263275 0.580078125 0.2198561953125 0.580078125 0.22262168125 0.58203125 0.2392146015625 0.58203125 0.2419800890625 0.583984375 0.26133849531250003 0.583984375 0.26410398281249997 0.5859375 0.26963495625 0.5859375 0.2710176984375 0.5849609375 0.2710176984375 0.5810546875 0.26963495625 0.580078125 0.258573009375 0.580078125 0.255807521875 0.578125
0 0.3774889375 0.578125 0.380254425 0.576171875 0.3940818578125 0.576171875 0.39546460156249996 0.5751953125 0.39546460156249996 0.5712890625 0.3940818578125 0.5703125 0.3830199109375 0.5703125 0.380254425 0.572265625 0.35813053125 0.572265625 0.35536504375 0.57421875 0.344303096875 0.57421875 0.3415376109375 0.576171875 0.32494469062500003 0.576171875 0.32079646093749997 0.5791015625 0.32494469062500003 0.58203125 0.33877212343749996 0.58203125 0.3401548671875 0.5810546875 0.3415376109375 0.580078125 0.35813053125 0.580078125 0.36089601718750003 0.578125 0.3774889375 0.578125
0 0.482577434375 0.568359375 0.47981194687500006 0.56640625 0.454922565625 0.56640625 0.4521570796875 0.564453125 0.4383296453125 0.564453125 0.435564159375 0.5625 0.43003318593750006 0.5625 0.4286504421875 0.5634765625 0.4286504421875 0.5673828125 0.43003318593750006 0.568359375 0.4383296453125 0.568359375 0.4410951328125 0.5703125 0.454922565625 0.5703125 0.45768805312499994 0.572265625 0.47428097343750003 0.572265625 0.47704646093749997 0.57421875 0.4991703546875 0.57421875 0.5005530968749999 0.5732421875 0.5005530968749999 0.5712890625 0.4964048671875 0.5703125 0.49363938125000006 0.568359375 0.482577434375 0.568359375
0 0.6180862828125 0.5390625 0.6208517703124999 0.537109375 0.6319137171875 0.537109375 0.6360619468750001 0.5341796875 0.6319137171875 0.53125 0.62638274375 0.53125 0.62361725625 0.533203125 0.6014933625000001 0.533203125 0.5987278765624999 0.53515625 0.5849004421874999 0.53515625 0.58213495625 0.537109375 0.5655420359375001 0.537109375 0.5613938046875 0.5400390625 0.5627765484375 0.54296875 0.5738384953125 0.54296875 0.5752212390625 0.5419921875 0.5766039828125 0.541015625 0.6014933625000001 0.541015625 0.60425885 0.5390625 0.6180862828125 0.5390625
0 0.71211283125 0.58203125 0.6982853984374999 0.58203125 0.6955199109375 0.580078125 0.6761615046875 0.580078125 0.6733960171875 0.578125 0.6568030968749999 0.578125 0.6554203546874999 0.5791015625 0.6568030968749999 0.58203125 0.6623340703125 0.58203125 0.6650995578125001 0.583984375 0.681692478125 0.583984375 0.6844579640624999 0.5859375 0.6982853984374999 0.5859375 0.7010508843750001 0.587890625 0.7176438046875 0.587890625 0.7204092921874999 0.58984375 0.725940265625 0.58984375 0.7273230093749999 0.5888671875 0.7273230093749999 0.5849609375 0.725940265625 0.583984375 0.7148783187500001 0.583984375 0.71211283125 0.58203125
0 0.836559734375 0.578125 0.839325221875 0.576171875 0.8531526546875 0.576171875 0.8545353984374999 0.5751953125 0.8545353984374999 0.5712890625 0.8531526546875 0.5703125 0.8420907078125 0.5703125 0.839325221875 0.572265625 0.8172013281250001 0.572265625 0.814435840625 0.57421875 0.8006084078125 0.57421875 0.7978429203124999 0.576171875 0.78125 0.576171875 0.77986725625 0.5771484375 0.77986725625 0.5810546875 0.78125 0.58203125 0.795077434375 0.58203125 0.7964601765625 0.5810546875 0.7978429203124999 0.580078125 0.8199668140625 0.580078125 0.8227323015625 0.578125 0.836559734375 0.578125
0 0.9416482296875 0.56640625 0.927820796875 0.56640625 0.925055309375 0.564453125 0.9222898234375 0.56640625 0.9167588500000001 0.56640625 0.9139933625 0.564453125 0.8974004421874999 0.564453125 0.89463495625 0.5625 0.8891039828125 0.5625 0.8877212390624999 0.5634765625 0.8877212390624999 0.5673828125 0.8891039828125 0.568359375 0.8974004421874999 0.568359375 0.9001659296875 0.5703125 0.9167588500000001 0.5703125 0.9195243359375 0.572265625 0.93611725625 0.572265625 0.93888274375 0.57421875 0.9610066375 0.57421875 0.9623893812500001 0.5732421875 0.9623893812500001 0.5712890625 0.9582411499999999 0.568359375 0.9444137171874999 0.568359375 0.9416482296875 0.56640625
0 0.255807521875 0.673828125 0.258573009375 0.671875 0.26963495625 0.671875 0.2710176984375 0.6708984375 0.2710176984375 0.6669921875 0.26963495625 0.666015625 0.26410398281249997 0.666015625 0.26133849531250003 0.66796875 0.244745575 0.66796875 0.2419800890625 0.669921875 0.22538716875000003 0.669921875 0.22262168125 0.671875 0.203263275 0.671875 0.19911504375 0.6748046875 0.20049778749999997 0.677734375 0.2170907078125 0.677734375 0.21847345156250003 0.6767578125 0.2198561953125 0.67578125 0.23368362812500001 0.67578125 0.236449115625 0.673828125 0.255807521875 0.673828125
0 0.9444137171874999 0.673828125 0.947179203125 0.671875 0.9610066375 0.671875 0.9623893812500001 0.6708984375 0.9623893812500001 0.6669921875 0.9610066375 0.666015625 0.9554756640625 0.666015625 0.9527101765625 0.66796875 0.947179203125 0.66796875 0.9416482296875 0.6640625 0.9222898234375 0.6640625 0.9195243359375 0.666015625 0.8974004421874999 0.666015625 0.89463495625 0.66796875 0.8835730093749999 0.66796875 0.882190265625 0.6689453125 0.882190265625 0.6767578125 0.8835730093749999 0.677734375 0.8974004421874999 0.677734375 0.8987831859375 0.6767578125 0.9001659296875 0.67578125 0.9195243359375 0.67578125 0.9222898234375 0.673828125 0.9444137171874999 0.673828125
0 0.13965707968750002 0.7109375 0.142422565625 0.712890625 0.145188053125 0.7109375 0.15625 0.7109375 0.1590154875 0.708984375 0.1756084078125 0.708984375 0.17975663749999998 0.7060546875 0.17975663749999998 0.7041015625 0.17837389374999998 0.703125 0.15625 0.703125 0.1534845125 0.705078125 0.1368915921875 0.705078125 0.13412610625000002 0.70703125 0.11753318593749999 0.70703125 0.11476769843750001 0.708984375 0.1064712390625 0.708984375 0.1050884953125 0.7099609375 0.1050884953125 0.7138671875 0.1064712390625 0.71484375 0.11061946874999999 0.7138671875 0.1120022125 0.712890625 0.13136061875 0.712890625 0.13412610625000002 0.7109375 0.13965707968750002 0.7109375
0 0.24751106250000002 0.751953125 0.22815265468749998 0.751953125 0.22538716875000003 0.75 0.21155973437500003 0.75 0.2087942484375 0.748046875 0.20049778749999997 0.748046875 0.19911504375 0.7490234375 0.19911504375 0.7529296875 0.20049778749999997 0.75390625 0.21432522187499997 0.75390625 0.2170907078125 0.755859375 0.23368362812500001 0.755859375 0.236449115625 0.7578125 0.25304203593749997 0.7578125 0.255807521875 0.759765625 0.26963495625 0.759765625 0.2710176984375 0.7587890625 0.2710176984375 0.7548828125 0.26963495625 0.75390625 0.25027654843749997 0.75390625 0.24751106250000002 0.751953125
0 0.38855088437499996 0.748046875 0.391316371875 0.74609375 0.3940818578125 0.74609375 0.39546460156249996 0.7431640625 0.3940818578125 0.7421875 0.37472345156250003 0.7421875 0.37195796406250003 0.744140625 0.35259955781249996 0.744140625 0.34983407031249997 0.74609375 0.33324115 0.74609375 0.3304756640625 0.748046875 0.32494469062500003 0.748046875 0.32079646093749997 0.7509765625 0.32217920312500004 0.751953125 0.34983407031249997 0.751953125 0.3512168140625 0.7509765625 0.35259955781249996 0.75 0.366426990625 0.75 0.369192478125 0.748046875 0.38855088437499996 0.748046875
0 0.482577434375 0.755859375 0.4853429203125 0.75390625 0.4964048671875 0.75390625 0.5005530968749999 0.7509765625 0.5005530968749999 0.7490234375 0.4991703546875 0.748046875 0.49087389375 0.748046875 0.48810840781250003 0.75 0.46875 0.75 0.46598451250000006 0.751953125 0.4521570796875 0.751953125 0.44939159218749997 0.75390625 0.43003318593750006 0.75390625 0.4286504421875 0.7548828125 0.4286504421875 0.7587890625 0.43003318593750006 0.759765625 0.44386061874999994 0.759765625 0.4452433625 0.7587890625 0.44662610625 0.7578125 0.46321902656249997 0.7578125 0.46598451250000006 0.755859375 0.482577434375 0.755859375
0 0.6070243359374999 0.755859375 0.6097898234375 0.75390625 0.6208517703124999 0.75390625 0.625 0.7509765625 0.625 0.7490234375 0.62361725625 0.748046875 0.6153207968750001 0.748046875 0.612555309375 0.75 0.5959623890625 0.75 0.5931969031250001 0.751953125 0.5738384953125 0.751953125 0.5710730093749999 0.75390625 0.5517146015625001 0.75390625 0.5503318578124999 0.7548828125 0.5503318578124999 0.7587890625 0.5517146015625001 0.759765625 0.568307521875 0.759765625 0.569690265625 0.7587890625 0.5710730093749999 0.7578125 0.5876659296875 0.7578125 0.590431415625 0.755859375 0.6070243359374999 0.755859375
0 0.725940265625 0.716796875 0.7287057515625001 0.71484375 0.7370022125 0.71484375 0.73838495625 0.7138671875 0.73838495625 0.7099609375 0.7370022125 0.708984375 0.7314712390625 0.708984375 0.7287057515625001 0.7109375 0.7093473453125 0.7109375 0.7065818578124999 0.712890625 0.6955199109375 0.712890625 0.6927544250000001 0.71484375 0.6761615046875 0.71484375 0.6733960171875 0.716796875 0.66786504375 0.716796875 0.6664823015625 0.7177734375 0.66786504375 0.720703125 0.6872234515625 0.720703125 0.6886061953125 0.7197265625 0.6899889375 0.71875 0.7065818578124999 0.71875 0.7093473453125 0.716796875 0.725940265625 0.716796875
0 0.839325221875 0.70703125 0.8420907078125 0.705078125 0.8586836281249999 0.705078125 0.8600663718750001 0.7041015625 0.8600663718750001 0.7001953125 0.8586836281249999 0.69921875 0.8420907078125 0.69921875 0.839325221875 0.701171875 0.8199668140625 0.701171875 0.8172013281250001 0.703125 0.8033738937500001 0.703125 0.8006084078125 0.705078125 0.7923119468750001 0.705078125 0.7909292031249999 0.7060546875 0.7909292031249999 0.7099609375 0.7923119468750001 0.7109375 0.8089048671875 0.7109375 0.8102876109375 0.7099609375 0.8116703546874999 0.708984375 0.8254977875 0.708984375 0.828263275 0.70703125 0.839325221875 0.70703125
0 0.93611725625 0.748046875 0.925055309375 0.748046875 0.9222898234375 0.74609375 0.9195243359375 0.748046875 0.9112278765624999 0.748046875 0.9084623890625 0.74609375 0.8918694687500001 0.74609375 0.8891039828125 0.744140625 0.8835730093749999 0.744140625 0.882190265625 0.7451171875 0.882190265625 0.7490234375 0.8835730093749999 0.75 0.8918694687500001 0.75 0.89463495625 0.751953125 0.9167588500000001 0.751953125 0.9195243359375 0.75390625 0.93611725625 0.75390625 0.93888274375 0.755859375 0.9637721234375001 0.755859375 0.9651548671875 0.7548828125 0.9651548671875 0.7529296875 0.9610066375 0.75 0.93888274375 0.75 0.93611725625 0.748046875
0 0.676655628125 0.83395061875 0.6770476640624999 0.8392112624999999 0.7342850453125 0.8386575109375001 0.7338930109375 0.833119990625 0.676655628125 0.83395061875
0 0.1479535390625 0.87890625 0.1507190265625 0.876953125 0.167311946875 0.876953125 0.170077434375 0.875 0.17837389374999998 0.875 0.17975663749999998 0.8720703125 0.1756084078125 0.869140625 0.167311946875 0.869140625 0.1645464609375 0.87109375 0.1479535390625 0.87109375 0.145188053125 0.873046875 0.123064159375 0.873046875 0.12029867187500001 0.875 0.10923672499999999 0.875 0.1050884953125 0.8779296875 0.1050884953125 0.8818359375 0.1064712390625 0.8828125 0.11061946874999999 0.8818359375 0.1120022125 0.880859375 0.12859513281249998 0.880859375 0.13136061875 0.87890625 0.1479535390625 0.87890625
0 0.37195796406250003 0.87890625 0.37472345156250003 0.876953125 0.391316371875 0.876953125 0.3940818578125 0.875 0.40237831875 0.875 0.4037610625 0.8740234375 0.4037610625 0.8701171875 0.40237831875 0.869140625 0.3940818578125 0.869140625 0.391316371875 0.87109375 0.37472345156250003 0.87109375 0.37195796406250003 0.873046875 0.35536504375 0.873046875 0.35259955781249996 0.875 0.33877212343749996 0.875 0.33462389375 0.8779296875 0.33462389375 0.8818359375 0.33600663750000004 0.8828125 0.3415376109375 0.8828125 0.34292035468750004 0.8818359375 0.344303096875 0.880859375 0.35813053125 0.880859375 0.36089601718750003 0.87890625 0.37195796406250003 0.87890625
0 0.19876269062500002 0.916459678125 0.19876269062500002 0.9211665703125 0.272465621875 0.9275347187499999 0.271681546875 0.9228278265625001 0.19876269062500002 0.916459678125
0 0.42222370312499996 0.9267040906249999 0.42261573906249994 0.9314109828125 0.4923983015625 0.923658453125 0.491222190625 0.9195053140624999 0.42222370312499996 0.9267040906249999
0 0.62361725625 0.890625 0.62638274375 0.888671875 0.6429756640625001 0.888671875 0.64574115 0.88671875 0.659568584375 0.88671875 0.660951328125 0.8857421875 0.660951328125 0.8818359375 0.659568584375 0.880859375 0.6429756640625001 0.880859375 0.6402101765625 0.8828125 0.6291482296875001 0.8828125 0.62638274375 0.884765625 0.612555309375 0.884765625 0.6097898234375 0.88671875 0.6014933625000001 0.88671875 0.6001106187499999 0.8876953125 0.6001106187499999 0.8935546875 0.6014933625000001 0.89453125 0.60287610625 0.8935546875 0.60425885 0.892578125 0.6097898234375 0.892578125 0.612555309375 0.890625 0.62361725625 0.890625
0 0.7287057515625001 0.873046875 0.7148783187500001 0.873046875 0.71211283125 0.87109375 0.6982853984374999 0.87109375 0.6955199109375 0.869140625 0.6899889375 0.869140625 0.6858407078125001 0.8720703125 0.6872234515625 0.875 0.6982853984374999 0.875 0.7010508843750001 0.876953125 0.71211283125 0.876953125 0.7148783187500001 0.87890625 0.723174778125 0.87890625 0.725940265625 0.880859375 0.7397676984375 0.880859375 0.7425331859375001 0.8828125 0.7439159296875 0.8818359375 0.7439159296875 0.8759765625 0.7425331859375001 0.875 0.7314712390625 0.875 0.7287057515625001 0.873046875
0 0.8337942484375 0.8828125 0.836559734375 0.880859375 0.85038716875 0.880859375 0.8531526546875 0.87890625 0.8642146015625001 0.87890625 0.8655973453125 0.8779296875 0.8655973453125 0.8740234375 0.8642146015625001 0.873046875 0.8531526546875 0.873046875 0.85038716875 0.875 0.8337942484375 0.875 0.8310287609375001 0.876953125 0.814435840625 0.876953125 0.8116703546874999 0.87890625 0.7978429203124999 0.87890625 0.7909292031249999 0.8818359375 0.7909292031249999 0.8857421875 0.7923119468750001 0.88671875 0.793694690625 0.8857421875 0.795077434375 0.884765625 0.8089048671875 0.884765625 0.8116703546874999 0.8828125 0.8337942484375 0.8828125