1 0.1534845125 0.123046875 0.14657079687500002 0.1279296875 0.1479535390625 0.130859375 0.15625 0.130859375 0.15763274375 0.1298828125 0.1603982296875 0.1279296875 0.1603982296875 0.1240234375 0.1590154875 0.123046875 0.1534845125 0.123046875
1 0.2198561953125 0.130859375 0.2157079640625 0.1337890625 0.2157079640625 0.1357421875 0.2198561953125 0.138671875 0.22538716875000003 0.138671875 0.2267699109375 0.1376953125 0.2295353984375 0.1357421875 0.2295353984375 0.1318359375 0.22815265468749998 0.130859375 0.2198561953125 0.130859375
1 0.197039090625 0.1317499375 0.20091601718750002 0.12868973125 0.20274045312500003 0.12595165156250002 0.201144071875 0.12353569843750001 0.1968110359375 0.12273038124999999 0.191109675 0.12353569843750001 0.18837301875 0.126273778125 0.18768885625 0.1296561109375 0.1895132921875 0.13223312812500002 0.19224994687500002 0.13223312812500002 0.197039090625 0.1317499375
1 0.3194137171875 0.123046875 0.3152654875 0.1259765625 0.3152654875 0.1298828125 0.3166482296875 0.130859375 0.32494469062500003 0.130859375 0.326327434375 0.1298828125 0.326327434375 0.1279296875 0.32909292031250004 0.1259765625 0.32494469062500003 0.123046875 0.3194137171875 0.123046875
1 0.2561052078125 0.1315888734375 0.2592979703125 0.12933398437500002 0.261578515625 0.1257905875 0.259069915625 0.12240825468750001 0.2558771515625 0.122086128125 0.2490355171875 0.122086128125 0.2456146984375 0.1257905875 0.2458427546875 0.1296561109375 0.24652691875000002 0.1317499375 0.25040384375 0.13223312812500002 0.2561052078125 0.1315888734375
1 0.34568584062499996 0.1298828125 0.34568584062499996 0.1337890625 0.347068584375 0.134765625 0.35259955781249996 0.134765625 0.3539823015625 0.1337890625 0.35951327499999997 0.1298828125 0.35536504375 0.126953125 0.34983407031249997 0.126953125 0.34568584062499996 0.1298828125
1 0.36780973437500003 0.1259765625 0.36780973437500003 0.1298828125 0.369192478125 0.130859375 0.3774889375 0.130859375 0.37887168125000004 0.1298828125 0.37887168125000004 0.1240234375 0.3774889375 0.123046875 0.37195796406250003 0.123046875 0.36780973437500003 0.1259765625
1 0.3940818578125 0.119140625 0.3871681421875 0.1240234375 0.38855088437499996 0.126953125 0.3968473453125 0.126953125 0.3982300890625 0.1259765625 0.40099557499999994 0.1240234375 0.40099557499999994 0.1220703125 0.3968473453125 0.119140625 0.3940818578125 0.119140625
1 0.412057521875 0.1259765625 0.412057521875 0.1298828125 0.41344026562499997 0.130859375 0.421736725 0.130859375 0.42311946875000006 0.1298828125 0.42311946875000006 0.1240234375 0.421736725 0.123046875 0.41620575156250006 0.123046875 0.412057521875 0.1259765625
1 0.43141592968750003 0.1298828125 0.43141592968750003 0.1337890625 0.432798671875 0.134765625 0.4383296453125 0.134765625 0.4397123890625 0.1337890625 0.4452433625 0.1298828125 0.4410951328125 0.126953125 0.435564159375 0.126953125 0.43141592968750003 0.1298828125
1 0.45768805312499994 0.130859375 0.45630530937499997 0.1318359375 0.45630530937499997 0.1376953125 0.45768805312499994 0.138671875 0.46321902656249997 0.138671875 0.46460177031249994 0.1376953125 0.46736725625000003 0.1357421875 0.46736725625000003 0.1318359375 0.46598451250000006 0.130859375 0.45768805312499994 0.130859375
1 0.49363938125000006 0.123046875 0.48949115 0.1259765625 0.48949115 0.1298828125 0.49087389375 0.130859375 0.4991703546875 0.130859375 0.5005530968749999 0.1298828125 0.503318584375 0.1279296875 0.503318584375 0.1259765625 0.4991703546875 0.123046875 0.49363938125000006 0.123046875
1 0.5309734515625 0.1259765625 0.5309734515625 0.1298828125 0.5323561953125 0.130859375 0.5406526546875 0.130859375 0.5420353984374999 0.1298828125 0.5420353984374999 0.1240234375 0.5406526546875 0.123046875 0.5351216812499999 0.123046875 0.5309734515625 0.1259765625
1 0.5586283187500001 0.1337890625 0.5586283187500001 0.1376953125 0.5600110625 0.138671875 0.5655420359375001 0.138671875 0.566924778125 0.1376953125 0.5724557515625001 0.1337890625 0.5710730093749999 0.130859375 0.5627765484375 0.130859375 0.5586283187500001 0.1337890625
1 0.6623340703125 0.123046875 0.6581858406250001 0.1259765625 0.6581858406250001 0.1298828125 0.659568584375 0.130859375 0.66786504375 0.130859375 0.6692477875 0.1298828125 0.6720132750000001 0.1279296875 0.6720132750000001 0.1259765625 0.66786504375 0.123046875 0.6623340703125 0.123046875
1 0.6927544250000001 0.126953125 0.6886061953125 0.1298828125 0.6886061953125 0.1337890625 0.6899889375 0.134765625 0.6955199109375 0.134765625 0.6969026546875 0.1337890625 0.6996681421875001 0.1318359375 0.6996681421875001 0.1279296875 0.6982853984374999 0.126953125 0.6927544250000001 0.126953125
1 0.6006955609375 0.1306224921875 0.60229194375 0.1278844140625 0.6025199984375 0.12466314375000001 0.5995552890625 0.1216029375 0.5949941984375 0.122247190625 0.5908892171875 0.123374634375 0.5890647828125 0.12595165156250002 0.5883806171875 0.130300365625 0.5897489453125 0.1320720640625 0.5981869609375 0.1320720640625 0.6006955609375 0.1306224921875
1 0.7107300890625 0.1259765625 0.7107300890625 0.1298828125 0.71211283125 0.130859375 0.7204092921874999 0.130859375 0.7217920359375001 0.1298828125 0.7217920359375001 0.1240234375 0.7204092921874999 0.123046875 0.7148783187500001 0.123046875 0.7107300890625 0.1259765625
1 0.7300884953125 0.1337890625 0.7300884953125 0.1357421875 0.7342367249999999 0.138671875 0.73838495625 0.1376953125 0.7439159296875 0.1337890625 0.7397676984375 0.130859375 0.7342367249999999 0.130859375 0.7300884953125 0.1337890625
1 0.7563606187499999 0.134765625 0.7549778765624999 0.1357421875 0.7549778765624999 0.1396484375 0.75912610625 0.142578125 0.76050885 0.1416015625 0.7660398234375 0.1396484375 0.7660398234375 0.1357421875 0.7646570796875001 0.134765625 0.7563606187499999 0.134765625
1 0.78125 0.140625 0.7784845125000001 0.142578125 0.7743362828125 0.1435546875 0.7743362828125 0.1474609375 0.7757190265625 0.1484375 0.78125 0.1484375 0.78263274375 0.1474609375 0.7853982296875001 0.1455078125 0.7853982296875001 0.1416015625 0.7840154874999999 0.140625 0.78125 0.140625
1 0.8033738937500001 0.13671875 0.7964601765625 0.1416015625 0.7978429203124999 0.14453125 0.8061393812500001 0.14453125 0.8075221234375001 0.1435546875 0.8102876109375 0.1416015625 0.8102876109375 0.1396484375 0.8061393812500001 0.13671875 0.8033738937500001 0.13671875
1 0.84762168125 0.1328125 0.8448561953124999 0.134765625 0.8407079640624999 0.1357421875 0.8407079640624999 0.1396484375 0.8448561953124999 0.142578125 0.8559181421875 0.142578125 0.857300884375 0.1416015625 0.857300884375 0.1396484375 0.8600663718750001 0.1376953125 0.8559181421875 0.134765625 0.84762168125 0.1328125
1 0.0705199109375 0.24609375 0.06637168125000001 0.2490234375 0.06637168125000001 0.2529296875 0.067754425 0.25390625 0.07328539843750001 0.25390625 0.0746681421875 0.2529296875 0.077433628125 0.2509765625 0.077433628125 0.2470703125 0.076050884375 0.24609375 0.0705199109375 0.24609375
1 0.0926438046875 0.248046875 0.088495575 0.2509765625 0.088495575 0.2548828125 0.0926438046875 0.2578125 0.0940265484375 0.2568359375 0.099557521875 0.2548828125 0.099557521875 0.2509765625 0.09540929218750001 0.248046875 0.0926438046875 0.248046875
1 0.11476769843750001 0.25390625 0.11061946874999999 0.2548828125 0.11061946874999999 0.2587890625 0.1120022125 0.259765625 0.11753318593749999 0.259765625 0.1189159296875 0.2587890625 0.12168141562499998 0.2568359375 0.12168141562499998 0.2548828125 0.11753318593749999 0.251953125 0.11476769843750001 0.25390625
1 0.13274336250000002 0.2587890625 0.13274336250000002 0.2626953125 0.13412610625000002 0.263671875 0.142422565625 0.263671875 0.143805309375 0.2626953125 0.143805309375 0.2568359375 0.142422565625 0.255859375 0.1368915921875 0.255859375 0.13274336250000002 0.2587890625
1 0.1590154875 0.251953125 0.1521017703125 0.2568359375 0.15625 0.259765625 0.1617809734375 0.259765625 0.1631637171875 0.2587890625 0.16592920312499998 0.2568359375 0.16592920312499998 0.2548828125 0.1617809734375 0.251953125 0.1590154875 0.251953125
1 0.18113938125 0.248046875 0.17699115 0.2509765625 0.17699115 0.2548828125 0.18113938125 0.2578125 0.18252212343750002 0.2568359375 0.188053096875 0.2548828125 0.188053096875 0.2490234375 0.18667035468749998 0.248046875 0.18113938125 0.248046875
1 0.203263275 0.24609375 0.19911504375 0.2490234375 0.19911504375 0.2529296875 0.20049778749999997 0.25390625 0.2060287609375 0.25390625 0.20741150468749997 0.2529296875 0.210176990625 0.2509765625 0.210176990625 0.2470703125 0.2087942484375 0.24609375 0.203263275 0.24609375
1 0.22262168125 0.2421875 0.22123893749999998 0.2431640625 0.22123893749999998 0.2490234375 0.22262168125 0.25 0.22815265468749998 0.25 0.2295353984375 0.2490234375 0.232300884375 0.2470703125 0.232300884375 0.2431640625 0.2309181421875 0.2421875 0.22262168125 0.2421875
1 0.27240044218750004 0.24609375 0.26825221250000003 0.2490234375 0.26825221250000003 0.2509765625 0.27240044218750004 0.25390625 0.2834623890625 0.25390625 0.2848451328125 0.2529296875 0.2848451328125 0.2509765625 0.28761061875 0.2490234375 0.2834623890625 0.24609375 0.27240044218750004 0.24609375
1 0.44662610625 0.24609375 0.4424778765625 0.2490234375 0.4424778765625 0.2529296875 0.44386061874999994 0.25390625 0.44939159218749997 0.25390625 0.45077433593749994 0.2529296875 0.4535398234375 0.2509765625 0.4535398234375 0.2470703125 0.4521570796875 0.24609375 0.44662610625 0.24609375
1 0.46875 0.2421875 0.46460177031249994 0.2451171875 0.46460177031249994 0.2490234375 0.46598451250000006 0.25 0.47151548749999994 0.25 0.47289822968750006 0.2490234375 0.4756637171875 0.2470703125 0.4756637171875 0.2431640625 0.47428097343750003 0.2421875 0.46875 0.2421875
1 0.49087389375 0.23828125 0.48672566406250006 0.2412109375 0.48672566406250006 0.2451171875 0.48810840781250003 0.24609375 0.49363938125000006 0.24609375 0.4950221234375 0.2451171875 0.4977876109375 0.2431640625 0.4977876109375 0.2412109375 0.49363938125000006 0.23828125 0.49087389375 0.23828125
1 0.5129977875 0.2421875 0.5088495578125001 0.2451171875 0.5088495578125001 0.2490234375 0.5102323015625 0.25 0.5157632750000001 0.25 0.5171460171875 0.2490234375 0.5199115046875 0.2470703125 0.5199115046875 0.2431640625 0.5185287609375 0.2421875 0.5129977875 0.2421875
1 0.5282079640624999 0.2490234375 0.5282079640624999 0.2509765625 0.5323561953125 0.25390625 0.5365044250000001 0.2529296875 0.5420353984374999 0.2490234375 0.53788716875 0.24609375 0.5323561953125 0.24609375 0.5282079640624999 0.2490234375
1 0.5600110625 0.248046875 0.5572455749999999 0.25 0.5530973453125 0.2509765625 0.5530973453125 0.2548828125 0.5572455749999999 0.2578125 0.5586283187500001 0.2568359375 0.5641592921874999 0.2548828125 0.5641592921874999 0.2490234375 0.5627765484375 0.248046875 0.5600110625 0.248046875
1 0.5793694687500001 0.25390625 0.5752212390625 0.2548828125 0.5752212390625 0.2587890625 0.5766039828125 0.259765625 0.58213495625 0.259765625 0.5835176984375 0.2587890625 0.5862831859375001 0.2568359375 0.5862831859375001 0.2548828125 0.58213495625 0.251953125 0.5793694687500001 0.25390625
1 0.5987278765624999 0.255859375 0.5973451328125 0.2568359375 0.5973451328125 0.2626953125 0.5987278765624999 0.263671875 0.60425885 0.263671875 0.6056415921875 0.2626953125 0.6084070796875001 0.2607421875 0.6084070796875001 0.2568359375 0.6070243359374999 0.255859375 0.5987278765624999 0.255859375
1 0.637444690625 0.251953125 0.6305309734375 0.2568359375 0.6346792031249999 0.259765625 0.6402101765625 0.259765625 0.6415929203124999 0.2587890625 0.6443584078125 0.2568359375 0.6443584078125 0.2548828125 0.6402101765625 0.251953125 0.637444690625 0.251953125
1 0.6581858406250001 0.2587890625 0.6581858406250001 0.2626953125 0.659568584375 0.263671875 0.66786504375 0.263671875 0.6692477875 0.2626953125 0.6692477875 0.2568359375 0.66786504375 0.255859375 0.6623340703125 0.255859375 0.6581858406250001 0.2587890625
1 0.6872234515625 0.259765625 0.680309734375 0.2646484375 0.6844579640624999 0.267578125 0.6899889375 0.267578125 0.6913716812499999 0.2666015625 0.69413716875 0.2646484375 0.69413716875 0.2607421875 0.6927544250000001 0.259765625 0.6872234515625 0.259765625
1 0.723174778125 0.259765625 0.7190265484375 0.2626953125 0.7190265484375 0.2666015625 0.7204092921874999 0.267578125 0.7287057515625001 0.267578125 0.7300884953125 0.2666015625 0.7300884953125 0.2646484375 0.7328539828125 0.2626953125 0.7287057515625001 0.259765625 0.723174778125 0.259765625
1 0.75912610625 0.259765625 0.7549778765624999 0.2626953125 0.7549778765624999 0.2666015625 0.7563606187499999 0.267578125 0.7646570796875001 0.267578125 0.7660398234375 0.2666015625 0.768805309375 0.2646484375 0.768805309375 0.2607421875 0.767422565625 0.259765625 0.75912610625 0.259765625
1 0.77986725625 0.2587890625 0.77986725625 0.2626953125 0.78125 0.263671875 0.7895464609375 0.263671875 0.7909292031249999 0.2626953125 0.7909292031249999 0.2568359375 0.7895464609375 0.255859375 0.7840154874999999 0.255859375 0.77986725625 0.2587890625
1 0.8310287609375001 0.251953125 0.82411504375 0.2568359375 0.8254977875 0.259765625 0.8337942484375 0.259765625 0.8351769906250001 0.2587890625 0.837942478125 0.2568359375 0.837942478125 0.2548828125 0.8337942484375 0.251953125 0.8310287609375001 0.251953125
1 0.880807521875 0.248046875 0.8738938046875001 0.2529296875 0.8738938046875001 0.2548828125 0.8780420359375001 0.2578125 0.882190265625 0.2568359375 0.8877212390624999 0.2529296875 0.8877212390624999 0.2509765625 0.8835730093749999 0.248046875 0.880807521875 0.248046875
1 0.9363917890625 0.263177746875 0.9400406625000001 0.25963435 0.9377601171875 0.25560776406249996 0.9316026453124999 0.254158190625 0.926357390625 0.25641308125 0.92453295625 0.26237242968749996 0.9265854453125 0.26559370000000004 0.931374590625 0.2657547640625 0.9363917890625 0.263177746875
1 0.08711283125 0.3671875 0.0843473453125 0.369140625 0.080199115625 0.3701171875 0.080199115625 0.3740234375 0.0815818578125 0.375 0.0843473453125 0.375 0.08711283125 0.376953125 0.0912610625 0.3759765625 0.09679203593749999 0.3740234375 0.09679203593749999 0.3701171875 0.0926438046875 0.3671875 0.08711283125 0.3671875
1 0.258573009375 0.34375 0.25442477812500003 0.3466796875 0.25442477812500003 0.3486328125 0.258573009375 0.3515625 0.2599557515625 0.3505859375 0.26825221250000003 0.3486328125 0.26825221250000003 0.3447265625 0.26686946875 0.34375 0.258573009375 0.34375
1 0.33324115 0.349609375 0.326327434375 0.3544921875 0.3304756640625 0.357421875 0.33600663750000004 0.357421875 0.33738938125 0.3564453125 0.3401548671875 0.3544921875 0.3401548671875 0.3505859375 0.33877212343749996 0.349609375 0.33324115 0.349609375
1 0.35536504375 0.353515625 0.3539823015625 0.3564453125 0.3512168140625 0.3583984375 0.35536504375 0.361328125 0.36089601718750003 0.361328125 0.3622787609375 0.3603515625 0.3650442484375 0.3583984375 0.3650442484375 0.3544921875 0.36366150468749997 0.353515625 0.35536504375 0.353515625
1 0.312890778125 0.35272904843749997 0.3133468875 0.35015203437500003 0.312890778125 0.3464475734375 0.30673330625 0.346286509375 0.300803890625 0.34773608125 0.30034778125 0.35337330312500004 0.3019441625 0.3556281921875 0.307873578125 0.3551450015625 0.312890778125 0.35272904843749997
1 0.38578539843750004 0.349609375 0.37887168125000004 0.3544921875 0.380254425 0.357421875 0.38855088437499996 0.357421875 0.389933628125 0.3564453125 0.39269911562500004 0.3544921875 0.39269911562500004 0.3525390625 0.38855088437499996 0.349609375 0.38578539843750004 0.349609375
1 0.40790929218749994 0.34765625 0.4037610625 0.3486328125 0.4037610625 0.3525390625 0.4051438046875 0.353515625 0.41344026562499997 0.353515625 0.41482300937499994 0.3525390625 0.41482300937499994 0.3466796875 0.41344026562499997 0.345703125 0.41067477812500003 0.345703125 0.40790929218749994 0.34765625
1 0.4424778765625 0.3447265625 0.4424778765625 0.3486328125 0.44386061874999994 0.349609375 0.4521570796875 0.349609375 0.4535398234375 0.3486328125 0.4535398234375 0.3447265625 0.4521570796875 0.34375 0.44386061874999994 0.34375 0.4424778765625 0.3447265625
1 0.46736725625000003 0.3486328125 0.46736725625000003 0.3525390625 0.46875 0.353515625 0.47704646093749997 0.353515625 0.478429203125 0.3525390625 0.478429203125 0.3486328125 0.47428097343750003 0.345703125 0.47151548749999994 0.34765625 0.46736725625000003 0.3486328125
1 0.49363938125000006 0.349609375 0.48949115 0.3525390625 0.48949115 0.3564453125 0.49087389375 0.357421875 0.4964048671875 0.357421875 0.4977876109375 0.3564453125 0.5005530968749999 0.3544921875 0.5005530968749999 0.3505859375 0.4991703546875 0.349609375 0.49363938125000006 0.349609375
1 0.5295907078125001 0.349609375 0.5226769906250001 0.3544921875 0.524059734375 0.357421875 0.5323561953125 0.357421875 0.5337389375 0.3564453125 0.5365044250000001 0.3544921875 0.5365044250000001 0.3525390625 0.5323561953125 0.349609375 0.5295907078125001 0.349609375
1 0.5517146015625001 0.345703125 0.5448008843750001 0.3505859375 0.546183628125 0.353515625 0.5544800890625 0.353515625 0.55586283125 0.3525390625 0.5586283187500001 0.3505859375 0.5586283187500001 0.3486328125 0.5544800890625 0.345703125 0.5517146015625001 0.345703125
1 0.5766039828125 0.349609375 0.569690265625 0.3544921875 0.5738384953125 0.357421875 0.5793694687500001 0.357421875 0.5807522125 0.3564453125 0.5835176984375 0.3544921875 0.5835176984375 0.3525390625 0.5793694687500001 0.349609375 0.5766039828125 0.349609375
1 0.5959623890625 0.353515625 0.5918141593749999 0.3564453125 0.5918141593749999 0.3603515625 0.5931969031250001 0.361328125 0.6014933625000001 0.361328125 0.60287610625 0.3603515625 0.6056415921875 0.3583984375 0.6056415921875 0.3544921875 0.60425885 0.353515625 0.5959623890625 0.353515625
1 0.6305309734375 0.3486328125 0.6305309734375 0.3525390625 0.6319137171875 0.353515625 0.6402101765625 0.353515625 0.6415929203124999 0.3525390625 0.6415929203124999 0.3466796875 0.6402101765625 0.345703125 0.6346792031249999 0.345703125 0.6305309734375 0.3486328125
1 0.659568584375 0.349609375 0.6554203546874999 0.3525390625 0.6554203546874999 0.3564453125 0.6568030968749999 0.357421875 0.6623340703125 0.357421875 0.6637168140624999 0.3564453125 0.6664823015625 0.3544921875 0.6664823015625 0.3505859375 0.6650995578125001 0.349609375 0.659568584375 0.349609375
1 0.6789269906250001 0.353515625 0.6775442484374999 0.3544921875 0.6775442484374999 0.3603515625 0.6789269906250001 0.361328125 0.6844579640624999 0.361328125 0.6858407078125001 0.3603515625 0.6886061953125 0.3583984375 0.6886061953125 0.3544921875 0.6872234515625 0.353515625 0.6789269906250001 0.353515625
1 0.702433628125 0.3623046875 0.702433628125 0.3662109375 0.703816371875 0.3671875 0.71211283125 0.3671875 0.7134955749999999 0.3662109375 0.7134955749999999 0.3623046875 0.71211283125 0.361328125 0.703816371875 0.361328125 0.702433628125 0.3623046875
1 0.7646570796875001 0.361328125 0.76050885 0.3623046875 0.76050885 0.3662109375 0.7646570796875001 0.369140625 0.7660398234375 0.3681640625 0.7715707968750001 0.3662109375 0.7715707968750001 0.3623046875 0.767422565625 0.359375 0.7646570796875001 0.361328125
1 0.8254977875 0.361328125 0.8227323015625 0.361328125 0.8185840703125 0.3642578125 0.8185840703125 0.3662109375 0.8227323015625 0.369140625 0.8268805312499999 0.3681640625 0.8324115046875 0.3642578125 0.8324115046875 0.3623046875 0.828263275 0.359375 0.8254977875 0.361328125
1 0.8586836281249999 0.353515625 0.857300884375 0.3544921875 0.857300884375 0.3603515625 0.8586836281249999 0.361328125 0.8642146015625001 0.361328125 0.8655973453125 0.3603515625 0.86836283125 0.3583984375 0.86836283125 0.3544921875 0.8669800890625 0.353515625 0.8586836281249999 0.353515625
1 0.7897527453125 0.36867433437499997 0.7931735625 0.3669026359375 0.79408578125 0.36529200156249997 0.7918052359375001 0.3609432875 0.7899807984375 0.35997690625 0.7856477625 0.3611043515625 0.7815427828125 0.363359240625 0.7801744546875 0.366419446875 0.781086671875 0.36867433437499997 0.7854197093749999 0.3689964625 0.7897527453125 0.36867433437499997
1 0.9222898234375 0.353515625 0.9181415921875 0.3564453125 0.9181415921875 0.3603515625 0.9195243359375 0.361328125 0.927820796875 0.361328125 0.9292035390625 0.3603515625 0.9292035390625 0.3583984375 0.9319690265625 0.3564453125 0.927820796875 0.353515625 0.9222898234375 0.353515625
1 0.9748340703125 0.357421875 0.970685840625 0.3603515625 0.970685840625 0.3623046875 0.9748340703125 0.365234375 0.9789823015625 0.3642578125 0.9817477875 0.3623046875 0.9817477875 0.3583984375 0.98036504375 0.357421875 0.9748340703125 0.357421875
1 0.9516714421874999 0.358366271875 0.95554836875 0.357399890625 0.9573728031250001 0.35466181093750004 0.9562325312500001 0.351118415625 0.9534958781249999 0.3496688421875 0.9480225703125 0.34999097031250004 0.9459700796874999 0.35144054062499996 0.9420931515625 0.3536954296875 0.9439175890625 0.356272446875 0.9450578625 0.3580441453125 0.9480225703125 0.3586883984375 0.9516714421874999 0.358366271875
1 0.9037799968750001 0.3519237328125 0.904464159375 0.34805820781249996 0.901955559375 0.3466086359375 0.8973944703125 0.3466086359375 0.8926053250000001 0.34773608125 0.890096725 0.34982990625 0.89032478125 0.353212240625 0.8932894890625 0.354178621875 0.89921890625 0.354500746875 0.901955559375 0.35385649375 0.9037799968750001 0.3519237328125
1 0.07328539843750001 0.47265625 0.06913716875 0.4755859375 0.06913716875 0.4794921875 0.0705199109375 0.48046875 0.076050884375 0.48046875 0.077433628125 0.4794921875 0.080199115625 0.4775390625 0.080199115625 0.4736328125 0.078816371875 0.47265625 0.07328539843750001 0.47265625
1 0.1120022125 0.47265625 0.1078539828125 0.4755859375 0.1078539828125 0.4794921875 0.10923672499999999 0.48046875 0.11476769843750001 0.48046875 0.1161504421875 0.4794921875 0.1189159296875 0.4775390625 0.1189159296875 0.4736328125 0.11753318593749999 0.47265625 0.1120022125 0.47265625
1 0.13550885 0.4755859375 0.13550885 0.4775390625 0.13965707968750002 0.48046875 0.143805309375 0.4794921875 0.1493362828125 0.4755859375 0.1479535390625 0.47265625 0.13965707968750002 0.47265625 0.13550885 0.4755859375
1 0.167311946875 0.47265625 0.1631637171875 0.4755859375 0.1631637171875 0.4794921875 0.1645464609375 0.48046875 0.170077434375 0.48046875 0.1714601765625 0.4794921875 0.1742256640625 0.4775390625 0.1742256640625 0.4736328125 0.17284292031249998 0.47265625 0.167311946875 0.47265625
1 0.2087942484375 0.46484375 0.20188053125 0.4697265625 0.2060287609375 0.47265625 0.21155973437500003 0.47265625 0.212942478125 0.4716796875 0.2157079640625 0.4697265625 0.2157079640625 0.4658203125 0.21432522187499997 0.46484375 0.2087942484375 0.46484375
1 0.258573009375 0.462890625 0.25442477812500003 0.4638671875 0.25442477812500003 0.4677734375 0.255807521875 0.46875 0.26133849531250003 0.46875 0.2627212390625 0.4677734375 0.26548672500000003 0.4658203125 0.26548672500000003 0.4638671875 0.26133849531250003 0.4609375 0.258573009375 0.462890625
1 0.2834623890625 0.46875 0.27931415937500004 0.4716796875 0.27931415937500004 0.4755859375 0.280696903125 0.4765625 0.28622787656250004 0.4765625 0.28761061875 0.4755859375 0.29037610625 0.4736328125 0.29037610625 0.4697265625 0.28899336249999996 0.46875 0.2834623890625 0.46875
1 0.3055862828125 0.46484375 0.301438053125 0.4677734375 0.301438053125 0.4716796875 0.30282079687499996 0.47265625 0.3083517703125 0.47265625 0.3097345125 0.4716796875 0.3125 0.4697265625 0.3125 0.4658203125 0.31111725625000003 0.46484375 0.3055862828125 0.46484375
1 0.3304756640625 0.47265625 0.326327434375 0.4755859375 0.326327434375 0.4794921875 0.3277101765625 0.48046875 0.33324115 0.48046875 0.33462389375 0.4794921875 0.33738938125 0.4775390625 0.33738938125 0.4736328125 0.33600663750000004 0.47265625 0.3304756640625 0.47265625
1 0.35536504375 0.478515625 0.348451328125 0.4833984375 0.34983407031249997 0.486328125 0.35813053125 0.486328125 0.35951327499999997 0.4853515625 0.3622787609375 0.4833984375 0.3622787609375 0.4814453125 0.35813053125 0.478515625 0.35536504375 0.478515625
1 0.38855088437499996 0.478515625 0.38163716875000003 0.4833984375 0.38578539843750004 0.486328125 0.391316371875 0.486328125 0.39269911562500004 0.4853515625 0.39546460156249996 0.4833984375 0.39546460156249996 0.4794921875 0.3940818578125 0.478515625 0.38855088437499996 0.478515625
1 0.41067477812500003 0.482421875 0.4037610625 0.4873046875 0.40790929218749994 0.490234375 0.41344026562499997 0.490234375 0.41482300937499994 0.4892578125 0.41758849531250003 0.4873046875 0.41758849531250003 0.4853515625 0.41344026562499997 0.482421875 0.41067477812500003 0.482421875
1 0.4521570796875 0.478515625 0.4452433625 0.4833984375 0.4452433625 0.4853515625 0.44939159218749997 0.48828125 0.4535398234375 0.4873046875 0.459070796875 0.4853515625 0.459070796875 0.4794921875 0.45768805312499994 0.478515625 0.4521570796875 0.478515625
1 0.5157632750000001 0.478515625 0.51161504375 0.4814453125 0.51161504375 0.4853515625 0.5157632750000001 0.48828125 0.5171460171875 0.4873046875 0.5226769906250001 0.4853515625 0.5226769906250001 0.4794921875 0.5212942484374999 0.478515625 0.5157632750000001 0.478515625
1 0.5627765484375 0.478515625 0.5600110625 0.48046875 0.55586283125 0.4814453125 0.55586283125 0.4853515625 0.5572455749999999 0.486328125 0.5655420359375001 0.486328125 0.566924778125 0.4853515625 0.566924778125 0.4833984375 0.569690265625 0.4814453125 0.5655420359375001 0.478515625 0.5627765484375 0.478515625
1 0.590431415625 0.478515625 0.5862831859375001 0.4814453125 0.5862831859375001 0.4853515625 0.5876659296875 0.486328125 0.5959623890625 0.486328125 0.5973451328125 0.4853515625 0.5973451328125 0.4833984375 0.6001106187499999 0.4814453125 0.5959623890625 0.478515625 0.590431415625 0.478515625
1 0.6346792031249999 0.478515625 0.6305309734375 0.4814453125 0.6305309734375 0.4853515625 0.6319137171875 0.486328125 0.6402101765625 0.486328125 0.6415929203124999 0.4853515625 0.6443584078125 0.4833984375 0.6443584078125 0.4814453125 0.6402101765625 0.478515625 0.6346792031249999 0.478515625
1 0.6664823015625 0.4755859375 0.6664823015625 0.4794921875 0.66786504375 0.48046875 0.6733960171875 0.48046875 0.6747787609375 0.4794921875 0.680309734375 0.4736328125 0.6789269906250001 0.47265625 0.6706305312499999 0.47265625 0.6664823015625 0.4755859375
1 0.7093473453125 0.46484375 0.702433628125 0.4697265625 0.7065818578124999 0.47265625 0.71211283125 0.47265625 0.7134955749999999 0.4716796875 0.7162610625 0.4697265625 0.7162610625 0.4658203125 0.7148783187500001 0.46484375 0.7093473453125 0.46484375
1 0.7314712390625 0.47265625 0.7300884953125 0.4755859375 0.7273230093749999 0.4775390625 0.7314712390625 0.48046875 0.7370022125 0.48046875 0.73838495625 0.4794921875 0.7411504421874999 0.4775390625 0.7411504421874999 0.4736328125 0.7397676984375 0.47265625 0.7314712390625 0.47265625
1 0.75912610625 0.46875 0.7549778765624999 0.4716796875 0.7549778765624999 0.4736328125 0.75912610625 0.4765625 0.7646570796875001 0.4765625 0.7660398234375 0.4755859375 0.7660398234375 0.4736328125 0.768805309375 0.4716796875 0.767422565625 0.46875 0.75912610625 0.46875
1 0.78125 0.4765625 0.77986725625 0.4775390625 0.77986725625 0.4814453125 0.7840154874999999 0.484375 0.7853982296875001 0.4833984375 0.7909292031249999 0.4814453125 0.7909292031249999 0.4775390625 0.7895464609375 0.4765625 0.78125 0.4765625
1 0.8254977875 0.478515625 0.8185840703125 0.4833984375 0.8199668140625 0.486328125 0.828263275 0.486328125 0.8296460171875 0.4853515625 0.8324115046875 0.4833984375 0.8324115046875 0.4814453125 0.828263275 0.478515625 0.8254977875 0.478515625
1 0.861449115625 0.478515625 0.857300884375 0.4814453125 0.857300884375 0.4853515625 0.8586836281249999 0.486328125 0.8642146015625001 0.486328125 0.8655973453125 0.4853515625 0.86836283125 0.4833984375 0.86836283125 0.4794921875 0.8669800890625 0.478515625 0.861449115625 0.478515625
1 0.8863384953125 0.482421875 0.882190265625 0.4853515625 0.882190265625 0.4892578125 0.8835730093749999 0.490234375 0.8891039828125 0.490234375 0.890486725 0.4892578125 0.8932522125 0.4873046875 0.8932522125 0.4833984375 0.8918694687500001 0.482421875 0.8863384953125 0.482421875
1 0.9070796453125001 0.4833984375 0.9112278765624999 0.486328125 0.9195243359375 0.486328125 0.9209070796875001 0.4853515625 0.9209070796875001 0.4794921875 0.9195243359375 0.478515625 0.9139933625 0.478515625 0.9070796453125001 0.4833984375
1 0.9430309734375 0.4794921875 0.9430309734375 0.4814453125 0.947179203125 0.484375 0.951327434375 0.4833984375 0.9568584078125 0.4794921875 0.9554756640625 0.4765625 0.947179203125 0.4765625 0.9430309734375 0.4794921875
1 0.9748340703125 0.47265625 0.970685840625 0.4755859375 0.970685840625 0.4794921875 0.9720685843749999 0.48046875 0.9775995578125001 0.48046875 0.9789823015625 0.4794921875 0.9817477875 0.4775390625 0.9817477875 0.4736328125 0.98036504375 0.47265625 0.9748340703125 0.47265625
1 0.07328539843750001 0.580078125 0.06913716875 0.5830078125 0.06913716875 0.5869140625 0.0705199109375 0.587890625 0.076050884375 0.587890625 0.077433628125 0.5869140625 0.080199115625 0.5849609375 0.080199115625 0.5810546875 0.078816371875 0.580078125 0.07328539843750001 0.580078125
1 0.13136061875 0.580078125 0.12721238906250001 0.5830078125 0.12721238906250001 0.5869140625 0.12859513281249998 0.587890625 0.1368915921875 0.587890625 0.1382743359375 0.5869140625 0.1382743359375 0.5849609375 0.1410398234375 0.5830078125 0.1368915921875 0.580078125 0.13136061875 0.580078125
1 0.1590154875 0.583984375 0.15486725625 0.5869140625 0.15486725625 0.5908203125 0.15625 0.591796875 0.1617809734375 0.591796875 0.1631637171875 0.5908203125 0.16592920312499998 0.5888671875 0.16592920312499998 0.5849609375 0.1645464609375 0.583984375 0.1590154875 0.583984375
1 0.18943584062500002 0.587890625 0.18528761093749999 0.5908203125 0.18528761093749999 0.5927734375 0.18943584062500002 0.595703125 0.1935840703125 0.5947265625 0.19634955781250002 0.5927734375 0.19634955781250002 0.5888671875 0.1949668140625 0.587890625 0.18943584062500002 0.587890625
1 0.21432522187499997 0.591796875 0.212942478125 0.5927734375 0.212942478125 0.5966796875 0.2170907078125 0.599609375 0.21847345156250003 0.5986328125 0.224004425 0.5966796875 0.224004425 0.5927734375 0.22262168125 0.591796875 0.21432522187499997 0.591796875
1 0.27240044218750004 0.59375 0.26825221250000003 0.5966796875 0.26825221250000003 0.6005859375 0.26963495625 0.6015625 0.27240044218750004 0.6015625 0.27516592968750003 0.603515625 0.280696903125 0.603515625 0.28207964531249996 0.6025390625 0.28761061875 0.5986328125 0.28761061875 0.5966796875 0.2834623890625 0.59375 0.27240044218750004 0.59375
1 0.5102323015625 0.572265625 0.5074668140624999 0.57421875 0.503318584375 0.5751953125 0.503318584375 0.5791015625 0.504701328125 0.580078125 0.5129977875 0.580078125 0.5143805312499999 0.5791015625 0.5171460171875 0.5771484375 0.5171460171875 0.5751953125 0.5129977875 0.572265625 0.5102323015625 0.572265625
1 0.4536004078125 0.581278146875 0.4567931703125 0.579506446875 0.45930177031249997 0.57692943125 0.4588456609375 0.57274178125 0.452460134375 0.5714532718750001 0.4483551546875 0.572258590625 0.4449343359375 0.5749966703125 0.4449343359375 0.57902325625 0.4465307171875 0.581600271875 0.45040764375000003 0.5820834640625 0.4536004078125 0.581278146875
1 0.5351216812499999 0.576171875 0.5309734515625 0.5791015625 0.5309734515625 0.5830078125 0.5323561953125 0.583984375 0.5406526546875 0.583984375 0.5420353984374999 0.5830078125 0.5420353984374999 0.5810546875 0.5448008843750001 0.5791015625 0.5406526546875 0.576171875 0.5351216812499999 0.576171875
1 0.5655420359375001 0.580078125 0.5613938046875 0.5830078125 0.5613938046875 0.5869140625 0.5627765484375 0.587890625 0.568307521875 0.587890625 0.569690265625 0.5869140625 0.5724557515625001 0.5849609375 0.5724557515625001 0.5810546875 0.5710730093749999 0.580078125 0.5655420359375001 0.580078125
1 0.590431415625 0.583984375 0.589048671875 0.5869140625 0.5862831859375001 0.5888671875 0.590431415625 0.591796875 0.5959623890625 0.591796875 0.5973451328125 0.5908203125 0.6001106187499999 0.5888671875 0.6001106187499999 0.5849609375 0.5987278765624999 0.583984375 0.590431415625 0.583984375
1 0.637444690625 0.572265625 0.6346792031249999 0.57421875 0.6305309734375 0.5751953125 0.6305309734375 0.5791015625 0.6346792031249999 0.58203125 0.6360619468750001 0.5810546875 0.6415929203124999 0.5791015625 0.6415929203124999 0.5732421875 0.6402101765625 0.572265625 0.637444690625 0.572265625
1 0.6568030968749999 0.5703125 0.6554203546874999 0.5712890625 0.6554203546874999 0.5751953125 0.659568584375 0.578125 0.6637168140624999 0.5771484375 0.6664823015625 0.5751953125 0.6664823015625 0.5712890625 0.6650995578125001 0.5703125 0.6568030968749999 0.5703125
1 0.681692478125 0.576171875 0.6775442484374999 0.5791015625 0.6775442484374999 0.5830078125 0.6789269906250001 0.583984375 0.6844579640624999 0.583984375 0.6858407078125001 0.5830078125 0.6886061953125 0.5810546875 0.6886061953125 0.5771484375 0.6872234515625 0.576171875 0.681692478125 0.576171875
1 0.7065818578124999 0.580078125 0.702433628125 0.5830078125 0.702433628125 0.5869140625 0.703816371875 0.587890625 0.7093473453125 0.587890625 0.7107300890625 0.5869140625 0.7134955749999999 0.5849609375 0.7134955749999999 0.5810546875 0.71211283125 0.580078125 0.7065818578124999 0.580078125
1 0.7342367249999999 0.572265625 0.7314712390625 0.572265625 0.724557521875 0.5771484375 0.724557521875 0.5791015625 0.7287057515625001 0.58203125 0.7300884953125 0.5810546875 0.7342367249999999 0.580078125 0.73838495625 0.5771484375 0.73838495625 0.5751953125 0.7342367249999999 0.572265625
1 0.7646570796875001 0.576171875 0.7577433625000001 0.5810546875 0.75912610625 0.583984375 0.767422565625 0.583984375 0.768805309375 0.5830078125 0.7715707968750001 0.5810546875 0.7715707968750001 0.5771484375 0.7701880531249999 0.576171875 0.7646570796875001 0.576171875
1 0.7867809734375 0.580078125 0.77986725625 0.5849609375 0.7840154874999999 0.587890625 0.7895464609375 0.587890625 0.7909292031249999 0.5869140625 0.793694690625 0.5849609375 0.793694690625 0.5830078125 0.7895464609375 0.580078125 0.7867809734375 0.580078125
1 0.8835730093749999 0.576171875 0.879424778125 0.5791015625 0.879424778125 0.5830078125 0.880807521875 0.583984375 0.8891039828125 0.583984375 0.890486725 0.5830078125 0.890486725 0.5810546875 0.8932522125 0.5791015625 0.8891039828125 0.576171875 0.8835730093749999 0.576171875
1 0.8333111546874999 0.57902325625 0.835135590625 0.57596305 0.8317147734375 0.5720975265625 0.8248731375 0.5720975265625 0.8209962109375001 0.5749966703125 0.8207681578124999 0.5801507015625 0.8253292484375001 0.5822445265625 0.829434228125 0.5819224000000001 0.8333111546874999 0.57902325625
1 0.9139933625 0.572265625 0.9098451328125 0.5751953125 0.9098451328125 0.5791015625 0.9139933625 0.58203125 0.9153761062499999 0.5810546875 0.9209070796875001 0.5791015625 0.9209070796875001 0.5751953125 0.9167588500000001 0.572265625 0.9139933625 0.572265625
1 0.9375 0.5791015625 0.9375 0.5830078125 0.93888274375 0.583984375 0.947179203125 0.583984375 0.9485619468750001 0.5830078125 0.9485619468750001 0.5771484375 0.947179203125 0.576171875 0.9416482296875 0.576171875 0.9375 0.5791015625
1 0.9720685843749999 0.580078125 0.9679203546874999 0.5830078125 0.9679203546874999 0.5869140625 0.9693030968749999 0.587890625 0.9748340703125 0.587890625 0.9762168140625 0.5869140625 0.9789823015625 0.5849609375 0.9789823015625 0.5810546875 0.9775995578125001 0.580078125 0.9720685843749999 0.580078125
1 0.15486725625 0.6982421875 0.15486725625 0.7021484375 0.15625 0.703125 0.1645464609375 0.703125 0.16592920312499998 0.7021484375 0.16592920312499998 0.6962890625 0.1645464609375 0.6953125 0.1590154875 0.6953125 0.15486725625 0.6982421875
1 0.074801878125 0.7004651296875 0.07822269375 0.700143003125 0.082099621875 0.698049178125 0.0816435109375 0.6917677015625 0.0789068578125 0.6903181296875001 0.0736616046875 0.691123446875 0.06864440468750001 0.6932172734375001 0.0677321875 0.697243859375 0.0677321875 0.6977270515625 0.06955662343749999 0.7004651296875 0.074801878125 0.7004651296875
1 0.137516865625 0.6999819406250001 0.140709628125 0.6977270515625 0.14093768281250002 0.692895146875 0.1384290828125 0.690801321875 0.1338679921875 0.6916066390625 0.12839468437499998 0.694022590625 0.1272544125 0.698210240625 0.1299910671875 0.700143003125 0.133411884375 0.70062619375 0.137516865625 0.6999819406250001
1 0.18943584062500002 0.69921875 0.18528761093749999 0.7021484375 0.18528761093749999 0.7060546875 0.18667035468749998 0.70703125 0.192201328125 0.70703125 0.1935840703125 0.7060546875 0.19634955781250002 0.7041015625 0.19634955781250002 0.7001953125 0.1949668140625 0.69921875 0.18943584062500002 0.69921875
1 0.21432522187499997 0.703125 0.212942478125 0.7041015625 0.212942478125 0.7099609375 0.21432522187499997 0.7109375 0.21847345156250003 0.7099609375 0.224004425 0.7080078125 0.224004425 0.7041015625 0.22262168125 0.703125 0.21432522187499997 0.703125
1 0.27516592968750003 0.69921875 0.27240044218750004 0.69921875 0.26825221250000003 0.7021484375 0.26825221250000003 0.7041015625 0.27240044218750004 0.70703125 0.2834623890625 0.70703125 0.2848451328125 0.7060546875 0.2848451328125 0.7001953125 0.280696903125 0.69921875 0.277931415625 0.697265625 0.27516592968750003 0.69921875
1 0.4452433625 0.7021484375 0.4452433625 0.7060546875 0.44662610625 0.70703125 0.4521570796875 0.70703125 0.4535398234375 0.7060546875 0.459070796875 0.7021484375 0.454922565625 0.69921875 0.44939159218749997 0.69921875 0.4452433625 0.7021484375
1 0.49087389375 0.685546875 0.48949115 0.6865234375 0.48949115 0.6904296875 0.49363938125000006 0.693359375 0.4977876109375 0.6923828125 0.5005530968749999 0.6904296875 0.5005530968749999 0.6865234375 0.4991703546875 0.685546875 0.49087389375 0.685546875
1 0.5351216812499999 0.681640625 0.5337389375 0.6845703125 0.5309734515625 0.6865234375 0.5351216812499999 0.689453125 0.5406526546875 0.689453125 0.5420353984374999 0.6884765625 0.5448008843750001 0.6865234375 0.5448008843750001 0.6826171875 0.5434181421875001 0.681640625 0.5351216812499999 0.681640625
1 0.5766039828125 0.681640625 0.5752212390625 0.6826171875 0.5752212390625 0.6884765625 0.5766039828125 0.689453125 0.58213495625 0.689453125 0.5835176984375 0.6884765625 0.5862831859375001 0.6865234375 0.5862831859375001 0.6826171875 0.5849004421874999 0.681640625 0.5766039828125 0.681640625
1 0.6360619468750001 0.6845703125 0.6360619468750001 0.6865234375 0.6402101765625 0.689453125 0.6443584078125 0.6884765625 0.6498893812500001 0.6845703125 0.6485066374999999 0.681640625 0.6402101765625 0.681640625 0.6360619468750001 0.6845703125
1 0.75912610625 0.681640625 0.7577433625000001 0.6826171875 0.7577433625000001 0.6884765625 0.75912610625 0.689453125 0.7646570796875001 0.689453125 0.7660398234375 0.6884765625 0.768805309375 0.6865234375 0.768805309375 0.6826171875 0.767422565625 0.681640625 0.75912610625 0.681640625
1 0.6926015249999999 0.6890296218749999 0.697618725 0.6867747343749999 0.6992151062499999 0.6832313359375 0.6957942890625 0.679687940625 0.6912331984375 0.680010065625 0.685759890625 0.6825870828125 0.685075728125 0.687096859375 0.6839354546874999 0.6874189875 0.6864440546874999 0.6891906859375 0.6926015249999999 0.6890296218749999
1 0.8254977875 0.681640625 0.8213495578125001 0.6845703125 0.8213495578125001 0.6884765625 0.8227323015625 0.689453125 0.828263275 0.689453125 0.8296460171875 0.6884765625 0.8324115046875 0.6865234375 0.8324115046875 0.6826171875 0.8310287609375001 0.681640625 0.8254977875 0.681640625
1 0.8642146015625001 0.681640625 0.8628318578125 0.6826171875 0.8628318578125 0.6884765625 0.8642146015625001 0.689453125 0.8697455749999999 0.689453125 0.87112831875 0.6884765625 0.8738938046875001 0.6865234375 0.8738938046875001 0.6826171875 0.8725110624999999 0.681640625 0.8642146015625001 0.681640625
1 0.9001659296875 0.681640625 0.8987831859375 0.6826171875 0.8987831859375 0.6884765625 0.9001659296875 0.689453125 0.9056969031250001 0.689453125 0.9070796453125001 0.6884765625 0.9098451328125 0.6865234375 0.9098451328125 0.6826171875 0.9084623890625 0.681640625 0.9001659296875 0.681640625
1 0.9416482296875 0.681640625 0.9402654874999999 0.6826171875 0.9402654874999999 0.6884765625 0.9416482296875 0.689453125 0.947179203125 0.689453125 0.9485619468750001 0.6884765625 0.951327434375 0.6865234375 0.951327434375 0.6826171875 0.949944690625 0.681640625 0.9416482296875 0.681640625
1 0.970685840625 0.6865234375 0.970685840625 0.6923828125 0.9720685843749999 0.693359375 0.9762168140625 0.6923828125 0.9817477875 0.6884765625 0.98036504375 0.685546875 0.9720685843749999 0.685546875 0.970685840625 0.6865234375
1 0.067754425 0.79296875 0.06637168125000001 0.7958984375 0.0636061953125 0.7978515625 0.067754425 0.80078125 0.07328539843750001 0.80078125 0.0746681421875 0.7998046875 0.077433628125 0.7978515625 0.077433628125 0.7939453125 0.076050884375 0.79296875 0.067754425 0.79296875
1 0.1189159296875 0.7998046875 0.1189159296875 0.8017578125 0.123064159375 0.8046875 0.12721238906250001 0.8037109375 0.13274336250000002 0.7998046875 0.12859513281249998 0.796875 0.123064159375 0.796875 0.1189159296875 0.7998046875
1 0.11243087031250001 0.7940430203125 0.109694215625 0.793559828125 0.1037647984375 0.793237703125 0.1005720359375 0.795492590625 0.10034398124999999 0.7991970515625 0.1055892359375 0.8017740671875 0.11174670625000001 0.8001634328125 0.11243087031250001 0.7940430203125
1 0.1507190265625 0.79296875 0.14657079687500002 0.7958984375 0.14657079687500002 0.7998046875 0.1479535390625 0.80078125 0.1534845125 0.80078125 0.15486725625 0.7998046875 0.15763274375 0.7978515625 0.15763274375 0.7939453125 0.15625 0.79296875 0.1507190265625 0.79296875
1 0.17284292031249998 0.79296875 0.1714601765625 0.7958984375 0.168694690625 0.7978515625 0.17284292031249998 0.80078125 0.17837389374999998 0.80078125 0.17975663749999998 0.7998046875 0.18252212343750002 0.7978515625 0.18252212343750002 0.7939453125 0.18113938125 0.79296875 0.17284292031249998 0.79296875
1 0.19634955781250002 0.7978515625 0.19634955781250002 0.8017578125 0.20049778749999997 0.8046875 0.20464601718750003 0.8037109375 0.20741150468749997 0.7978515625 0.2060287609375 0.796875 0.1977323015625 0.796875 0.19634955781250002 0.7978515625
1 0.21847345156250003 0.8056640625 0.21847345156250003 0.8095703125 0.2198561953125 0.810546875 0.22538716875000003 0.810546875 0.2267699109375 0.8095703125 0.2295353984375 0.8076171875 0.22815265468749998 0.8046875 0.2198561953125 0.8046875 0.21847345156250003 0.8056640625
1 0.26410398281249997 0.8046875 0.26133849531250003 0.8046875 0.25719026562499997 0.8076171875 0.26133849531250003 0.810546875 0.26686946875 0.810546875 0.26825221250000003 0.8095703125 0.2710176984375 0.8076171875 0.2710176984375 0.8056640625 0.26686946875 0.802734375 0.26410398281249997 0.8046875
1 0.29037610625 0.8095703125 0.29037610625 0.8134765625 0.29175885 0.814453125 0.30005530937499997 0.814453125 0.301438053125 0.8134765625 0.301438053125 0.8076171875 0.30005530937499997 0.806640625 0.2945243359375 0.806640625 0.29037610625 0.8095703125
1 0.3277101765625 0.810546875 0.323561946875 0.8134765625 0.323561946875 0.8173828125 0.32494469062500003 0.818359375 0.3304756640625 0.818359375 0.3318584078125 0.8173828125 0.33462389375 0.8154296875 0.33462389375 0.8115234375 0.33324115 0.810546875 0.3277101765625 0.810546875
1 0.36780973437500003 0.8134765625 0.36780973437500003 0.8154296875 0.37195796406250003 0.818359375 0.3761061953125 0.8173828125 0.38163716875000003 0.8134765625 0.3774889375 0.810546875 0.37195796406250003 0.810546875 0.36780973437500003 0.8134765625
1 0.4521570796875 0.810546875 0.44800885 0.8134765625 0.44800885 0.8173828125 0.44939159218749997 0.818359375 0.45768805312499994 0.818359375 0.459070796875 0.8173828125 0.459070796875 0.8154296875 0.4618362828125 0.8134765625 0.45768805312499994 0.810546875 0.4521570796875 0.810546875
1 0.5517146015625001 0.810546875 0.5503318578124999 0.8115234375 0.5503318578124999 0.8173828125 0.5517146015625001 0.818359375 0.5572455749999999 0.818359375 0.5586283187500001 0.8173828125 0.5613938046875 0.8154296875 0.5613938046875 0.8115234375 0.5600110625 0.810546875 0.5517146015625001 0.810546875
1 0.637444690625 0.814453125 0.6360619468750001 0.8173828125 0.6332964609375 0.8193359375 0.637444690625 0.822265625 0.6429756640625001 0.822265625 0.6443584078125 0.8212890625 0.64712389375 0.8193359375 0.64712389375 0.8154296875 0.64574115 0.814453125 0.637444690625 0.814453125
1 0.6664823015625 0.8134765625 0.6664823015625 0.8173828125 0.66786504375 0.818359375 0.6761615046875 0.818359375 0.6775442484374999 0.8173828125 0.6775442484374999 0.8115234375 0.6761615046875 0.810546875 0.6706305312499999 0.810546875 0.6664823015625 0.8134765625
1 0.703816371875 0.806640625 0.6996681421875001 0.8095703125 0.6996681421875001 0.8134765625 0.7010508843750001 0.814453125 0.7065818578124999 0.814453125 0.7079646015625001 0.8134765625 0.7107300890625 0.8115234375 0.7107300890625 0.8076171875 0.7093473453125 0.806640625 0.703816371875 0.806640625
1 0.7562287328124999 0.8130485125 0.7575970609375 0.810793621875 0.75554456875 0.8070891625 0.750299315625 0.8064449093749999 0.7443698984375 0.807411290625 0.7427735171875 0.812565321875 0.745738225 0.8148202093749999 0.7525798609375001 0.8151423375 0.7562287328124999 0.8130485125
1 0.8960176984375 0.8056640625 0.8960176984375 0.8095703125 0.8974004421874999 0.810546875 0.9056969031250001 0.810546875 0.9070796453125001 0.8095703125 0.9070796453125001 0.8037109375 0.9056969031250001 0.802734375 0.9001659296875 0.802734375 0.8960176984375 0.8056640625
1 0.8374161359375 0.8132095749999999 0.8381002984375 0.8082166078125 0.835135590625 0.8069280984375 0.8298903359375001 0.8066059718749999 0.8260134109375 0.8075723531250001 0.8239609203124999 0.8091829890625 0.824417028125 0.8132095749999999 0.8285220109375 0.8154644640625 0.8344514265624999 0.8140148921874999 0.8374161359375 0.8132095749999999
1 0.95554836875 0.810632559375 0.9576008578125 0.8093440515625 0.9578289124999999 0.8058006546875 0.9566886406249999 0.8035457656249999 0.950987278125 0.8029015125000001 0.948250625 0.8043510843749999 0.945285915625 0.8059617187500001 0.9450578625 0.8086997968749999 0.945742025 0.8111157499999999 0.94961895 0.8120821312500001 0.95554836875 0.810632559375
1 0.0777665859375 0.9265982749999999 0.0809593484375 0.9245044484375 0.0809593484375 0.9206389250000001 0.077994640625 0.9185451 0.07343355 0.9190282906249999 0.0700127328125 0.9204778609375 0.06864440468750001 0.9220884968749999 0.06864440468750001 0.92563189375 0.06864440468750001 0.926276146875 0.07138106093749999 0.9270814656249999 0.0777665859375 0.9265982749999999
1 0.10992227031249999 0.9187061640625 0.10855394375 0.9146795765625001 0.10262452500000001 0.914840640625 0.0996598171875 0.9158070203124999 0.097607328125 0.9190282906249999 0.097607328125 0.9224106234375 0.1055892359375 0.9235380671875 0.109694215625 0.92160530625 0.10992227031249999 0.9187061640625
1 0.1372888109375 0.9296584812500001 0.1397974109375 0.9275646546875 0.13956935625 0.9224106234375 0.1361485375 0.92160530625 0.130219121875 0.9222495593750001 0.1272544125 0.9245044484375 0.12657025 0.9282089093750001 0.1299910671875 0.930141671875 0.13455215781250002 0.9304637984375 0.1372888109375 0.9296584812500001
1 0.163287025 0.9296584812500001 0.1662517328125 0.92772571875 0.1664797875 0.924021259375 0.16465535 0.9225716875 0.15781371718749998 0.92273275 0.153708734375 0.924343384375 0.15416484375 0.9285310359375 0.1553051171875 0.9306248609375001 0.1591820421875 0.9306248609375001 0.163287025 0.9296584812500001
1 0.1943024375 0.9296584812500001 0.1965829828125 0.9267593375000001 0.1968110359375 0.92273275 0.1940743828125 0.921122115625 0.189741346875 0.9222495593750001 0.18586441874999998 0.924343384375 0.184039984375 0.926115084375 0.1842680390625 0.9286920999999999 0.18586441874999998 0.930141671875 0.190425509375 0.9303027343749999 0.1943024375 0.9296584812500001
1 0.2654554421875 0.9299806078125 0.26773598593750003 0.9288531640625 0.27001653124999997 0.9264372109375 0.2691043125 0.9224106234375 0.2649993328125 0.92160530625 0.2586138078125 0.923215940625 0.25656131718749997 0.92563189375 0.25656131718749997 0.928047846875 0.257017425 0.9299806078125 0.2611224046875 0.9306248609375001 0.2654554421875 0.9299806078125
1 0.29624280000000003 0.9257929578124999 0.298295290625 0.9245044484375 0.2980672359375 0.9185451 0.2905414375 0.918061909375 0.2855242375 0.9206389250000001 0.28392785625 0.9251487031250001 0.28643645625 0.9269204015625 0.2928219828125 0.9265982749999999 0.29624280000000003 0.9257929578124999
1 0.32406545000000003 0.930141671875 0.32771432031250003 0.9275646546875 0.3288545921875 0.9225716875 0.3211007390625 0.9220884968749999 0.3179079765625 0.923215940625 0.31494326875 0.9245044484375 0.3151713234375 0.928047846875 0.31585548750000003 0.9304637984375 0.3204165765625 0.930785925 0.32406545000000003 0.930141671875
1 0.35348447968749996 0.9264372109375 0.3555369703125 0.9233770046875 0.35508086250000004 0.9185451 0.34960755468750004 0.9179008468750001 0.345502571875 0.9185451 0.3418537015625 0.921122115625 0.3416256453125 0.9248265765625 0.34367813593749996 0.927242528125 0.34846728125 0.9274035921875001 0.35348447968749996 0.9264372109375
1 0.380254425 0.927734375 0.3774889375 0.9296875 0.3733407078125 0.9306640625 0.3733407078125 0.9365234375 0.37472345156250003 0.9375 0.380254425 0.9375 0.38163716875000003 0.9365234375 0.3871681421875 0.9326171875 0.3871681421875 0.9306640625 0.3830199109375 0.927734375 0.380254425 0.927734375
1 0.46460177031249994 0.9326171875 0.46460177031249994 0.9345703125 0.46875 0.9375 0.47289822968750006 0.9365234375 0.478429203125 0.9326171875 0.47704646093749997 0.9296875 0.46875 0.9296875 0.46460177031249994 0.9326171875
1 0.5171460171875 0.9326171875 0.5171460171875 0.9345703125 0.5212942484374999 0.9375 0.525442478125 0.9365234375 0.5309734515625 0.9326171875 0.526825221875 0.9296875 0.5212942484374999 0.9296875 0.5171460171875 0.9326171875
1 0.50354434375 0.9298195437500001 0.506280996875 0.9288531640625 0.50673710625 0.924021259375 0.5044565609375 0.9224106234375 0.49829909062500005 0.92273275 0.49419410781249995 0.9245044484375 0.49328189062499994 0.9282089093750001 0.4967027078125 0.9306248609375001 0.50035158125 0.9306248609375001 0.50354434375 0.9298195437500001
1 0.550751625 0.9249876406249999 0.5516638421875 0.9228938140625 0.5514357890625 0.91967254375 0.5496113515625 0.917256590625 0.5441380437500001 0.9177397828125 0.53843668125 0.9204778609375 0.53775251875 0.9249876406249999 0.5402611187499999 0.9269204015625 0.54664664375 0.9264372109375 0.550751625 0.9249876406249999
1 0.5742412390625 0.9278867828124999 0.57515345625 0.9246655125000001 0.573329021875 0.9217663703125 0.5689959859375 0.9217663703125 0.56466295 0.9225716875 0.5626104609375 0.9246655125000001 0.5619262953125 0.928047846875 0.5632946234375 0.9306248609375001 0.5703643125 0.9306248609375001 0.5742412390625 0.9278867828124999
1 0.5933978171875001 0.9378727187499999 0.59727474375 0.9362620843749999 0.5977308531250001 0.934168259375 0.599327234375 0.930785925 0.59727474375 0.928047846875 0.5922575453125 0.9285310359375 0.586100071875 0.9306248609375001 0.5856439640625 0.9354567656249999 0.5858720187500001 0.9365842109375 0.5881525625 0.9378727187499999 0.5933978171875001 0.9378727187499999
1 0.6485066374999999 0.9296875 0.6443584078125 0.9326171875 0.6443584078125 0.9345703125 0.6485066374999999 0.9375 0.659568584375 0.9375 0.660951328125 0.9365234375 0.660951328125 0.9345703125 0.6637168140624999 0.9326171875 0.659568584375 0.9296875 0.6485066374999999 0.9296875
1 0.8420907078125 0.927734375 0.8337942484375 0.927734375 0.8268805312499999 0.9326171875 0.8268805312499999 0.9365234375 0.828263275 0.9375 0.8337942484375 0.9375 0.8351769906250001 0.9365234375 0.839325221875 0.935546875 0.8434734515625 0.9326171875 0.8434734515625 0.9287109375 0.8420907078125 0.927734375
0 0.2087942484375 0.15234375 0.203263275 0.15234375 0.1949668140625 0.1484375 0.18943584062500002 0.1484375 0.188053096875 0.1494140625 0.188053096875 0.1513671875 0.192201328125 0.154296875 0.1977323015625 0.154296875 0.20049778749999997 0.15625 0.2060287609375 0.15625 0.21432522187499997 0.16015625 0.21847345156250003 0.1591796875 0.21847345156250003 0.1552734375 0.2170907078125 0.154296875 0.21155973437500003 0.154296875 0.2087942484375 0.15234375
0 0.369192478125 0.1484375 0.36089601718750003 0.1484375 0.35813053125 0.150390625 0.347068584375 0.150390625 0.34568584062499996 0.1513671875 0.34568584062499996 0.1552734375 0.347068584375 0.15625 0.35259955781249996 0.15625 0.3539823015625 0.1552734375 0.35536504375 0.154296875 0.36366150468749997 0.154296875 0.37057522187499997 0.1494140625 0.369192478125 0.1484375
0 0.4383296453125 0.15234375 0.42450221250000003 0.15234375 0.421736725 0.150390625 0.40237831875 0.150390625 0.39961283124999997 0.1484375 0.38855088437499996 0.1484375 0.3871681421875 0.1494140625 0.3871681421875 0.1513671875 0.391316371875 0.15234375 0.3940818578125 0.154296875 0.40790929218749994 0.154296875 0.41067477812500003 0.15625 0.4272676984375 0.15625 0.43003318593750006 0.158203125 0.44662610625 0.158203125 0.44939159218749997 0.16015625 0.454922565625 0.16015625 0.45630530937499997 0.1591796875 0.45630530937499997 0.1552734375 0.454922565625 0.154296875 0.4410951328125 0.154296875 0.4383296453125 0.15234375
0 0.546183628125 0.15234375 0.5434181421875001 0.150390625 0.53788716875 0.150390625 0.5351216812499999 0.1484375 0.5309734515625 0.1494140625 0.5309734515625 0.1513671875 0.5351216812499999 0.154296875 0.53788716875 0.154296875 0.5406526546875 0.15625 0.546183628125 0.15625 0.5489491156249999 0.158203125 0.5600110625 0.158203125 0.5613938046875 0.1572265625 0.5572455749999999 0.154296875 0.5544800890625 0.154296875 0.5517146015625001 0.15234375 0.546183628125 0.15234375
0 0.7107300890625 0.1494140625 0.7093473453125 0.1484375 0.7010508843750001 0.1484375 0.6982853984374999 0.150390625 0.6899889375 0.150390625 0.6886061953125 0.1513671875 0.6886061953125 0.1552734375 0.6899889375 0.15625 0.6955199109375 0.15625 0.6969026546875 0.1552734375 0.6982853984374999 0.154296875 0.7065818578124999 0.154296875 0.7107300890625 0.1513671875 0.7107300890625 0.1494140625
0 0.795077434375 0.11328125 0.78125 0.11328125 0.7784845125000001 0.111328125 0.7618915921875 0.111328125 0.75912610625 0.109375 0.7425331859375001 0.109375 0.7411504421874999 0.1103515625 0.7411504421874999 0.1142578125 0.7425331859375001 0.115234375 0.7563606187499999 0.115234375 0.75912610625 0.1171875 0.7784845125000001 0.1171875 0.78125 0.119140625 0.7978429203124999 0.119140625 0.8006084078125 0.12109375 0.8089048671875 0.12109375 0.8102876109375 0.1201171875 0.8102876109375 0.1162109375 0.8089048671875 0.115234375 0.7978429203124999 0.115234375 0.795077434375 0.11328125
0 0.10923672499999999 0.2265625 0.1064712390625 0.224609375 0.078816371875 0.224609375 0.077433628125 0.2255859375 0.078816371875 0.228515625 0.08987831874999999 0.228515625 0.0926438046875 0.23046875 0.12029867187500001 0.23046875 0.123064159375 0.232421875 0.145188053125 0.232421875 0.14657079687500002 0.2314453125 0.14657079687500002 0.2294921875 0.142422565625 0.228515625 0.13965707968750002 0.2265625 0.10923672499999999 0.2265625
0 0.21432522187499997 0.228515625 0.2170907078125 0.2265625 0.2309181421875 0.2265625 0.232300884375 0.2255859375 0.232300884375 0.2216796875 0.2309181421875 0.220703125 0.2198561953125 0.220703125 0.2170907078125 0.22265625 0.20049778749999997 0.22265625 0.1977323015625 0.224609375 0.18390486718750002 0.224609375 0.18113938125 0.2265625 0.167311946875 0.2265625 0.1631637171875 0.2294921875 0.1645464609375 0.232421875 0.1756084078125 0.232421875 0.17699115 0.2314453125 0.17837389374999998 0.23046875 0.192201328125 0.23046875 0.1949668140625 0.228515625 0.21432522187499997 0.228515625
0 0.5185287609375 0.22265625 0.5226769906250001 0.2197265625 0.5185287609375 0.216796875 0.49363938125000006 0.216796875 0.49087389375 0.21875 0.46045353906250003 0.21875 0.45768805312499994 0.220703125 0.4521570796875 0.220703125 0.45077433593749994 0.2216796875 0.45077433593749994 0.2236328125 0.454922565625 0.2265625 0.459070796875 0.2255859375 0.46045353906250003 0.224609375 0.49363938125000006 0.224609375 0.4964048671875 0.22265625 0.5185287609375 0.22265625
0 0.5959623890625 0.228515625 0.5766039828125 0.228515625 0.5738384953125 0.2265625 0.5572455749999999 0.2265625 0.5544800890625 0.224609375 0.5406526546875 0.224609375 0.5392699109375 0.2255859375 0.5406526546875 0.228515625 0.546183628125 0.228515625 0.5489491156249999 0.23046875 0.5627765484375 0.23046875 0.5655420359375001 0.232421875 0.58213495625 0.232421875 0.5849004421874999 0.234375 0.5959623890625 0.234375 0.5987278765624999 0.236328125 0.6070243359374999 0.236328125 0.6084070796875001 0.2353515625 0.6084070796875001 0.2314453125 0.6070243359374999 0.23046875 0.5987278765624999 0.23046875 0.5959623890625 0.228515625
0 0.659568584375 0.232421875 0.6485066374999999 0.232421875 0.64574115 0.23046875 0.6415929203124999 0.2333984375 0.6429756640625001 0.236328125 0.6512721234375001 0.236328125 0.6540376109375 0.23828125 0.6650995578125001 0.23828125 0.66786504375 0.240234375 0.6692477875 0.2392578125 0.6720132750000001 0.2373046875 0.66786504375 0.234375 0.6623340703125 0.234375 0.659568584375 0.232421875
0 0.7840154874999999 0.236328125 0.7729535390625 0.236328125 0.7701880531249999 0.23828125 0.7660398234375 0.2392578125 0.767422565625 0.2421875 0.78125 0.2421875 0.78263274375 0.2412109375 0.7909292031249999 0.2392578125 0.7909292031249999 0.2373046875 0.7867809734375 0.234375 0.7840154874999999 0.236328125
0 0.41344026562499997 0.330078125 0.41758849531250003 0.3271484375 0.41344026562499997 0.32421875 0.40790929218749994 0.32421875 0.4051438046875 0.326171875 0.36089601718750003 0.326171875 0.35813053125 0.328125 0.33877212343749996 0.328125 0.33738938125 0.3310546875 0.3415376109375 0.333984375 0.34292035468750004 0.3330078125 0.344303096875 0.33203125 0.3830199109375 0.33203125 0.38578539843750004 0.330078125 0.41344026562499997 0.330078125
0 0.44939159218749997 0.3671875 0.4410951328125 0.3671875 0.4397123890625 0.3681640625 0.4397123890625 0.3701171875 0.44386061874999994 0.373046875 0.4521570796875 0.373046875 0.454922565625 0.375 0.46598451250000006 0.375 0.46736725625000003 0.3740234375 0.46736725625000003 0.3720703125 0.46321902656249997 0.369140625 0.4521570796875 0.369140625 0.44939159218749997 0.3671875
0 0.5710730093749999 0.375 0.5323561953125 0.375 0.5295907078125001 0.373046875 0.526825221875 0.373046875 0.5226769906250001 0.3759765625 0.524059734375 0.37890625 0.5295907078125001 0.37890625 0.5323561953125 0.380859375 0.5655420359375001 0.380859375 0.568307521875 0.3828125 0.5931969031250001 0.3828125 0.5945796453125001 0.3818359375 0.5945796453125001 0.3779296875 0.5931969031250001 0.376953125 0.5738384953125 0.376953125 0.5710730093749999 0.375
0 0.6872234515625 0.330078125 0.6844579640624999 0.328125 0.66786504375 0.328125 0.6650995578125001 0.326171875 0.6429756640625001 0.326171875 0.6415929203124999 0.3271484375 0.6429756640625001 0.330078125 0.6540376109375 0.330078125 0.6568030968749999 0.33203125 0.6733960171875 0.33203125 0.6761615046875 0.333984375 0.6927544250000001 0.333984375 0.6955199109375 0.3359375 0.71211283125 0.3359375 0.7134955749999999 0.3349609375 0.71211283125 0.33203125 0.7065818578124999 0.33203125 0.703816371875 0.330078125 0.6872234515625 0.330078125
0 0.7701880531249999 0.34375 0.7923119468750001 0.34375 0.793694690625 0.3427734375 0.7923119468750001 0.33984375 0.7701880531249999 0.33984375 0.768805309375 0.3408203125 0.7701880531249999 0.34375
0 0.949944690625 0.328125 0.9305862828125001 0.328125 0.927820796875 0.326171875 0.9084623890625 0.326171875 0.9056969031250001 0.32421875 0.9015486718749999 0.3271484375 0.9029314156250001 0.330078125 0.9167588500000001 0.330078125 0.9195243359375 0.33203125 0.93888274375 0.33203125 0.9416482296875 0.333984375 0.9610066375 0.333984375 0.9637721234375001 0.3359375 0.98036504375 0.3359375 0.9817477875 0.3349609375 0.9817477875 0.3330078125 0.9748340703125 0.330078125 0.9527101765625 0.330078125 0.949944690625 0.328125
0 0.12029867187500001 0.455078125 0.1479535390625 0.455078125 0.1493362828125 0.4541015625 0.1479535390625 0.451171875 0.12029867187500001 0.451171875 0.1189159296875 0.4521484375 0.12029867187500001 0.455078125
0 0.3166482296875 0.4453125 0.31388274374999997 0.443359375 0.2972898234375 0.443359375 0.2945243359375 0.44140625 0.277931415625 0.44140625 0.27516592968750003 0.439453125 0.26686946875 0.439453125 0.26548672500000003 0.4404296875 0.26548672500000003 0.4443359375 0.26686946875 0.4453125 0.27516592968750003 0.4453125 0.277931415625 0.447265625 0.2972898234375 0.447265625 0.30005530937499997 0.44921875 0.3166482296875 0.44921875 0.3194137171875 0.451171875 0.33600663750000004 0.451171875 0.33738938125 0.4501953125 0.33738938125 0.4482421875 0.33324115 0.447265625 0.3304756640625 0.4453125 0.3166482296875 0.4453125
0 0.40790929218749994 0.458984375 0.3940818578125 0.458984375 0.39269911562500004 0.4599609375 0.3968473453125 0.462890625 0.39961283124999997 0.462890625 0.40237831875 0.46484375 0.41067477812500003 0.46484375 0.41344026562499997 0.466796875 0.41758849531250003 0.4658203125 0.41758849531250003 0.4619140625 0.41620575156250006 0.4609375 0.41067477812500003 0.4609375 0.40790929218749994 0.458984375
0 0.566924778125 0.4599609375 0.568307521875 0.462890625 0.5959623890625 0.462890625 0.5973451328125 0.4619140625 0.6001106187499999 0.4599609375 0.5987278765624999 0.458984375 0.568307521875 0.458984375 0.566924778125 0.4599609375
0 0.7646570796875001 0.447265625 0.745298671875 0.447265625 0.7425331859375001 0.4453125 0.725940265625 0.4453125 0.723174778125 0.443359375 0.7176438046875 0.443359375 0.7134955749999999 0.4462890625 0.7148783187500001 0.44921875 0.7342367249999999 0.44921875 0.7370022125 0.451171875 0.7508296453125001 0.451171875 0.7535951328125 0.453125 0.7701880531249999 0.453125 0.7729535390625 0.455078125 0.7895464609375 0.455078125 0.7909292031249999 0.4541015625 0.7909292031249999 0.4521484375 0.7840154874999999 0.44921875 0.767422565625 0.44921875 0.7646570796875001 0.447265625
0 0.8697455749999999 0.458984375 0.86836283125 0.4599609375 0.8697455749999999 0.462890625 0.8752765484375 0.462890625 0.8780420359375001 0.46484375 0.8891039828125 0.46484375 0.8918694687500001 0.466796875 0.8932522125 0.4658203125 0.8932522125 0.4619140625 0.8891039828125 0.4609375 0.8863384953125 0.458984375 0.8697455749999999 0.458984375
0 0.9817477875 0.4521484375 0.98036504375 0.451171875 0.9693030968749999 0.451171875 0.9665376109375 0.453125 0.9582411499999999 0.453125 0.9540929203124999 0.4560546875 0.9554756640625 0.458984375 0.9637721234375001 0.458984375 0.9651548671875 0.4580078125 0.9665376109375 0.45703125 0.98036504375 0.45703125 0.9817477875 0.4560546875 0.9817477875 0.4521484375
0 0.2087942484375 0.5625 0.18113938125 0.5625 0.17837389374999998 0.560546875 0.1590154875 0.560546875 0.15625 0.55859375 0.13965707968750002 0.55859375 0.1382743359375 0.5595703125 0.13965707968750002 0.564453125 0.1590154875 0.564453125 0.1617809734375 0.56640625 0.17837389374999998 0.56640625 0.18113938125 0.568359375 0.1949668140625 0.568359375 0.1977323015625 0.5703125 0.2198561953125 0.5703125 0.22262168125 0.572265625 0.224004425 0.5712890625 0.224004425 0.5654296875 0.22262168125 0.564453125 0.21155973437500003 0.564453125 0.2087942484375 0.5625
0 0.5710730093749999 0.556640625 0.568307521875 0.5546875 0.546183628125 0.5546875 0.5434181421875001 0.552734375 0.524059734375 0.552734375 0.5212942484374999 0.55078125 0.5185287609375 0.55078125 0.5143805312499999 0.5537109375 0.5143805312499999 0.5556640625 0.5185287609375 0.55859375 0.5212942484374999 0.556640625 0.524059734375 0.556640625 0.526825221875 0.55859375 0.5406526546875 0.55859375 0.5434181421875001 0.560546875 0.568307521875 0.560546875 0.5710730093749999 0.5625 0.590431415625 0.5625 0.5931969031250001 0.564453125 0.6001106187499999 0.5634765625 0.6001106187499999 0.5595703125 0.5931969031250001 0.55859375 0.590431415625 0.556640625 0.5710730093749999 0.556640625
0 0.7010508843750001 0.552734375 0.6844579640624999 0.552734375 0.681692478125 0.55078125 0.6650995578125001 0.55078125 0.6623340703125 0.548828125 0.6429756640625001 0.548828125 0.638827434375 0.5517578125 0.6429756640625001 0.5546875 0.6623340703125 0.5546875 0.6650995578125001 0.556640625 0.681692478125 0.556640625 0.6844579640624999 0.55859375 0.703816371875 0.55859375 0.7065818578124999 0.560546875 0.71211283125 0.560546875 0.7134955749999999 0.5595703125 0.7134955749999999 0.5556640625 0.71211283125 0.5546875 0.703816371875 0.5546875 0.7010508843750001 0.552734375
0 0.7784845125000001 0.556640625 0.7757190265625 0.5546875 0.7729535390625 0.5546875 0.768805309375 0.5576171875 0.7701880531249999 0.560546875 0.7757190265625 0.560546875 0.7784845125000001 0.5625 0.7867809734375 0.5625 0.7895464609375 0.564453125 0.793694690625 0.5634765625 0.793694690625 0.5595703125 0.7895464609375 0.55859375 0.7867809734375 0.556640625 0.7784845125000001 0.556640625
0 0.9527101765625 0.552734375 0.9084623890625 0.552734375 0.9056969031250001 0.55078125 0.89463495625 0.55078125 0.890486725 0.5537109375 0.8918694687500001 0.556640625 0.9056969031250001 0.556640625 0.9084623890625 0.55859375 0.9444137171874999 0.55859375 0.947179203125 0.560546875 0.9775995578125001 0.560546875 0.9789823015625 0.5595703125 0.9817477875 0.5576171875 0.9775995578125001 0.5546875 0.9554756640625 0.5546875 0.9527101765625 0.552734375
0 0.20049778749999997 0.673828125 0.17284292031249998 0.673828125 0.170077434375 0.671875 0.1507190265625 0.671875 0.1479535390625 0.669921875 0.13965707968750002 0.669921875 0.1382743359375 0.6708984375 0.13965707968750002 0.67578125 0.1590154875 0.67578125 0.1617809734375 0.677734375 0.18390486718750002 0.677734375 0.18667035468749998 0.6796875 0.20049778749999997 0.6796875 0.203263275 0.681640625 0.22262168125 0.681640625 0.224004425 0.6806640625 0.224004425 0.6787109375 0.2170907078125 0.67578125 0.203263275 0.67578125 0.20049778749999997 0.673828125
0 0.9637721234375001 0.70703125 0.947179203125 0.70703125 0.9444137171874999 0.705078125 0.93888274375 0.705078125 0.9375 0.7060546875 0.9375 0.7099609375 0.93888274375 0.7109375 0.947179203125 0.7109375 0.949944690625 0.712890625 0.9637721234375001 0.712890625 0.9665376109375 0.71484375 0.9679203546874999 0.7138671875 0.970685840625 0.7119140625 0.970685840625 0.7099609375 0.9665376109375 0.708984375 0.9637721234375001 0.70703125
0 0.11476769843750001 0.818359375 0.1120022125 0.818359375 0.11061946874999999 0.8154296875 0.1064712390625 0.8125 0.10370575156249999 0.8125 0.099557521875 0.8154296875 0.099557521875 0.8193359375 0.1064712390625 0.82421875 0.11476769843750001 0.82421875 0.11753318593749999 0.826171875 0.1189159296875 0.8251953125 0.12168141562499998 0.8232421875 0.12168141562499998 0.8212890625 0.11753318593749999 0.8203125 0.11476769843750001 0.818359375
0 0.21432522187499997 0.775390625 0.1977323015625 0.775390625 0.1949668140625 0.7734375 0.17837389374999998 0.7734375 0.1756084078125 0.771484375 0.1590154875 0.771484375 0.15763274375 0.7724609375 0.15763274375 0.7763671875 0.1590154875 0.77734375 0.170077434375 0.77734375 0.17284292031249998 0.779296875 0.1949668140625 0.779296875 0.1977323015625 0.78125 0.21155973437500003 0.78125 0.21432522187499997 0.783203125 0.22815265468749998 0.783203125 0.2295353984375 0.7822265625 0.2295353984375 0.7783203125 0.22815265468749998 0.77734375 0.2170907078125 0.77734375 0.21432522187499997 0.775390625
0 0.2945243359375 0.783203125 0.280696903125 0.783203125 0.277931415625 0.78125 0.27240044218750004 0.78125 0.26825221250000003 0.7841796875 0.27240044218750004 0.787109375 0.280696903125 0.787109375 0.2834623890625 0.7890625 0.2972898234375 0.7890625 0.30005530937499997 0.791015625 0.301438053125 0.7900390625 0.30420353906250003 0.7880859375 0.30005530937499997 0.78515625 0.2972898234375 0.78515625 0.2945243359375 0.783203125
0 0.680309734375 0.7900390625 0.6789269906250001 0.7890625 0.6623340703125 0.7890625 0.659568584375 0.791015625 0.6485066374999999 0.791015625 0.6443584078125 0.7939453125 0.64574115 0.796875 0.6623340703125 0.796875 0.6637168140624999 0.7958984375 0.6650995578125001 0.794921875 0.6789269906250001 0.794921875 0.680309734375 0.7939453125 0.680309734375 0.7900390625
0 0.12859513281249998 0.89453125 0.0815818578125 0.89453125 0.080199115625 0.8955078125 0.0815818578125 0.8984375 0.10370575156249999 0.8984375 0.1064712390625 0.900390625 0.15625 0.900390625 0.1590154875 0.90234375 0.1645464609375 0.90234375 0.16592920312499998 0.9013671875 0.16592920312499998 0.8974609375 0.1645464609375 0.896484375 0.13136061875 0.896484375 0.12859513281249998 0.89453125
0 0.35536504375 0.90234375 0.35674778749999997 0.8994140625 0.35259955781249996 0.896484375 0.32217920312500004 0.896484375 0.3194137171875 0.8984375 0.27240044218750004 0.8984375 0.26825221250000003 0.9013671875 0.26963495625 0.90625 0.2972898234375 0.90625 0.298672565625 0.9052734375 0.30005530937499997 0.904296875 0.33877212343749996 0.904296875 0.3415376109375 0.90234375 0.35536504375 0.90234375
0 0.5185287609375 0.904296875 0.5157632750000001 0.90234375 0.5102323015625 0.90234375 0.5074668140624999 0.900390625 0.503318584375 0.9033203125 0.5074668140624999 0.90625 0.5102323015625 0.90625 0.5129977875 0.908203125 0.5157632750000001 0.908203125 0.524059734375 0.912109375 0.5282079640624999 0.9111328125 0.5282079640624999 0.9072265625 0.524059734375 0.90625 0.5212942484374999 0.904296875 0.5185287609375 0.904296875