1 0.4 0.22435 0.40354 0.22161 0.40354 0.21614 0.39646 0.21614 0.39292 0.21888000000000002 0.39292 0.22435 0.4 0.22435
1 0.47788 0.22025 0.48141999999999996 0.21751 0.48141999999999996 0.21204 0.47434000000000004 0.21204 0.4708 0.21477 0.47257 0.22025 0.47788 0.22025
1 0.56106 0.21614 0.5699099999999999 0.21477 0.57168 0.21204 0.5699099999999999 0.20793 0.5646 0.20793 0.56106 0.20929999999999999 0.5592900000000001 0.21204 0.56106 0.21614
1 0.6017699999999999 0.21204 0.60531 0.20929999999999999 0.60354 0.20383 0.59823 0.20383 0.59292 0.20929999999999999 0.59469 0.21204 0.6017699999999999 0.21204
1 0.69204 0.22435 0.69558 0.22161 0.69558 0.21614 0.6885 0.21614 0.68496 0.21751 0.68496 0.22435 0.69204 0.22435
1 0.74513 0.22025 0.74867 0.21751 0.7469 0.21204 0.74336 0.21204 0.73982 0.21341000000000002 0.73982 0.22025 0.74513 0.22025
1 0.77876 0.21204 0.78053 0.21614 0.78938 0.21477 0.78938 0.20793 0.78584 0.20793 0.78407 0.20929999999999999 0.78053 0.20929999999999999 0.77876 0.21204
1 0.80177 0.21204 0.80708 0.21204 0.8123900000000001 0.20793 0.8106199999999999 0.20383 0.8053100000000001 0.20383 0.80177 0.2052 0.8 0.20793 0.80177 0.21204
1 0.84602 0.20109 0.84956 0.19973000000000002 0.8513299999999999 0.19562 0.8531000000000001 0.19289 0.8442500000000001 0.19289 0.84071 0.19562 0.8424799999999999 0.19973000000000002 0.84602 0.20109
1 0.8743399999999999 0.20383 0.87788 0.20109 0.87788 0.19699 0.8743399999999999 0.19562 0.8690300000000001 0.19699 0.8672599999999999 0.19973000000000002 0.8672599999999999 0.20383 0.8743399999999999 0.20383
1 0.91327 0.21614 0.9168100000000001 0.21341000000000002 0.9168100000000001 0.20793 0.9115 0.20793 0.9079599999999999 0.20929999999999999 0.9061899999999999 0.21614 0.91327 0.21614
1 0.9380499999999999 0.21204 0.94159 0.20793 0.9398199999999999 0.20383 0.93628 0.20383 0.9327400000000001 0.2052 0.93097 0.21204 0.9380499999999999 0.21204
1 0.9716799999999999 0.20383 0.97699 0.20383 0.9805300000000001 0.20109 0.97876 0.19562 0.97522 0.19562 0.9716799999999999 0.19699 0.9699099999999999 0.19973000000000002 0.9716799999999999 0.20383
1 0.10442 0.31601 0.10795999999999999 0.31601 0.1115 0.31464 0.11504 0.3119 0.11327000000000001 0.30643 0.10795999999999999 0.30643 0.10442 0.30917 0.10264999999999999 0.3119 0.10442 0.31601
1 0.19469 0.31464 0.19823 0.3119 0.19823 0.30779999999999996 0.19469 0.30643 0.19115 0.30779999999999996 0.18938 0.30779999999999996 0.18584 0.31327 0.19469 0.31464
1 0.22832 0.31873999999999997 0.23186 0.31601 0.23186 0.3119 0.22832 0.31053000000000003 0.22124000000000002 0.31327 0.22124000000000002 0.31873999999999997 0.22832 0.31873999999999997
1 0.26017999999999997 0.32284999999999997 0.26372 0.32011 0.26549 0.31737000000000004 0.26195 0.31464 0.25664 0.31601 0.2531 0.31873999999999997 0.25487000000000004 0.32284999999999997 0.26017999999999997 0.32284999999999997
1 0.29381 0.33105 0.29735 0.32832 0.29558 0.32284999999999997 0.29203999999999997 0.32284999999999997 0.28673000000000004 0.32694999999999996 0.2885 0.33105 0.29381 0.33105
1 0.31858 0.33516 0.32212 0.33242 0.32035 0.32694999999999996 0.31681 0.32694999999999996 0.31327 0.32832 0.31327 0.33516 0.31858 0.33516
1 0.34336 0.33105 0.3469 0.32832 0.34513 0.32284999999999997 0.34159 0.32284999999999997 0.33628 0.32694999999999996 0.33805 0.33105 0.34336 0.33105
1 0.42123999999999995 0.33105 0.42478 0.32969 0.42655000000000004 0.32558 0.42478 0.32284999999999997 0.41947 0.32284999999999997 0.41416000000000003 0.32694999999999996 0.41416000000000003 0.33105 0.42123999999999995 0.33105
1 0.65133 0.33516 0.6548700000000001 0.33242 0.6548700000000001 0.32694999999999996 0.6495599999999999 0.32694999999999996 0.64602 0.32832 0.64602 0.33516 0.65133 0.33516
1 0.7115 0.32832 0.71504 0.33105 0.72035 0.33105 0.72389 0.32832 0.72212 0.32284999999999997 0.71858 0.32284999999999997 0.71504 0.32421 0.71327 0.32558 0.7115 0.32832
1 0.8177 0.32694999999999996 0.8265499999999999 0.32558 0.8283200000000001 0.32148 0.8265499999999999 0.31873999999999997 0.8212400000000001 0.31873999999999997 0.8177 0.32011 0.81593 0.32284999999999997 0.8177 0.32694999999999996
1 0.86195 0.32284999999999997 0.8672599999999999 0.31737000000000004 0.86549 0.31464 0.8601800000000001 0.31464 0.85487 0.31873999999999997 0.85664 0.32284999999999997 0.86195 0.32284999999999997
1 0.96106 0.33653 0.96283 0.33653 0.9663700000000001 0.33926 0.9663700000000001 0.33516 0.9699099999999999 0.33105 0.96814 0.32694999999999996 0.9646000000000001 0.32832 0.95929 0.32969 0.95752 0.33379 0.96106 0.33653
1 0.11327000000000001 0.45144 0.11504 0.45007 0.11504 0.4446 0.10795999999999999 0.4446 0.10442 0.44733 0.10442 0.45007 0.1115 0.45144 0.11327000000000001 0.45144
1 0.15929 0.44733 0.16106 0.4446 0.16106 0.44048999999999994 0.15398 0.44048999999999994 0.15044 0.44322999999999996 0.15221 0.4487 0.15929 0.44733
1 0.32389 0.43639 0.32743 0.43365 0.32566 0.42817999999999995 0.32035 0.42817999999999995 0.31681 0.43091999999999997 0.31681 0.43639 0.32389 0.43639
1 0.36991 0.42134 0.37168 0.41859999999999997 0.36991 0.41586999999999996 0.36106 0.41723999999999994 0.35929 0.41997 0.35929 0.42408 0.36991 0.42271000000000003 0.36991 0.42134
1 0.18407 0.4446 0.18761 0.44186 0.18761 0.43639 0.18053 0.43639 0.17699 0.43912000000000007 0.17876 0.4446 0.18407 0.4446
1 0.22832 0.43912000000000007 0.23009 0.43639 0.22832 0.43228 0.22301 0.43228 0.2177 0.43639 0.21947 0.44048999999999994 0.22832 0.43912000000000007
1 0.2531 0.43639 0.25664 0.43365 0.25664 0.42817999999999995 0.24956 0.42817999999999995 0.24602 0.43091999999999997 0.24779 0.43639 0.2531 0.43639
1 0.29912 0.44186 0.29735 0.43639 0.29203999999999997 0.43639 0.2885 0.43912000000000007 0.29027 0.4446 0.29558 0.4446 0.29912 0.44186
1 0.44779 0.41997 0.44248000000000004 0.41586999999999996 0.43186 0.41723999999999994 0.43186 0.42271000000000003 0.4354 0.42544000000000004 0.44248000000000004 0.42544000000000004 0.44779 0.41997
1 0.94336 0.45691 0.9486700000000001 0.45691 0.95221 0.45553999999999994 0.9539799999999999 0.4528 0.9539799999999999 0.4487 0.9469 0.4487 0.94336 0.45007 0.94159 0.4528 0.94336 0.45691
1 0.73274 0.42408 0.73628 0.42134 0.73451 0.41586999999999996 0.7292 0.41586999999999996 0.72389 0.41997 0.72389 0.42544000000000004 0.73274 0.42408
1 0.10264999999999999 0.5636099999999999 0.10973 0.5636099999999999 0.11327000000000001 0.5608799999999999 0.1115 0.5554 0.10795999999999999 0.5554 0.10442 0.55677 0.10088 0.5595100000000001 0.10264999999999999 0.5636099999999999
1 0.21593 0.55677 0.21416 0.5513 0.20531000000000002 0.55404 0.20531000000000002 0.5595100000000001 0.21416 0.5595100000000001 0.21593 0.55677
1 0.25487000000000004 0.5485599999999999 0.24425 0.54993 0.24425 0.5554 0.24956 0.55677 0.25487000000000004 0.55267 0.25487000000000004 0.5485599999999999
1 0.34867 0.56772 0.35752 0.56635 0.35752 0.56498 0.35929 0.56224 0.35752 0.5595100000000001 0.35398 0.5608799999999999 0.35044 0.5608799999999999 0.3469 0.5636099999999999 0.34867 0.56772
1 0.40708 0.5636099999999999 0.41062000000000004 0.56498 0.41769999999999996 0.56224 0.41769999999999996 0.5608799999999999 0.41947 0.5581400000000001 0.41769999999999996 0.5554 0.41416000000000003 0.55677 0.41062000000000004 0.55677 0.40708 0.5595100000000001 0.40708 0.5636099999999999
1 0.45487 0.55267 0.45133 0.5554 0.45133 0.5595100000000001 0.46195 0.5581400000000001 0.46195 0.55267 0.45487 0.55267
1 0.49027000000000004 0.55267 0.49027000000000004 0.5485599999999999 0.47965 0.54993 0.47788 0.55267 0.47965 0.5554 0.48319 0.55677 0.48673 0.5554 0.49027000000000004 0.55267
1 0.52566 0.54446 0.53097 0.54036 0.53097 0.53625 0.52389 0.53625 0.52035 0.53899 0.5221199999999999 0.54446 0.52566 0.54446
1 0.5539799999999999 0.5485599999999999 0.55752 0.5472 0.5592900000000001 0.54446 0.5592900000000001 0.54036 0.55221 0.54036 0.54867 0.5430900000000001 0.54867 0.5472 0.5539799999999999 0.5485599999999999
1 0.58938 0.5636099999999999 0.59292 0.56498 0.6 0.56224 0.6017699999999999 0.5595100000000001 0.6 0.5554 0.59646 0.5554 0.59292 0.55677 0.58938 0.5595100000000001 0.58938 0.5636099999999999
1 0.62478 0.55677 0.63009 0.55267 0.63009 0.5485599999999999 0.6230100000000001 0.5485599999999999 0.61947 0.5513 0.61947 0.5554 0.62478 0.55677
1 0.67257 0.54036 0.66372 0.54172 0.66195 0.54446 0.66195 0.5472 0.6708000000000001 0.5472 0.67257 0.54583 0.67434 0.5430900000000001 0.67257 0.54036
1 0.7469 0.5485599999999999 0.75044 0.54583 0.75044 0.5430900000000001 0.7469 0.54036 0.74336 0.53899 0.73805 0.53899 0.73274 0.54172 0.73274 0.54446 0.73451 0.5472 0.73805 0.5485599999999999 0.7469 0.5485599999999999
1 0.10795999999999999 0.65116 0.11327000000000001 0.64706 0.11327000000000001 0.64432 0.10973 0.64159 0.10264999999999999 0.64295 0.10088 0.64569 0.10088 0.65116 0.10795999999999999 0.65116
1 0.29027 0.66758 0.29381 0.66621 0.29558 0.66347 0.29558 0.65937 0.2885 0.65937 0.28496 0.66211 0.28496 0.66484 0.29027 0.66758
1 0.32035 0.66347 0.30973 0.66484 0.30973 0.67031 0.31504 0.67168 0.32035 0.66758 0.32035 0.66347
1 0.33982 0.66758 0.34336 0.66621 0.34513 0.65937 0.33805 0.65937 0.33451 0.66211 0.33628 0.66621 0.33982 0.66758
1 0.18407 0.64979 0.18938 0.65116 0.19292 0.64979 0.19823 0.64432 0.19469 0.64295 0.18761 0.64295 0.18407 0.64569 0.18407 0.64979
1 0.22477999999999998 0.65527 0.23009 0.65116 0.23009 0.64706 0.22124000000000002 0.64706 0.2177 0.64979 0.21947 0.65527 0.22477999999999998 0.65527
1 0.26017999999999997 0.65116 0.25487000000000004 0.65116 0.25133 0.6538999999999999 0.2531 0.658 0.25841 0.658 0.26195 0.65663 0.26017999999999997 0.65116
1 0.42123999999999995 0.66347 0.42123999999999995 0.66621 0.42655000000000004 0.66758 0.43009000000000003 0.66621 0.43362999999999996 0.66347 0.43362999999999996 0.658 0.42832 0.658 0.42478 0.65937 0.42301 0.66074 0.42123999999999995 0.66347
1 0.7115 0.66484 0.71858 0.66621 0.72035 0.66621 0.72212 0.66484 0.72212 0.66347 0.72389 0.66074 0.72035 0.658 0.71504 0.65937 0.7115 0.66211 0.7115 0.66484
1 0.78761 0.63475 0.78584 0.63064 0.77699 0.63201 0.77522 0.63475 0.77522 0.6388499999999999 0.78584 0.6374799999999999 0.78761 0.63475
1 0.8212400000000001 0.64295 0.8265499999999999 0.64295 0.83009 0.64022 0.83009 0.63475 0.8265499999999999 0.63338 0.82301 0.63475 0.8194699999999999 0.6374799999999999 0.8212400000000001 0.64295
1 0.9221199999999999 0.658 0.92566 0.65937 0.9292 0.65937 0.9327400000000001 0.65663 0.9345100000000001 0.6525299999999999 0.93097 0.64979 0.92566 0.65116 0.9221199999999999 0.6538999999999999 0.9221199999999999 0.658
1 0.9716799999999999 0.66758 0.97522 0.66484 0.97522 0.65937 0.96814 0.65937 0.9646000000000001 0.66211 0.9663700000000001 0.66758 0.9716799999999999 0.66758
1 0.8531000000000001 0.65116 0.85664 0.64979 0.8584099999999999 0.64295 0.8513299999999999 0.64295 0.84602 0.6484300000000001 0.84956 0.65116 0.8531000000000001 0.65116
1 0.89381 0.65116 0.89558 0.65527 0.9026500000000001 0.65527 0.9061899999999999 0.65116 0.90442 0.64569 0.9008800000000001 0.64569 0.89735 0.64706 0.89558 0.6484300000000001 0.89381 0.65116
1 0.10442 0.75239 0.10088 0.7551300000000001 0.10264999999999999 0.75923 0.1115 0.75787 0.1115 0.75239 0.10442 0.75239
1 0.1292 0.75787 0.1292 0.76334 0.13982 0.76197 0.13982 0.7565000000000001 0.1292 0.75787
1 0.18053 0.75923 0.18407 0.7565000000000001 0.18407 0.75239 0.17699 0.75239 0.17345 0.7551300000000001 0.17522 0.75923 0.18053 0.75923
1 0.20177 0.7565000000000001 0.19823 0.75923 0.2 0.76334 0.20884999999999998 0.76197 0.20884999999999998 0.7565000000000001 0.20177 0.7565000000000001
1 0.25487000000000004 0.7551300000000001 0.2531 0.75239 0.24602 0.75239 0.24247999999999997 0.7551300000000001 0.24425 0.75923 0.24956 0.75923 0.2531 0.75787 0.25487000000000004 0.7551300000000001
1 0.27080000000000004 0.7565000000000001 0.26903 0.75923 0.26903 0.76334 0.27788 0.76334 0.28142 0.7605999999999999 0.27965 0.7565000000000001 0.27080000000000004 0.7565000000000001
1 0.32035 0.75923 0.32389 0.7565000000000001 0.32389 0.75239 0.31681 0.75239 0.31327 0.7551300000000001 0.31504 0.75923 0.32035 0.75923
1 0.34159 0.7565000000000001 0.33805 0.75923 0.33982 0.76334 0.34867 0.76197 0.34867 0.7565000000000001 0.34159 0.7565000000000001
1 0.40530999999999995 0.76744 0.41239 0.76744 0.41593 0.76471 0.41593 0.7605999999999999 0.41239 0.75923 0.40885 0.7605999999999999 0.40530999999999995 0.76334 0.40530999999999995 0.76744
1 0.44071 0.7701800000000001 0.44071 0.77565 0.44955999999999996 0.77428 0.45133 0.77155 0.45133 0.76881 0.44779 0.76744 0.44425 0.76881 0.44248000000000004 0.76881 0.44071 0.7701800000000001
1 0.48141999999999996 0.77975 0.48495999999999995 0.77702 0.48319 0.77155 0.47788 0.77155 0.47434000000000004 0.77428 0.47434000000000004 0.77975 0.48141999999999996 0.77975
1 0.52035 0.76881 0.51681 0.77155 0.51858 0.77565 0.5274300000000001 0.77428 0.52566 0.76744 0.52035 0.76881
1 0.5699099999999999 0.77428 0.57168 0.77155 0.5699099999999999 0.76744 0.5646 0.76744 0.5592900000000001 0.77155 0.56106 0.77565 0.5699099999999999 0.77428
1 0.6017699999999999 0.77565 0.61239 0.77428 0.61239 0.77291 0.61416 0.7701800000000001 0.61239 0.76744 0.60885 0.76744 0.60531 0.76881 0.6017699999999999 0.77155 0.6017699999999999 0.77565
1 0.72743 0.77702 0.7292 0.77565 0.73451 0.77428 0.73451 0.76881 0.72743 0.76881 0.72212 0.77428 0.72389 0.77702 0.72743 0.77702
1 0.10795999999999999 0.86867 0.10088 0.86867 0.09735 0.87141 0.09735 0.87551 0.10619 0.87551 0.10795999999999999 0.86867
1 0.1292 0.8850899999999999 0.13274 0.88372 0.13628 0.8809799999999999 0.13628 0.8768800000000001 0.13274 0.87551 0.12566 0.8782500000000001 0.12388999999999999 0.8809799999999999 0.12566 0.88372 0.1292 0.8850899999999999
1 0.15398 0.8891899999999999 0.15752 0.8878199999999999 0.15929 0.8809799999999999 0.15221 0.8809799999999999 0.14867 0.88372 0.15044 0.8878199999999999 0.15398 0.8891899999999999
1 0.17699 0.88372 0.18407 0.88372 0.18761 0.8809799999999999 0.18761 0.8768800000000001 0.18407 0.87551 0.17699 0.8782500000000001 0.17522 0.8809799999999999 0.17699 0.88372
1 0.21416 0.8850899999999999 0.2177 0.88372 0.22124000000000002 0.8809799999999999 0.21947 0.87551 0.21593 0.8768800000000001 0.21061999999999997 0.8782500000000001 0.21061999999999997 0.88372 0.21416 0.8850899999999999
1 0.33628 0.8850899999999999 0.33982 0.8850899999999999 0.34336 0.88372 0.34513 0.88235 0.3469 0.8796200000000001 0.3469 0.87551 0.34159 0.87551 0.33805 0.8768800000000001 0.33451 0.8796200000000001 0.33628 0.8850899999999999
1 0.2531 0.8809799999999999 0.2531 0.8768800000000001 0.24247999999999997 0.8782500000000001 0.24070999999999998 0.8809799999999999 0.24070999999999998 0.8850899999999999 0.25133 0.88372 0.2531 0.8809799999999999
1 0.56283 0.87551 0.5646 0.87278 0.56283 0.86731 0.55575 0.86867 0.5539799999999999 0.87141 0.5539799999999999 0.87551 0.55752 0.8768800000000001 0.56283 0.87551
1 0.5911500000000001 0.8809799999999999 0.5911500000000001 0.8768800000000001 0.58761 0.87551 0.58053 0.8782500000000001 0.58407 0.8850899999999999 0.58761 0.88372 0.5911500000000001 0.8809799999999999
1 0.61239 0.8878199999999999 0.61593 0.8850899999999999 0.61593 0.8809799999999999 0.60885 0.8809799999999999 0.60531 0.88372 0.60531 0.8878199999999999 0.61239 0.8878199999999999
1 0.63186 0.88372 0.63717 0.8850899999999999 0.64071 0.88372 0.64248 0.8809799999999999 0.64248 0.8768800000000001 0.6389400000000001 0.87551 0.6354 0.8768800000000001 0.63186 0.8796200000000001 0.63186 0.88372
1 0.66726 0.8850899999999999 0.6708000000000001 0.8864599999999999 0.67434 0.8850899999999999 0.67788 0.8809799999999999 0.67788 0.8768800000000001 0.67434 0.87551 0.6708000000000001 0.87551 0.66372 0.8796200000000001 0.6654899999999999 0.8850899999999999 0.66726 0.8850899999999999
1 0.6973499999999999 0.88235 0.69912 0.8850899999999999 0.70442 0.8850899999999999 0.70796 0.88372 0.70796 0.87551 0.70265 0.87551 0.69912 0.8768800000000001 0.6973499999999999 0.8796200000000001 0.6973499999999999 0.88235
1 0.78407 0.8850899999999999 0.78938 0.8850899999999999 0.79469 0.8809799999999999 0.79292 0.87551 0.78938 0.87551 0.78584 0.8768800000000001 0.7823 0.8796200000000001 0.78407 0.8850899999999999
1 0.96283 0.8809799999999999 0.95929 0.8796200000000001 0.9539799999999999 0.8809799999999999 0.9504400000000001 0.88372 0.95221 0.8891899999999999 0.96106 0.8878199999999999 0.96283 0.8850899999999999 0.96283 0.8809799999999999
0 0.7646 0.18605 0.75575 0.18741000000000002 0.75398 0.18878 0.75044 0.18878 0.75044 0.19289 0.7646 0.19289 0.77522 0.19014999999999999 0.78053 0.19424999999999998 0.78938 0.19562 0.79115 0.19289 0.78938 0.18468 0.77876 0.18468 0.77699 0.18605 0.7646 0.18605
0 0.82301 0.17373 0.81416 0.17509999999999998 0.8106199999999999 0.17647 0.8106199999999999 0.18057 0.8177 0.18057 0.8283200000000001 0.17784 0.83894 0.17647 0.84071 0.18057 0.84956 0.18057 0.8531000000000001 0.17921 0.8531000000000001 0.16963 0.8442500000000001 0.16963 0.8371700000000001 0.17099999999999999 0.83186 0.17373 0.82301 0.17373
0 0.89204 0.18057 0.89558 0.17921 0.90442 0.18331 0.9061899999999999 0.18878 0.90973 0.18878 0.9115 0.19014999999999999 0.9168100000000001 0.19014999999999999 0.9168100000000001 0.18057 0.90973 0.17921 0.90442 0.17647 0.89558 0.17373 0.8831899999999999 0.17237 0.87788 0.17237 0.87788 0.17647 0.88142 0.17784 0.8885 0.17784 0.89204 0.18057
0 0.94513 0.18057 0.9398199999999999 0.18057 0.9398199999999999 0.18468 0.9539799999999999 0.18468 0.9646000000000001 0.18194 0.96814 0.18194 0.9699099999999999 0.18468 0.97522 0.18468 0.9823000000000001 0.18194 0.9823000000000001 0.17373 0.97522 0.17373 0.9663700000000001 0.17509999999999998 0.96106 0.17784 0.94513 0.18057
0 0.23363 0.29275 0.24779 0.29412 0.26549 0.29412 0.26372 0.29138000000000003 0.26017999999999997 0.29138000000000003 0.25841 0.29001 0.24956 0.28864999999999996 0.23717000000000002 0.28864999999999996 0.22654999999999997 0.28591 0.20354 0.28317000000000003 0.19823 0.28454 0.19823 0.28864999999999996 0.21239 0.28864999999999996 0.22477999999999998 0.29001 0.23363 0.29275
0 0.29735 0.29958999999999997 0.29735 0.30369 0.34867 0.30369 0.34867 0.29958999999999997 0.29735 0.29958999999999997
0 0.20531000000000002 0.41176 0.19115 0.41176 0.18761 0.41313000000000005 0.18761 0.41586999999999996 0.2177 0.41586999999999996 0.22124000000000002 0.41859999999999997 0.23009 0.41723999999999994 0.22832 0.40903 0.22301 0.40903 0.20708000000000001 0.4104 0.20531000000000002 0.41176
0 0.58407 0.52394 0.58761 0.5253099999999999 0.58938 0.53215 0.59292 0.53215 0.59469 0.53352 0.6017699999999999 0.53352 0.6 0.52257 0.59646 0.52257 0.5911500000000001 0.5198400000000001 0.58407 0.51847 0.5699099999999999 0.51847 0.5646 0.51573 0.5592900000000001 0.51573 0.56106 0.5212 0.5646 0.52257 0.5752200000000001 0.52257 0.58407 0.52394
0 0.64425 0.52257 0.6336299999999999 0.52257 0.63009 0.52394 0.63009 0.5280400000000001 0.6389400000000001 0.5280400000000001 0.6495599999999999 0.52668 0.66195 0.5253099999999999 0.66195 0.5280400000000001 0.6708000000000001 0.5280400000000001 0.67434 0.5253099999999999 0.67257 0.51573 0.6654899999999999 0.51573 0.65841 0.5171 0.6495599999999999 0.5212 0.64425 0.52257
0 0.2177 0.62517 0.22832 0.62791 0.25133 0.63064 0.26195 0.63064 0.26017999999999997 0.62654 0.25133 0.62517 0.24070999999999998 0.6238 0.21947 0.62244 0.20884999999999998 0.6197 0.19646 0.6197 0.19646 0.6238 0.20531000000000002 0.6238 0.20708000000000001 0.62517 0.2177 0.62517
0 0.78938 0.66758 0.8 0.66758 0.80708 0.6689499999999999 0.8106199999999999 0.67031 0.81416 0.67305 0.8194699999999999 0.67305 0.8194699999999999 0.66211 0.81593 0.66074 0.80885 0.66074 0.80708 0.66347 0.79646 0.66347 0.78938 0.66074 0.7823 0.65937 0.77522 0.65937 0.77522 0.66347 0.77876 0.66484 0.78407 0.66484 0.78938 0.66758
0 0.28496 0.4145 0.2885 0.41859999999999997 0.29027 0.41997 0.29381 0.42134 0.29912 0.42134 0.29735 0.41176 0.29027 0.4104 0.26372 0.40629 0.26195 0.40492 0.25664 0.40629 0.25841 0.4104 0.26903 0.4104 0.28142 0.41313000000000005 0.28496 0.4145
0 0.34336 0.4528 0.3292 0.45553999999999994 0.32212 0.45553999999999994 0.32035 0.45691 0.31681 0.45691 0.32035 0.46101000000000003 0.3292 0.45964 0.34513 0.45691 0.35221 0.45416999999999996 0.35929 0.4528 0.35752 0.4446 0.35398 0.44596 0.34867 0.44733 0.3469 0.45144 0.34336 0.4528
0 0.11504 0.42134 0.11504 0.42544000000000004 0.12388999999999999 0.42544000000000004 0.13451 0.42271000000000003 0.14867 0.42408 0.14867 0.42680999999999997 0.16106 0.42680999999999997 0.15929 0.41586999999999996 0.14867 0.41859999999999997 0.12388999999999999 0.41859999999999997 0.11504 0.42134
0 0.49912 0.5171 0.49734999999999996 0.5198400000000001 0.4885 0.5198400000000001 0.4885 0.52394 0.50442 0.52394 0.51327 0.52257 0.51681 0.5198400000000001 0.51858 0.52394 0.52566 0.52394 0.5274300000000001 0.52257 0.53097 0.52257 0.5292 0.51163 0.52035 0.513 0.51327 0.51573 0.50265 0.51573 0.49912 0.5171
0 0.42832 0.53078 0.42655000000000004 0.53352 0.41769999999999996 0.53352 0.41769999999999996 0.53762 0.4354 0.53762 0.45133 0.53625 0.45133 0.53899 0.46372 0.53762 0.46195 0.5280400000000001 0.45664 0.5280400000000001 0.44779 0.53078 0.42832 0.53078
0 0.29558 0.63475 0.29558 0.6388499999999999 0.3469 0.6388499999999999 0.3469 0.63475 0.29558 0.63475
0 0.88673 0.62517 0.89381 0.62791 0.89381 0.63201 0.9061899999999999 0.63201 0.9061899999999999 0.62517 0.90442 0.62244 0.8902699999999999 0.62244 0.87611 0.6197 0.8584099999999999 0.6197 0.8584099999999999 0.6238 0.8708 0.6238 0.87257 0.62517 0.88673 0.62517
0 0.95221 0.63475 0.95929 0.6361100000000001 0.96283 0.6374799999999999 0.9646000000000001 0.64295 0.96814 0.64432 0.97699 0.64295 0.97699 0.63475 0.97345 0.63475 0.9663700000000001 0.63201 0.95752 0.63064 0.9486700000000001 0.63064 0.94159 0.62791 0.9327400000000001 0.62791 0.9327400000000001 0.63201 0.93628 0.63338 0.94159 0.63475 0.95221 0.63475
0 0.15575 0.8563599999999999 0.16106 0.8549899999999999 0.15752 0.85226 0.15398 0.85089 0.14513 0.84952 0.13805 0.8481500000000001 0.12743 0.84679 0.11504 0.8454200000000001 0.10973 0.84952 0.11857999999999999 0.85089 0.13451 0.8536300000000001 0.14336 0.8536300000000001 0.15575 0.8563599999999999
0 0.18761 0.8536300000000001 0.19115 0.8577299999999999 0.22124000000000002 0.8563599999999999 0.21947 0.85226 0.18761 0.8536300000000001
0 0.12566 0.73598 0.13982 0.73598 0.13982 0.73187 0.13274 0.72914 0.1115 0.72914 0.11327000000000001 0.73871 0.11857999999999999 0.7400800000000001 0.12388999999999999 0.73871 0.12566 0.73598
0 0.19823 0.73461 0.20177 0.73461 0.20531000000000002 0.73735 0.21061999999999997 0.73735 0.20884999999999998 0.73051 0.19646 0.73051 0.19115 0.72777 0.18407 0.72777 0.18407 0.73735 0.18761 0.7400800000000001 0.19646 0.7400800000000001 0.19823 0.73461
0 0.26549 0.73461 0.26903 0.73461 0.27965 0.73187 0.27434 0.73051 0.26372 0.72914 0.2531 0.72914 0.2531 0.73871 0.25664 0.73871 0.25841 0.7400800000000001 0.26372 0.7400800000000001 0.26549 0.73461
0 0.34513 0.73598 0.35044 0.73598 0.34867 0.73051 0.33628 0.73051 0.33451 0.72914 0.32389 0.72914 0.32566 0.7400800000000001 0.33451 0.7400800000000001 0.33628 0.73461 0.34513 0.73598
0 0.45664 0.74419 0.46018 0.74692 0.46548999999999996 0.74829 0.48495999999999995 0.74829 0.48495999999999995 0.74419 0.47257 0.74419 0.46726 0.74282 0.46372 0.7400800000000001 0.43716999999999995 0.73735 0.42123999999999995 0.73598 0.41416000000000003 0.73598 0.41416000000000003 0.7400800000000001 0.41769999999999996 0.74145 0.43009000000000003 0.74145 0.45664 0.74419
0 0.5274300000000001 0.74419 0.5274300000000001 0.74829 0.57168 0.74829 0.57168 0.74419 0.5274300000000001 0.74419
0 0.64248 0.8536300000000001 0.64602 0.8577299999999999 0.67611 0.8563599999999999 0.67611 0.85226 0.64248 0.8536300000000001
0 0.5858399999999999 0.8536300000000001 0.61062 0.8577299999999999 0.6176999999999999 0.8577299999999999 0.61593 0.85226 0.6070800000000001 0.85226 0.6 0.84952 0.59292 0.84952 0.5823 0.8454200000000001 0.56283 0.8454200000000001 0.56283 0.84952 0.5752200000000001 0.84952 0.58053 0.85089 0.5858399999999999 0.8536300000000001