1 0.180677890625 0.14453125 0.17436048125 0.1494140625 0.1756239625 0.15234375 0.18320485312499998 0.15234375 0.18446833437500001 0.1513671875 0.1869952984375 0.1494140625 0.1869952984375 0.1474609375 0.18320485312499998 0.14453125 0.180677890625 0.14453125
1 0.19963011718749998 0.1474609375 0.19963011718749998 0.1513671875 0.2008935984375 0.15234375 0.20847448906250002 0.15234375 0.20973797031250002 0.1513671875 0.20973797031250002 0.1455078125 0.20847448906250002 0.14453125 0.20594752500000002 0.14453125 0.19963011718749998 0.1474609375
1 0.22616323437500002 0.1328125 0.22237278749999997 0.1357421875 0.22237278749999997 0.1416015625 0.22363626874999998 0.142578125 0.228690196875 0.142578125 0.229953678125 0.1416015625 0.23500760468749998 0.1376953125 0.23500760468749998 0.1357421875 0.231217159375 0.1328125 0.22616323437500002 0.1328125
1 0.25522331249999997 0.1357421875 0.25522331249999997 0.1416015625 0.25648679531249996 0.142578125 0.261540721875 0.142578125 0.262804203125 0.1416015625 0.26785813125 0.1357421875 0.264067684375 0.1328125 0.25901375781249997 0.1328125 0.25522331249999997 0.1357421875
1 0.2842833921875 0.13671875 0.27796598437500003 0.1416015625 0.27796598437500003 0.1435546875 0.28175642968750003 0.146484375 0.285546875 0.1455078125 0.2906008015625 0.1435546875 0.2906008015625 0.1396484375 0.28681035781249997 0.13671875 0.2842833921875 0.13671875
1 0.31713391875 0.140625 0.313343471875 0.1435546875 0.313343471875 0.1474609375 0.31460695625 0.1484375 0.3221878453125 0.1484375 0.323451328125 0.1474609375 0.325978290625 0.1455078125 0.325978290625 0.1416015625 0.32471480937499997 0.140625 0.31713391875 0.140625
1 0.355038371875 0.14453125 0.3487209625 0.1474609375 0.3487209625 0.1513671875 0.3525114078125 0.154296875 0.3537748890625 0.1533203125 0.358828815625 0.1494140625 0.358828815625 0.1455078125 0.357565334375 0.14453125 0.355038371875 0.14453125
1 0.37778104218749997 0.14453125 0.371463634375 0.1494140625 0.3752540796875 0.15234375 0.3803080046875 0.15234375 0.3815714890625 0.1513671875 0.3840984515625 0.1494140625 0.3840984515625 0.1474609375 0.3803080046875 0.14453125 0.37778104218749997 0.14453125
1 0.40052371249999996 0.1328125 0.3942063046875 0.1357421875 0.3942063046875 0.1396484375 0.39799675 0.142578125 0.401787196875 0.1416015625 0.406841121875 0.1396484375 0.406841121875 0.1337890625 0.40557764062499996 0.1328125 0.40052371249999996 0.1328125
1 0.4333742390625 0.1328125 0.42705682968750003 0.1357421875 0.42705682968750003 0.1396484375 0.4308472765625 0.142578125 0.4346377203125 0.1416015625 0.43969164843749997 0.1376953125 0.43969164843749997 0.1357421875 0.43590120312499997 0.1328125 0.4333742390625 0.1328125
1 0.45864387500000003 0.13671875 0.452326465625 0.1396484375 0.452326465625 0.1435546875 0.4561169109375 0.146484375 0.45990735625 0.1455078125 0.4649612828125 0.1416015625 0.4649612828125 0.1396484375 0.4611708375 0.13671875 0.45864387500000003 0.13671875
1 0.4940213625 0.140625 0.49023091875 0.1435546875 0.49023091875 0.1474609375 0.4914944 0.1484375 0.496548328125 0.1484375 0.497811809375 0.1474609375 0.500338771875 0.1455078125 0.500338771875 0.1416015625 0.499075290625 0.140625 0.4940213625 0.140625
1 0.529398853125 0.14453125 0.52308144375 0.1494140625 0.5243449250000001 0.15234375 0.531925815625 0.15234375 0.533189296875 0.1513671875 0.5357162625 0.1494140625 0.5357162625 0.1474609375 0.531925815625 0.14453125 0.529398853125 0.14453125
1 0.5571954515625 0.14453125 0.5508780421874999 0.1474609375 0.5508780421874999 0.1513671875 0.5546684875000001 0.154296875 0.5559319687500001 0.1533203125 0.5609858953125 0.1513671875 0.5609858953125 0.1455078125 0.5597224140625 0.14453125 0.5571954515625 0.14453125
1 0.5799381218749999 0.140625 0.576147678125 0.1435546875 0.576147678125 0.1474609375 0.577411159375 0.1484375 0.58499205 0.1484375 0.58625553125 0.1474609375 0.58625553125 0.1455078125 0.5887824937499999 0.1435546875 0.58499205 0.140625 0.5799381218749999 0.140625
1 0.6153156109375 0.140625 0.611525165625 0.1435546875 0.611525165625 0.1455078125 0.6153156109375 0.1484375 0.6203695375 0.1484375 0.62163301875 0.1474609375 0.6241599843750001 0.1455078125 0.6241599843750001 0.1416015625 0.6228965015625 0.140625 0.6153156109375 0.140625
1 0.673435771875 0.140625 0.6696453250000001 0.1435546875 0.673435771875 0.1484375 0.683543625 0.1484375 0.6848071078125 0.1474609375 0.6873340703124999 0.1455078125 0.6873340703124999 0.1435546875 0.683543625 0.140625 0.673435771875 0.140625
1 0.8730658890624999 0.14453125 0.8667484796875 0.1474609375 0.8667484796875 0.1513671875 0.8680119609375 0.15234375 0.8755928515625 0.15234375 0.8768563328125 0.1513671875 0.8768563328125 0.1494140625 0.8793832953124999 0.1474609375 0.8755928515625 0.14453125 0.8730658890624999 0.14453125
1 0.8920181125 0.1474609375 0.8920181125 0.1513671875 0.8932815968750001 0.15234375 0.9008624875000001 0.15234375 0.9021259687500001 0.1513671875 0.9021259687500001 0.1455078125 0.9008624875000001 0.14453125 0.8983355218750001 0.14453125 0.8920181125 0.1474609375
1 0.9412939031249999 0.1328125 0.93750345625 0.1357421875 0.93750345625 0.1396484375 0.9412939031249999 0.142578125 0.945084346875 0.1416015625 0.9501382749999999 0.1376953125 0.9501382749999999 0.1337890625 0.9488747921874999 0.1328125 0.9412939031249999 0.1328125
1 0.9855010296875 0.1429257546875 0.9861257546875001 0.139304325 0.9808156046875001 0.136165753125 0.97613018125 0.1371314671875 0.9736312874999999 0.1395457546875 0.9730065625 0.1443743265625 0.9770672656249999 0.14582289843750001 0.981752690625 0.14582289843750001 0.9855010296875 0.1429257546875
1 0.9249028687499999 0.14002861093750002 0.9277141234374999 0.1368900390625 0.9267770390625 0.13278575312500002 0.9217792515625 0.13157860937500002 0.91584438125 0.133268609375 0.9133454875 0.1359243234375 0.9136578484375001 0.14027004062499998 0.9155320171874999 0.1414771828125 0.9199050812499999 0.1414771828125 0.9249028687499999 0.14002861093750002
1 0.140246475 0.228515625 0.13898299218750002 0.2294921875 0.13898299218750002 0.2353515625 0.140246475 0.236328125 0.150354328125 0.236328125 0.151617809375 0.2353515625 0.1541447734375 0.2333984375 0.1541447734375 0.2314453125 0.150354328125 0.228515625 0.140246475 0.228515625
1 0.15318224375 0.21618270625 0.155256278125 0.213892634375 0.153774825 0.210457528125 0.14962675625 0.20862547031249998 0.144589815625 0.208854478125 0.1365899703125 0.210686534375 0.1362936796875 0.213892634375 0.13896029375000002 0.215495684375 0.1439972359375 0.2173277421875 0.149034175 0.2173277421875 0.15318224375 0.21618270625
1 0.15436740468750001 0.22144986875 0.153478534375 0.21893079062499998 0.15140449843749998 0.2173277421875 0.14607126875 0.21641171250000002 0.14103432968750002 0.21618270625 0.1368862609375 0.21801476250000001 0.1359973875 0.2203048328125 0.14014545625 0.22373993906249998 0.14607126875 0.22488497500000001 0.1469601421875 0.22557199687499999 0.15140449843749998 0.223968946875 0.15436740468750001 0.22144986875
1 0.31207999062499997 0.208984375 0.310816509375 0.2099609375 0.310816509375 0.2158203125 0.31713391875 0.21875 0.3209243640625 0.2177734375 0.325978290625 0.2158203125 0.325978290625 0.2099609375 0.32471480937499997 0.208984375 0.31207999062499997 0.208984375
1 0.32769741093750004 0.22305291875000002 0.3232530515625 0.220533840625 0.3188086921875 0.21961781249999998 0.3137717515625 0.22144986875 0.31051255625 0.222136890625 0.3087348125 0.22557199687499999 0.310216265625 0.2276330609375 0.3140680421875 0.22900710468750002 0.3217715984375 0.22992313125 0.32769741093750004 0.2269460390625 0.32769741093750004 0.22305291875000002
1 0.3262159578125 0.2361063234375 0.3285862828125 0.23312923125 0.3241419234375 0.22900710468750002 0.3158457859375 0.22854908906250002 0.311994009375 0.22969412500000003 0.3093273921875 0.23106816718749998 0.3093273921875 0.233816253125 0.313179171875 0.23679334531250001 0.3185124015625 0.2374803671875 0.3262159578125 0.2361063234375
1 0.5034305421874999 0.21770883749999997 0.49817901249999996 0.21549484843750003 0.4914952515625 0.2153103484375 0.4850501953125 0.2171553390625 0.4850501953125 0.22102981875 0.48839207656249994 0.223797303125 0.49483713281249997 0.2247197984375 0.5010434828125 0.2232438078125 0.5046240703125 0.2206608203125 0.5034305421874999 0.21770883749999997
1 0.5022370125 0.230992765625 0.5046240703125 0.2282252796875 0.5041466578125 0.22564229375 0.5000886609374999 0.22435080156249998 0.4945984265625 0.22361280625000002 0.48839207656249994 0.22435080156249998 0.4857663109375 0.22582679374999998 0.4862437234375 0.22951677343750002 0.48934689843749996 0.2313617640625 0.49507583750000006 0.232099759375 0.49531454375 0.232099759375 0.49817901249999996 0.232099759375 0.5022370125 0.230992765625
1 0.5039079515625 0.23726573125 0.5053401875 0.234498246875 0.50247571875 0.23173076250000002 0.4972241890625 0.23080826718749997 0.4914952515625 0.23117726562500002 0.486959840625 0.232099759375 0.4860050171875 0.23431374843750002 0.48672113437500003 0.23763473125 0.4891081921875 0.23929522187500002 0.49483713281249997 0.2400332171875 0.49865642499999996 0.23984871874999997 0.50152089375 0.23966421875 0.5039079515625 0.23726573125
1 0.68667856875 0.2068338078125 0.6813324546875 0.20522688437499997 0.6733132828125 0.20591556562500002 0.670343221875 0.2079816078125 0.669155196875 0.2111954515625 0.673016278125 0.213950175 0.6804414359375001 0.213950175 0.6857875484375 0.2137206140625 0.6890546171875 0.21073633125 0.68667856875 0.2068338078125
1 0.6881635984375001 0.21532753593749998 0.6840055109375001 0.21349105468750001 0.6765803546875 0.21349105468750001 0.670937234375 0.2144092953125 0.6694522015625 0.217393578125 0.6727192703125 0.2212961046875 0.678956403125 0.22175522499999997 0.6831144921875001 0.2215256640625 0.6875695859375 0.21877094062500002 0.6881635984375001 0.21532753593749998
1 0.6881635984375001 0.22313258593750002 0.68667856875 0.2212961046875 0.682817484375 0.2208369828125 0.674204303125 0.21991874218750002 0.671234240625 0.2222143453125 0.6700462140625 0.22496906874999997 0.673610290625 0.22887159218750003 0.6798474234375 0.2293307125 0.6848965296875 0.229101153125 0.6884606046874999 0.22634642968750002 0.6881635984375001 0.22313258593750002
1 0.689351625 0.23093763437499998 0.6851935359375 0.229101153125 0.6786593984375 0.22841247187499997 0.6724222656250001 0.22956027343750002 0.6706402265625 0.23254455625 0.6715312453125 0.23461059843749998 0.675095321875 0.236906203125 0.680144428125 0.236906203125 0.6843025171875 0.2364470828125 0.6887576125 0.2334627984375 0.689351625 0.23093763437499998
1 0.8313709890625001 0.2314453125 0.8313709890625001 0.2333984375 0.8351614359375 0.236328125 0.8452692890625 0.236328125 0.846532771875 0.2353515625 0.846532771875 0.2294921875 0.8452692890625 0.228515625 0.8351614359375 0.228515625 0.8313709890625001 0.2314453125
1 0.8479529890625 0.21165457187499997 0.8440919062500001 0.20844072812499997 0.8390428 0.2079816078125 0.8319146500000001 0.20958852968750002 0.8310236296875001 0.2118841328125 0.8304296171875001 0.2137206140625 0.8322116546875 0.21555709687500002 0.83458770625 0.2164753375 0.84052783125 0.2169344578125 0.8437949015624999 0.21716401875 0.8479529890625 0.21486841562499998 0.8479529890625 0.21165457187499997
1 0.8485470015625 0.21854137968749998 0.8432008890624999 0.21670489843750002 0.83518171875 0.21578665625000001 0.8304296171875001 0.21808225937499998 0.8307266234374999 0.222673465625 0.83458770625 0.2245099484375 0.8402308250000001 0.22496906874999997 0.8440919062500001 0.2254281890625 0.8482499953125 0.2222143453125 0.8485470015625 0.21854137968749998
1 0.09476113124999999 0.306640625 0.088443721875 0.3095703125 0.088443721875 0.3134765625 0.089707203125 0.314453125 0.09728809375 0.314453125 0.09855157656249999 0.3134765625 0.1010785390625 0.3115234375 0.1010785390625 0.3095703125 0.09728809375 0.306640625 0.09476113124999999 0.306640625
1 0.12382121093750001 0.3134765625 0.12382121093750001 0.3173828125 0.12761165624999998 0.3203125 0.1288751375 0.3193359375 0.133929065625 0.3173828125 0.133929065625 0.3134765625 0.13013861875 0.310546875 0.12382121093750001 0.3134765625
1 0.1465638828125 0.3154296875 0.1465638828125 0.3173828125 0.150354328125 0.3203125 0.1541447734375 0.3193359375 0.1591987015625 0.3154296875 0.1591987015625 0.3134765625 0.1554082546875 0.310546875 0.1465638828125 0.3154296875
1 0.17815092500000002 0.298828125 0.17183351875 0.3017578125 0.17183351875 0.3056640625 0.1756239625 0.30859375 0.179414409375 0.3076171875 0.18446833437500001 0.3037109375 0.18446833437500001 0.3017578125 0.180677890625 0.298828125 0.17815092500000002 0.298828125
1 0.2034205609375 0.298828125 0.1971031515625 0.3037109375 0.1971031515625 0.3056640625 0.2008935984375 0.30859375 0.20468404218749997 0.3076171875 0.20973797031250002 0.3037109375 0.20973797031250002 0.3017578125 0.20594752500000002 0.298828125 0.2034205609375 0.298828125
1 0.23627108749999998 0.3046875 0.232480640625 0.3076171875 0.232480640625 0.3095703125 0.23627108749999998 0.3125 0.2413250140625 0.3125 0.2425884953125 0.3115234375 0.24511545781250002 0.3095703125 0.24511545781250002 0.3056640625 0.24385197656250002 0.3046875 0.23627108749999998 0.3046875
1 0.27291205625 0.3134765625 0.2741755390625 0.314453125 0.28175642968750003 0.314453125 0.2830199109375 0.3134765625 0.2830199109375 0.3095703125 0.279229465625 0.306640625 0.27291205625 0.3095703125 0.27291205625 0.3134765625
1 0.30955302812499996 0.3125 0.308289546875 0.3134765625 0.308289546875 0.3173828125 0.31207999062499997 0.3203125 0.313343471875 0.3193359375 0.3183974 0.3173828125 0.3183974 0.3134765625 0.31713391875 0.3125 0.30955302812499996 0.3125
1 0.33103221718750003 0.3154296875 0.33103221718750003 0.3173828125 0.3348226640625 0.3203125 0.3386131078125 0.3193359375 0.3436670359375 0.3154296875 0.3424035546875 0.3125 0.3348226640625 0.3125 0.33103221718750003 0.3154296875
1 0.356301853125 0.3095703125 0.356301853125 0.3134765625 0.360092296875 0.31640625 0.36388274374999996 0.3154296875 0.3689366703125 0.3095703125 0.365146225 0.306640625 0.3626192625 0.306640625 0.356301853125 0.3095703125
1 0.3815714890625 0.3154296875 0.3815714890625 0.3173828125 0.38536193281250003 0.3203125 0.38915237812500003 0.3193359375 0.3942063046875 0.3154296875 0.3929428234375 0.3125 0.38536193281250003 0.3125 0.3815714890625 0.3154296875
1 0.406841121875 0.3173828125 0.406841121875 0.3212890625 0.4081046046875 0.322265625 0.41568549531250004 0.322265625 0.4169489765625 0.3212890625 0.4169489765625 0.3154296875 0.41568549531250004 0.314453125 0.41063156875000006 0.314453125 0.406841121875 0.3173828125
1 0.48227459531249994 0.31664005624999997 0.4770181953125 0.31333907656250004 0.46979064531250003 0.314100840625 0.46519129687499994 0.31638613437499996 0.46486277343750004 0.3196871140625 0.4681480234375 0.3224802484375 0.474389996875 0.32374985624999997 0.47931786875000004 0.32324201406249997 0.48293164375000003 0.3209567203125 0.48227459531249994 0.31664005624999997
1 0.6810166625 0.326171875 0.674699253125 0.3310546875 0.675962734375 0.333984375 0.6784896984375 0.333984375 0.6810166625 0.3359375 0.68228014375 0.3349609375 0.6873340703124999 0.3310546875 0.6873340703124999 0.3291015625 0.683543625 0.326171875 0.6810166625 0.326171875
1 0.706286296875 0.326171875 0.6999688890625 0.3291015625 0.6999688890625 0.3330078125 0.7012323703125001 0.333984375 0.7088132609375 0.333984375 0.7100767421875 0.3330078125 0.71260370625 0.3310546875 0.71260370625 0.3291015625 0.7088132609375 0.326171875 0.706286296875 0.326171875
1 0.7252385234375 0.3173828125 0.7252385234375 0.3212890625 0.7265020046874999 0.322265625 0.7340828953125 0.322265625 0.7353463765625 0.3212890625 0.7353463765625 0.3154296875 0.7340828953125 0.314453125 0.72902896875 0.314453125 0.7252385234375 0.3173828125
1 0.756825565625 0.314453125 0.7505081578125 0.3173828125 0.7505081578125 0.3212890625 0.751771640625 0.322265625 0.75935253125 0.322265625 0.7606160125 0.3212890625 0.763142975 0.3193359375 0.763142975 0.3173828125 0.75935253125 0.314453125 0.756825565625 0.314453125
1 0.7858856484375 0.3232421875 0.7858856484375 0.3251953125 0.7896760921875 0.328125 0.7934665375 0.3271484375 0.7985204640625 0.3232421875 0.7985204640625 0.3212890625 0.7947300187499999 0.318359375 0.7858856484375 0.3232421875
1 0.8275805453125 0.322265625 0.8237900984375001 0.3251953125 0.8237900984375001 0.3291015625 0.8250535812500001 0.330078125 0.8326344718750001 0.330078125 0.8338979546875 0.3291015625 0.8364249171875 0.3271484375 0.8364249171875 0.3232421875 0.8351614359375 0.322265625 0.8275805453125 0.322265625
1 0.865484996875 0.326171875 0.8591675890625 0.3310546875 0.8604310703125 0.333984375 0.862958034375 0.333984375 0.865484996875 0.3359375 0.8667484796875 0.3349609375 0.8718024046874999 0.3310546875 0.8718024046874999 0.3271484375 0.8705389234375 0.326171875 0.865484996875 0.326171875
1 0.895808559375 0.326171875 0.8882276687499999 0.328125 0.8844372234375 0.3310546875 0.8907546312499999 0.3359375 0.8920181125 0.3349609375 0.895808559375 0.333984375 0.8995990046875001 0.3310546875 0.8995990046875001 0.3291015625 0.895808559375 0.326171875
1 0.9134973046875 0.314453125 0.9097068578125 0.3173828125 0.9097068578125 0.3212890625 0.9134973046875 0.32421875 0.9147607859375 0.3232421875 0.9185512296875 0.322265625 0.9223416765625 0.3173828125 0.9185512296875 0.314453125 0.9134973046875 0.314453125
1 0.9387669375 0.314453125 0.93497649375 0.3173828125 0.93497649375 0.3212890625 0.936239975 0.322265625 0.943820865625 0.322265625 0.945084346875 0.3212890625 0.9476113109375 0.3193359375 0.9476113109375 0.3173828125 0.943820865625 0.314453125 0.9387669375 0.314453125
1 0.9703539828125001 0.3212890625 0.9703539828125001 0.3271484375 0.9716174640625 0.328125 0.9766713906250001 0.328125 0.9779348718750001 0.3271484375 0.9804618375 0.3251953125 0.9804618375 0.3212890625 0.9766713906250001 0.318359375 0.9703539828125001 0.3212890625
1 0.103758790625 0.3795782265625 0.1015433015625 0.37572536562500003 0.09748156875 0.374583775 0.0919428421875 0.3748691734375 0.08621949375 0.375582665625 0.08326550625 0.3785793359375 0.08418862656250001 0.3814333078125 0.0865887421875 0.38300299375 0.09175821875 0.383859184375 0.09637382343749999 0.3850007734375 0.10228179687500001 0.38314569062500003 0.103758790625 0.3795782265625
1 0.10302029374999999 0.3909941140625 0.0996970578125 0.388140140625 0.09637382343749999 0.38642775937499996 0.0897273515625 0.38642775937499996 0.085480996875 0.388853634375 0.0845578765625 0.393990784375 0.08751186250000001 0.3949896734375 0.095081453125 0.3958458640625 0.097850815625 0.39541776875 0.1019125484375 0.393990784375 0.10302029374999999 0.3909941140625
1 0.1026510453125 0.400269521875 0.1033895421875 0.39698745468749996 0.0998816828125 0.39541776875 0.095266078125 0.3949896734375 0.088250359375 0.39556046718750004 0.08603486875000001 0.39741555 0.08474249843750001 0.39998412499999997 0.0876964875 0.4031234921875 0.0941583328125 0.403836984375 0.09637382343749999 0.4034088890625 0.0998816828125 0.4025526984375 0.1026510453125 0.400269521875
1 0.28764447656250003 0.3847153765625 0.28376736875 0.38328839062500003 0.277490146875 0.382574896875 0.2684435609375 0.3834310890625 0.268812809375 0.38599966406249997 0.26936668125 0.3898525234375 0.270105178125 0.3905660171875 0.27398228750000003 0.39170760625 0.280259509375 0.39156490625 0.28579823437499996 0.3902806203125 0.28819834843750003 0.3887109359375 0.28764447656250003 0.3847153765625
1 0.287275228125 0.3922784015625 0.2833981203125 0.3911368109375 0.27712089687499997 0.39042331875 0.2706590515625 0.3912795109375 0.268997434375 0.392563796875 0.26918205781250004 0.3947042765625 0.271766796875 0.3984144390625 0.2797056375 0.39912793281250003 0.2846904890625 0.39798634375 0.28672135625 0.3959885640625 0.287275228125 0.3922784015625
1 0.287090603125 0.40298079375 0.28653673125 0.400269521875 0.284136615625 0.398985234375 0.28155187812500004 0.3985571375 0.2763824015625 0.398842534375 0.2710282984375 0.39912793281250003 0.26918205781250004 0.4011257125 0.2684435609375 0.4031234921875 0.271582171875 0.4059774640625 0.27804401875 0.4065482578125 0.281736503125 0.406405559375 0.2859828578125 0.4054066703125 0.287090603125 0.40298079375
1 0.4829768625 0.3754399671875 0.48020749843750005 0.37215790000000004 0.477622759375 0.371872503125 0.47060704062500003 0.371872503125 0.4656221875 0.3727286953125 0.46377594687499996 0.374441078125 0.46432981875 0.3775804453125 0.46691455781249996 0.3798636234375 0.46986854375 0.38043441875 0.4772535109375 0.380719815625 0.4796536265625 0.3798636234375 0.4829768625 0.3780085421875 0.4829768625 0.3754399671875
1 0.4837153578125 0.3827175953125 0.48113061874999996 0.38029172031249997 0.477807384375 0.38014902031250003 0.47060704062500003 0.37943552812500003 0.4661760609375 0.38043441875 0.46506831562500006 0.3824321984375 0.46543756406250003 0.3852861703125 0.4672838046875 0.3871412515625 0.47060704062500003 0.38799744375 0.4774381359375 0.388140140625 0.480392121875 0.38728395 0.48353073437500005 0.3855715671875 0.4837153578125 0.3827175953125
1 0.48242298906250003 0.390708715625 0.4818691171875 0.3885682359375 0.47909975468750005 0.3877120453125 0.47263790625 0.3877120453125 0.46543756406250003 0.38828284062499996 0.46543756406250003 0.3911368109375 0.4656221875 0.393990784375 0.46857617500000004 0.395132371875 0.47577651875000004 0.39541776875 0.47891512968749994 0.394846975 0.48242298906250003 0.393990784375 0.48242298906250003 0.390708715625
1 0.48316148437499995 0.4004122203125 0.48334610937500005 0.39698745468749996 0.480392121875 0.39556046718750004 0.47374565156250004 0.395275071875 0.46691455781249996 0.3957031671875 0.46543756406250003 0.39741555 0.4648836921875 0.398842534375 0.4658068125 0.4022673015625 0.46931467031249996 0.403836984375 0.47466877343749997 0.403836984375 0.47817663125000004 0.4036942875 0.48113061874999996 0.40241 0.48316148437499995 0.4004122203125
1 0.6549830625 0.37667830625 0.65168893125 0.37526381875000003 0.6469307421875 0.37512236875 0.6423555609375 0.37554671562499997 0.637597371875 0.3761125109375 0.637780378125 0.37738554999999996 0.6374143625 0.3810632203125 0.6386954140625 0.381770465625 0.6403424796875 0.3830435046875 0.6440026265625 0.3837507484375 0.651139909375 0.38346785156249996 0.655532084375 0.380921771875 0.65699614375 0.37880003906250004 0.6549830625 0.37667830625
1 0.6568131359375 0.3857310328125 0.6524209609375 0.38403364687499997 0.6483947999999999 0.383184953125 0.644185634375 0.3830435046875 0.6396104515625 0.38332640156250003 0.6374143625 0.38488233906249997 0.6368653421875 0.3881356640625 0.6383294 0.3892672546875 0.640159471875 0.39054029375 0.6436366109375 0.3906817421875 0.650041865625 0.39096464062499997 0.6546170484375 0.3888429078125 0.65608110625 0.3881356640625 0.6568131359375 0.3857310328125
1 0.6562641124999999 0.3925205765625 0.6529699828125 0.3906817421875 0.647845778125 0.39011594843749997 0.6419895453125 0.38983305 0.6372313562499999 0.391671884375 0.6370483484375 0.3946423109375 0.6385124078125 0.397188390625 0.6405254874999999 0.398744328125 0.64253856875 0.399451571875 0.6489438234375 0.399168675 0.654434040625 0.39789563437500003 0.6568131359375 0.3954910046875 0.6562641124999999 0.3925205765625
1 0.8275805453125 0.39453125 0.8212631359375001 0.3974609375 0.8212631359375001 0.4013671875 0.8225266171875001 0.40234375 0.8250535812500001 0.40234375 0.8275805453125 0.404296875 0.8313709890625001 0.4033203125 0.8364249171875 0.4013671875 0.8364249171875 0.3974609375 0.8326344718750001 0.39453125 0.8275805453125 0.39453125
1 0.8400034249999999 0.385589584375 0.837258315625 0.383892196875 0.8334151625 0.3827606078125 0.821519690625 0.383184953125 0.8204216453125 0.3851652375 0.821519690625 0.3895501515625 0.82316675625 0.3913889875 0.8337811765625001 0.391671884375 0.8343301999999999 0.3915304359375 0.8390883890625 0.3888429078125 0.8400034249999999 0.385589584375
1 0.8387223734375 0.37738554999999996 0.8350622281250001 0.3748394703125 0.8295720109375001 0.3739907765625 0.8220687109375 0.37498091875 0.820604653125 0.3775269984375 0.8220687109375 0.38120466875000003 0.8246308140625 0.38290205624999996 0.8310360687499999 0.383184953125 0.8378073374999999 0.3830435046875 0.8390883890625 0.38035597656250003 0.8387223734375 0.37738554999999996
1 0.09223416875 0.48828125 0.085916759375 0.4912109375 0.085916759375 0.4951171875 0.089707203125 0.498046875 0.09097068750000001 0.4970703125 0.0960246125 0.4951171875 0.0960246125 0.4892578125 0.09476113124999999 0.48828125 0.09223416875 0.48828125
1 0.120030765625 0.494140625 0.1162403203125 0.4970703125 0.120030765625 0.501953125 0.12508469375 0.501953125 0.126348175 0.5009765625 0.1288751375 0.4990234375 0.1288751375 0.4951171875 0.12761165624999998 0.494140625 0.120030765625 0.494140625
1 0.1427734375 0.494140625 0.14150995625 0.4951171875 0.14150995625 0.4990234375 0.1453004015625 0.501953125 0.1490908453125 0.5009765625 0.151617809375 0.4990234375 0.151617809375 0.4951171875 0.150354328125 0.494140625 0.1427734375 0.494140625
1 0.168043071875 0.48828125 0.1617256640625 0.4912109375 0.1617256640625 0.4951171875 0.1629891453125 0.49609375 0.1705700359375 0.49609375 0.17183351875 0.4951171875 0.17436048125 0.4931640625 0.17436048125 0.4912109375 0.1705700359375 0.48828125 0.168043071875 0.48828125
1 0.1971031515625 0.4912109375 0.1971031515625 0.4951171875 0.198366634375 0.49609375 0.20594752500000002 0.49609375 0.20721100781250001 0.4951171875 0.20721100781250001 0.4892578125 0.20594752500000002 0.48828125 0.2034205609375 0.48828125 0.1971031515625 0.4912109375
1 0.26533116562500003 0.4912109375 0.261540721875 0.48828125 0.2514328671875 0.48828125 0.2476424234375 0.4931640625 0.25395983125 0.498046875 0.2577502765625 0.4970703125 0.25901375781249997 0.49609375 0.264067684375 0.49609375 0.26533116562500003 0.4951171875 0.26533116562500003 0.4912109375
1 0.41315853125 0.478515625 0.40936808750000003 0.4814453125 0.40936808750000003 0.4833984375 0.41315853125 0.486328125 0.41821245781250005 0.486328125 0.4194759390625 0.4853515625 0.4220029046875 0.4833984375 0.4220029046875 0.4794921875 0.420739421875 0.478515625 0.41315853125 0.478515625
1 0.45358994687500004 0.478515625 0.44979950312500006 0.4814453125 0.44979950312500006 0.4853515625 0.45106298437500003 0.486328125 0.4561169109375 0.486328125 0.45738039218750004 0.4853515625 0.45990735625 0.4833984375 0.45990735625 0.4794921875 0.45864387500000003 0.478515625 0.45358994687500004 0.478515625
1 0.48896743750000005 0.466796875 0.485176990625 0.4697265625 0.48896743750000005 0.474609375 0.4940213625 0.474609375 0.4952848453125 0.4736328125 0.497811809375 0.4716796875 0.497811809375 0.4677734375 0.496548328125 0.466796875 0.48896743750000005 0.466796875
1 0.4687517296875 0.466796875 0.4674882453125 0.4677734375 0.4674882453125 0.4736328125 0.4687517296875 0.474609375 0.47380565468749997 0.474609375 0.4750691359375 0.4736328125 0.4775961015625 0.4716796875 0.4775961015625 0.4677734375 0.47633261875 0.466796875 0.4687517296875 0.466796875
1 0.5192909984375 0.470703125 0.5129735890625 0.4755859375 0.5167640359375001 0.478515625 0.5218179609375 0.478515625 0.52308144375 0.4775390625 0.5256084078125001 0.4755859375 0.5256084078125001 0.4716796875 0.5243449250000001 0.470703125 0.5192909984375 0.470703125
1 0.544560634375 0.474609375 0.5432971515625 0.4755859375 0.5432971515625 0.4794921875 0.547087596875 0.482421875 0.5508780421874999 0.4814453125 0.5559319687500001 0.4775390625 0.5559319687500001 0.4755859375 0.5546684875000001 0.474609375 0.544560634375 0.474609375
1 0.577411159375 0.478515625 0.5736207125 0.4833984375 0.577411159375 0.486328125 0.582465084375 0.486328125 0.58372856875 0.4853515625 0.58625553125 0.4833984375 0.58625553125 0.4794921875 0.58499205 0.478515625 0.577411159375 0.478515625
1 0.5976268671875 0.478515625 0.5938364218750001 0.4814453125 0.5938364218750001 0.4853515625 0.595099903125 0.486328125 0.6026807921875 0.486328125 0.6039442765625 0.4853515625 0.6064712390625 0.4833984375 0.6064712390625 0.4794921875 0.6052077578125 0.478515625 0.5976268671875 0.478515625
1 0.617842575 0.466796875 0.6140521296875 0.4716796875 0.617842575 0.474609375 0.6228965015625 0.474609375 0.6241599843750001 0.4736328125 0.626686946875 0.4716796875 0.626686946875 0.4677734375 0.6254234656250001 0.466796875 0.617842575 0.466796875
1 0.6367948 0.4677734375 0.6367948 0.4736328125 0.6380582828125 0.474609375 0.643112209375 0.474609375 0.6443756921875 0.4736328125 0.6494296171875 0.4697265625 0.6456391734375 0.466796875 0.6380582828125 0.466796875 0.6367948 0.4677734375
1 0.6791072406249999 0.47562433750000005 0.6785693328125 0.47084314843749997 0.6748039859375 0.4700116375 0.669155965625 0.47084314843749997 0.6643148046875 0.4741691921875 0.6640458515625001 0.4768716046875 0.6675422453125 0.479158259375 0.6721144531250001 0.479574015625 0.6769556140625 0.4785346265625 0.6791072406249999 0.47562433750000005
1 0.6987054078125 0.474609375 0.697441925 0.4755859375 0.697441925 0.4814453125 0.6987054078125 0.482421875 0.7037593328125 0.482421875 0.705022815625 0.4814453125 0.707549778125 0.4794921875 0.707549778125 0.4755859375 0.706286296875 0.474609375 0.6987054078125 0.474609375
1 0.7315559328125001 0.478515625 0.7277654874999999 0.4814453125 0.7277654874999999 0.4853515625 0.72902896875 0.486328125 0.7366098578125 0.486328125 0.7378733421875 0.4853515625 0.7378733421875 0.4833984375 0.7404003046875001 0.4814453125 0.7391368234375 0.478515625 0.7315559328125001 0.478515625
1 0.7479811953125 0.4814453125 0.7479811953125 0.4853515625 0.7492446765625 0.486328125 0.754298603125 0.486328125 0.7555620843749999 0.4853515625 0.7606160125 0.4814453125 0.756825565625 0.478515625 0.751771640625 0.478515625 0.7479811953125 0.4814453125
1 0.7719873484375 0.466796875 0.768196903125 0.4697265625 0.768196903125 0.4716796875 0.7719873484375 0.474609375 0.777041275 0.474609375 0.7783047578125 0.4736328125 0.7808317203125 0.4716796875 0.7808317203125 0.4677734375 0.7795682390625001 0.466796875 0.7719873484375 0.466796875
1 0.8023109093749999 0.462890625 0.7985204640625 0.4658203125 0.7985204640625 0.4697265625 0.799783946875 0.470703125 0.8073648375 0.470703125 0.80862831875 0.4697265625 0.80862831875 0.4677734375 0.8111552812499999 0.4658203125 0.8073648375 0.462890625 0.8023109093749999 0.462890625
1 0.8318727499999999 0.47167465937499997 0.83133484375 0.4671013484375 0.8273005437500001 0.46647771562499996 0.822190428125 0.4677249828125 0.8189629890625 0.4698037609375 0.8189629890625 0.4741691921875 0.8224593828125 0.47583221406250004 0.8286453093749999 0.4750007046875 0.8318727499999999 0.47167465937499997
1 0.8730658890624999 0.466796875 0.8705389234375 0.46484375 0.865484996875 0.46484375 0.8616945515625 0.4677734375 0.8616945515625 0.4716796875 0.865484996875 0.474609375 0.8755928515625 0.474609375 0.8768563328125 0.4736328125 0.8793832953124999 0.4716796875 0.8793832953124999 0.4697265625 0.8755928515625 0.466796875 0.8730658890624999 0.466796875
1 0.09440262968749999 0.5496288234375 0.0892925171875 0.5498367015625 0.0817618234375 0.550044578125 0.08149286875 0.554202134375 0.0831065890625 0.5562809125 0.087140890625 0.5573203015625 0.0935957703125 0.5575281796875 0.099243790625 0.5554494015625 0.099243790625 0.5514997234375 0.09440262968749999 0.5496288234375
1 0.0968232109375 0.5581518125 0.09278890937499999 0.55773605625 0.08956146875 0.55773605625 0.0849892625 0.5575281796875 0.08149286875 0.5583596890625 0.08014810312500001 0.561269978125 0.08149286875 0.563556634375 0.0855271703125 0.5645960234375 0.093326815625 0.5650117781249999 0.0970921640625 0.563972390625 0.099243790625 0.5610621015625 0.0968232109375 0.5581518125
1 0.09843693125 0.5679220671875 0.09628530468749999 0.56521965625 0.0930578640625 0.5650117781249999 0.08579612187499999 0.5650117781249999 0.08256868125 0.5658432906249999 0.0804170546875 0.5672984343749999 0.081223915625 0.5704165999999999 0.0828376359375 0.5722875000000001 0.0860650765625 0.5735347671875 0.0925199578125 0.5735347671875 0.09601635 0.572079621875 0.0987058828125 0.5697929671875 0.09843693125 0.5679220671875
1 0.2608847609375 0.5386113015625 0.2522782546875 0.5386113015625 0.247975 0.539650690625 0.24636127968750002 0.542976734375 0.24878186093750002 0.5458870234375001 0.2520093015625 0.546718534375 0.261153715625 0.54651065625 0.265725921875 0.543392490625 0.265188015625 0.5398585687499999 0.2608847609375 0.5386113015625
1 0.2595399953125 0.546718534375 0.2522782546875 0.546718534375 0.24743709374999998 0.549005190625 0.2468991875 0.5523312359375 0.2490508140625 0.5535785 0.2533540671875 0.554202134375 0.2630363890625 0.5535785 0.2659948765625 0.5514997234375 0.265188015625 0.5481736796875001 0.2595399953125 0.546718534375
1 0.2673396421875 0.5575281796875 0.26411220156250004 0.5533706234375 0.2568504625 0.5525391125 0.24985767499999997 0.5535785 0.24663023437499998 0.5554494015625 0.2468991875 0.5600227125 0.24985767499999997 0.5625172453125 0.26034685468749996 0.56230936875 0.261960575 0.5625172453125 0.26545696875 0.5610621015625 0.2673396421875 0.5575281796875
1 0.399664696875 0.5417294671875 0.3945545828125 0.541937346875 0.3883686546875 0.5425609796875001 0.38675493437499997 0.545263390625 0.38675493437499997 0.5481736796875001 0.3902513296875 0.550044578125 0.40181632343749996 0.5494209453125001 0.40396795 0.5481736796875001 0.40423690468749995 0.5442240015625 0.399664696875 0.5417294671875
1 0.40181632343749996 0.55025245625 0.39482353593749997 0.5492130687500001 0.3889065625 0.5504603359375 0.3870238890625 0.552746990625 0.38729284218750004 0.5571124234375 0.39186505 0.5589833234375 0.4010094640625 0.5585675671875 0.40343004374999997 0.556488790625 0.4050437640625 0.5533706234375 0.40181632343749996 0.55025245625
1 0.40450585625 0.5664669234375 0.402623184375 0.5629330015625 0.39993365000000003 0.5610621015625 0.39643725625 0.5604384671875 0.38971342343750004 0.56147785625 0.38675493437499997 0.5643881453125 0.38675493437499997 0.5679220671875 0.3907892359375 0.5704165999999999 0.3985888828125 0.570208721875 0.40047155781250005 0.5704165999999999 0.40343004374999997 0.5679220671875 0.40450585625 0.5664669234375
1 0.552161253125 0.541521590625 0.54543741875 0.5411058343749999 0.5389825375 0.542145225 0.5387135859375001 0.5460949015625001 0.5403273046875 0.5487973125 0.542747884375 0.5504603359375 0.5537749734374999 0.55025245625 0.5580782265625001 0.5479658015625 0.557809275 0.5431846124999999 0.552161253125 0.541521590625
1 0.5551197390625 0.5533706234375 0.5438236984375 0.5535785 0.5419410250000001 0.5548257671875 0.5397893984375 0.5575281796875 0.5400583515624999 0.5602305890625 0.54140311875 0.5616857343749999 0.5548507875 0.561269978125 0.5580782265625001 0.5591912015625 0.557809275 0.556488790625 0.5551197390625 0.5533706234375
1 0.5580782265625001 0.5677141906250001 0.5580782265625001 0.5625172453125 0.5548507875 0.5621014890625 0.545168465625 0.5610621015625 0.5403273046875 0.5625172453125 0.5389825375 0.5648039 0.5397893984375 0.5681299453124999 0.5419410250000001 0.569169334375 0.544630559375 0.570208721875 0.5518922984375 0.5704165999999999 0.55350601875 0.5704165999999999 0.5556576453125001 0.5695850890624999 0.5580782265625001 0.5677141906250001
1 0.70385095 0.5487973125 0.6963202546875 0.5487973125 0.693899675 0.5517076015625 0.693092815625 0.5550336453125 0.6971271156250001 0.557943934375 0.6976650234374999 0.5581518125 0.7097679234375 0.5575281796875 0.71245745625 0.5539942578125 0.71245745625 0.55025245625 0.70385095 0.5487973125
1 0.7065404828124999 0.5569045453125 0.6957823484375 0.5569045453125 0.6944375828125 0.5585675671875 0.6925549078125 0.5606463453125 0.6928238624999999 0.563140878125 0.6963202546875 0.5648039 0.710574784375 0.5648039 0.71245745625 0.561269978125 0.711112690625 0.55773605625 0.7065404828124999 0.5569045453125
1 0.707616296875 0.572911134375 0.711650596875 0.570624478125 0.7121885046875 0.5681299453124999 0.711112690625 0.56521965625 0.7060025765625 0.5643881453125 0.6952444421874999 0.5645960234375 0.693630721875 0.5670905562499999 0.69336176875 0.5664669234375 0.6947065343750001 0.570208721875 0.6984718828125 0.5733268890625001 0.7049267625 0.57374264375 0.707616296875 0.572911134375
1 0.880660559375 0.5515974578125 0.8794430562500001 0.5476765218749999 0.8733555390625 0.5456376328125 0.8650359359375001 0.5457944703125001 0.8613834265625 0.548303871875 0.86158634375 0.5541068578125 0.8668621906249999 0.5548910453125 0.8776168015625 0.5547342078125 0.880660559375 0.5515974578125
1 0.880660559375 0.5589688203125001 0.8796459734375001 0.5559889078125 0.8741672093749999 0.5544205328125 0.86402135 0.5544205328125 0.8613834265625 0.5566162578125 0.8617892625 0.5602235203125 0.866659275 0.5617918953125 0.877413884375 0.5616350578125 0.880660559375 0.5589688203125001
1 0.8739823015624999 0.5704514359374999 0.877699115625 0.569220246875 0.8796460171874999 0.5671682625 0.8794690265625 0.5632010937499999 0.8732743359375 0.56169630625 0.8637168140625 0.5615595078125 0.862300884375 0.5640218875 0.8615929203125001 0.5640218875 0.861946903125 0.5681258546875 0.8638938046875 0.569083446875 0.868672565625 0.5704514359374999 0.8739823015624999 0.5704514359374999
1 0.10234202187500001 0.66015625 0.09855157656249999 0.6630859375 0.09855157656249999 0.6650390625 0.10234202187500001 0.66796875 0.1073959484375 0.66796875 0.1086594296875 0.6669921875 0.1111863921875 0.6650390625 0.1111863921875 0.6611328125 0.10992291093749999 0.66015625 0.10234202187500001 0.66015625
1 0.13519254687499999 0.66015625 0.131402103125 0.6630859375 0.131402103125 0.6650390625 0.13519254687499999 0.66796875 0.140246475 0.66796875 0.14150995625 0.6669921875 0.14403691875 0.6650390625 0.14403691875 0.6611328125 0.1427734375 0.66015625 0.13519254687499999 0.66015625
1 0.2008935984375 0.66015625 0.1971031515625 0.6630859375 0.1971031515625 0.6669921875 0.198366634375 0.66796875 0.20594752500000002 0.66796875 0.20721100781250001 0.6669921875 0.20973797031250002 0.6650390625 0.20973797031250002 0.6611328125 0.20847448906250002 0.66015625 0.2008935984375 0.66015625
1 0.16650149375 0.6599944062499999 0.16674743593750002 0.6556223234375 0.16404209375 0.6548619609374999 0.1581395296875 0.65524214375 0.15494230625 0.6571430484375 0.1529747859375 0.6592340453125 0.1529747859375 0.6622754937499999 0.16059893125 0.6634160375 0.1635502125 0.662465584375 0.16650149375 0.6599944062499999
1 0.1810119640625 0.6548619609374999 0.17535534218749999 0.6569529578125 0.173633759375 0.66151513125 0.1760931609375 0.663225946875 0.1839632453125 0.6636061265625 0.1876523484375 0.6584736828125 0.1869145296875 0.65524214375 0.1810119640625 0.6548619609374999
1 0.325978290625 0.6552734375 0.325978290625 0.6591796875 0.3272417734375 0.66015625 0.3348226640625 0.66015625 0.33608614531250003 0.6591796875 0.33608614531250003 0.6533203125 0.3348226640625 0.65234375 0.3297687359375 0.65234375 0.325978290625 0.6552734375
1 0.3626192625 0.65625 0.360092296875 0.65625 0.356301853125 0.6591796875 0.356301853125 0.6611328125 0.360092296875 0.6640625 0.365146225 0.6640625 0.36640970624999997 0.6630859375 0.3689366703125 0.6611328125 0.3689366703125 0.6572265625 0.365146225 0.654296875 0.3626192625 0.65625
1 0.2815929203125 0.6608755125 0.28495575156249997 0.6580027359375 0.28495575156249997 0.65225718125 0.2757522125 0.65225718125 0.27238938125 0.6552667578125 0.2722123890625 0.6595075234375 0.27238938125 0.659781121875 0.274513275 0.6608755125 0.2815929203125 0.6608755125
1 0.31663716875 0.652804378125 0.316814159375 0.6478796171875 0.31451327500000004 0.646785225 0.3079646015625 0.647195621875 0.3042477875 0.6502051984375 0.302300884375 0.6512995890625 0.3026548671875 0.65554035625 0.3077876109375 0.6575923390625 0.3127433625 0.65704514375 0.31663716875 0.652804378125
1 0.40305067812499995 0.66015625 0.39926023125 0.6630859375 0.39926023125 0.6650390625 0.40305067812499995 0.66796875 0.4081046046875 0.66796875 0.40936808750000003 0.6669921875 0.41189505000000004 0.6650390625 0.41189505000000004 0.6611328125 0.41063156875000006 0.66015625 0.40305067812499995 0.66015625
1 0.43590120312499997 0.66015625 0.43211075781249997 0.6630859375 0.43211075781249997 0.6650390625 0.43590120312499997 0.66796875 0.44095512968749995 0.66796875 0.44221861249999994 0.6669921875 0.44474557499999995 0.6650390625 0.44474557499999995 0.6611328125 0.44348209375 0.66015625 0.43590120312499997 0.66015625
1 0.501602253125 0.66015625 0.497811809375 0.6630859375 0.497811809375 0.6669921875 0.499075290625 0.66796875 0.50665618125 0.66796875 0.5079196625 0.6669921875 0.5104466265625 0.6650390625 0.5104466265625 0.6611328125 0.5091831453125 0.66015625 0.501602253125 0.66015625
1 0.46697279218750004 0.660901603125 0.46697279218750004 0.6557137015625 0.4549868375 0.6553431375 0.452829365625 0.6581223703125 0.45306908437500004 0.65904878125 0.45306908437500004 0.662013296875 0.45666487031249997 0.6649778109375 0.46385644375 0.6642366828124999 0.46697279218750004 0.660901603125
1 0.48902694843749994 0.659419346875 0.48830779062499996 0.6566401125 0.48686947812500003 0.6553431375 0.47656155624999996 0.6553431375 0.4741643640625 0.6588635 0.474404084375 0.6629397078125 0.48159565625 0.6642366828124999 0.48567088125 0.6640514015625001 0.48902694843749994 0.659419346875
1 0.5546684875000001 0.66015625 0.5508780421874999 0.6630859375 0.5508780421874999 0.6650390625 0.5546684875000001 0.66796875 0.5597224140625 0.66796875 0.5609858953125 0.6669921875 0.5635128609375 0.6650390625 0.5635128609375 0.6611328125 0.5622493765625001 0.66015625 0.5546684875000001 0.66015625
1 0.595099903125 0.65625 0.5938364218750001 0.6572265625 0.5938364218750001 0.6630859375 0.595099903125 0.6640625 0.6001538296875 0.6640625 0.6014173109375001 0.6630859375 0.6039442765625 0.6611328125 0.6039442765625 0.6572265625 0.6026807921875 0.65625 0.595099903125 0.65625
1 0.5831733296875 0.6589146921875 0.584196440625 0.65377464375 0.5826617734374999 0.6519953968750001 0.574988440625 0.652786171875 0.5711517734375 0.6545654203125 0.570895996875 0.658321609375 0.572686440625 0.6612870234375 0.5801039968749999 0.661089328125 0.5831733296875 0.6589146921875
1 0.6240977734375 0.6599031625 0.6269113296875 0.65674005625 0.625632440625 0.6523907859375 0.6177033296875 0.6523907859375 0.6138666625 0.65377464375 0.613610884375 0.6591123875 0.6146339968750001 0.6602985515625 0.6202611078125 0.661089328125 0.6240977734375 0.6599031625
1 0.6489082171875 0.6622754937499999 0.6506986625 0.659507775 0.6496755515625 0.6541700328125 0.643536884375 0.6541700328125 0.6358635515625 0.6565423625 0.635351996875 0.6614847171875 0.6368866625 0.6634616578125 0.6425137734375 0.6634616578125 0.6489082171875 0.6622754937499999
1 0.710294884375 0.65970546875 0.712596884375 0.657728528125 0.7128526625 0.652193090625 0.7041562171875 0.6523907859375 0.6995522171874999 0.654763115625 0.699296440625 0.6585193031250001 0.7023657734375 0.6606939390625 0.7069697734375 0.660891634375 0.710294884375 0.65970546875
1 0.74405755 0.655158503125 0.7455922171875 0.6516000078124999 0.7450806625 0.6486345953125 0.7417555499999999 0.6472507359375 0.7361284390625 0.647646125 0.7322917734375001 0.6500184546875001 0.7322917734375001 0.6545654203125 0.7328033296875 0.6569377515625 0.7417555499999999 0.65674005625 0.74405755 0.655158503125
1 0.7665659953125 0.6581239156249999 0.7660544390624999 0.6523907859375 0.75838110625 0.6523907859375 0.75326555 0.654763115625 0.75326555 0.6589146921875 0.7568464390625 0.6606939390625 0.7637524390625 0.660496246875 0.7665659953125 0.6581239156249999
1 0.7872839953125 0.657926221875 0.78779555 0.652193090625 0.77909910625 0.652786171875 0.7752624390625 0.6545654203125 0.7752624390625 0.6589146921875 0.7806337734375 0.6612870234375 0.7847262171875 0.660496246875 0.7872839953125 0.657926221875
1 0.8192920359375 0.655129959375 0.821061946875 0.6525307796875001 0.8208849562499999 0.6487004109375001 0.8173451328124999 0.6474692203125 0.811327434375 0.6485636109375 0.8070796453125 0.6502051984375 0.806548671875 0.6541723671875 0.811327434375 0.65704514375 0.8162831859375 0.6567715453125 0.8192920359375 0.655129959375
1 0.8594690265624999 0.660465115625 0.8617699109375 0.6584131328125 0.8607079640625 0.652667578125 0.8587610625 0.65225718125 0.8543362828125 0.6517099859375 0.8499115046875 0.652667578125 0.8481415921875 0.655129959375 0.847433628125 0.6596443234375 0.847433628125 0.660601915625 0.853805309375 0.66169630625 0.8594690265624999 0.660465115625
1 0.8864669109375001 0.6603366484375 0.8891265171875 0.65796475 0.8891265171875 0.65243031875 0.8805339453125001 0.65243031875 0.8756239046875001 0.6548022171875 0.8756239046875001 0.6587553828125 0.8786926796874999 0.660811028125 0.8833981359375 0.6609691546875001 0.8864669109375001 0.6603366484375
1 0.9073345843749999 0.6538534578124999 0.9091758484374999 0.6517978125 0.9083575078124999 0.64752839375 0.9005832781249999 0.64752839375 0.8952640671875001 0.651481559375 0.8952640671875001 0.6552765984375 0.8989465984375 0.6570159906249999 0.9050841484375001 0.6568578625 0.9073345843749999 0.6538534578124999
1 0.92963435 0.65796475 0.929429765625 0.6522721921875 0.920428025 0.6527465718750001 0.9169500796875001 0.6549603453125 0.916540909375 0.6593878890625 0.9212463640624999 0.661443534375 0.9269747453124999 0.6606529015625 0.92963435 0.65796475
1 0.947024078125 0.6551184703125 0.950706609375 0.6516396859375 0.950706609375 0.6476865218750001 0.9466149078124999 0.647212140625 0.941295696875 0.648319028125 0.9365902421875001 0.6503746734375 0.9359764875 0.6543278390625 0.9400681875 0.656541609375 0.9447736421874999 0.6568578625 0.947024078125 0.6551184703125
1 0.966664240625 0.6593878890625 0.96789175 0.6570159906249999 0.96789175 0.6517978125 0.9584808390624999 0.65243031875 0.953775384375 0.6549603453125 0.9535707984374999 0.6590716359375001 0.9576624984375 0.66112728125 0.9631862953124999 0.6609691546875001 0.966664240625 0.6593878890625
1 0.9869181578124999 0.662550421875 0.9891685921875 0.660494775 0.989373178125 0.6562253578125 0.9869181578124999 0.6552765984375 0.979143928125 0.6559091046875001 0.9752568125 0.65796475 0.9750522265624999 0.6619179140625 0.9775072453125 0.663815434375 0.9836447984375001 0.663815434375 0.9869181578124999 0.662550421875
1 0.1147299203125 0.71396255 0.1147299203125 0.7094107234375 0.1064414453125 0.7080620343749999 0.095971796875 0.7082306203125001 0.0955355609375 0.7141311375 0.1022972109375 0.71649134375 0.1101494484375 0.7166599296875 0.1147299203125 0.71396255
1 0.112984978125 0.7232347921875 0.1145118015625 0.71969448125 0.11254874374999999 0.7156484125 0.1022972109375 0.7154798265625 0.0966261484375 0.7171656875 0.0966261484375 0.72121175625 0.10098850468750001 0.7244148953125 0.10840450625 0.724077721875 0.112984978125 0.7232347921875
1 0.105568975 0.736215928125 0.111676271875 0.7360473421875 0.11385745 0.7331813781250001 0.11276686093749999 0.7299782390625 0.1101494484375 0.7279552046875 0.10426026875000001 0.7274494453125 0.099897915625 0.728966721875 0.0961899125 0.7303154125 0.09575367812499999 0.7333499625 0.09749861875 0.733855721875 0.099897915625 0.73587875625 0.105568975 0.736215928125
1 0.2615231453125 0.71649134375 0.26523114531249997 0.7136253781249999 0.264794909375 0.71008506875 0.26021443906249997 0.7089049640625 0.25018102343750004 0.7085677921875 0.245382434375 0.7105908265624999 0.245382434375 0.7149740671875 0.2503991421875 0.71649134375 0.25672455625 0.716997103125 0.2615231453125 0.71649134375
1 0.26043255625 0.723403378125 0.2639224390625 0.7225604453125001 0.264794909375 0.71885155 0.26239561562499997 0.71649134375 0.2543252609375 0.7158169984375 0.24734549375 0.7163227578125 0.24429184375 0.7186829640625 0.2449461984375 0.7183457921875 0.2449461984375 0.7220546875 0.2506172578125 0.72374055 0.25519773125 0.724077721875 0.26043255625 0.723403378125
1 0.25893805312499996 0.7321477421875 0.2628318578125 0.731600546875 0.26477876093749997 0.7274965796874999 0.2637168140625 0.7250342 0.26070796406249996 0.7240766078124999 0.2552212390625 0.7235294125 0.2488495578125 0.723803009375 0.245309734375 0.72571819375 0.245309734375 0.7292749656249999 0.24831858437499998 0.73119015 0.25292035468749996 0.7322845421874999 0.25893805312499996 0.7321477421875
1 0.41168141562500005 0.7235294125 0.4143362828125 0.722298221875 0.41486725625 0.7210670312499999 0.41362831875 0.7170998625 0.40884955781250004 0.7154582765625 0.40123893749999995 0.715595075 0.395929203125 0.7173734609375 0.3962831859375 0.7216142265625 0.3996460171875 0.72421340625 0.40778761093749993 0.7243502046875 0.41168141562500005 0.7235294125
1 0.414513275 0.7291381671875 0.41362831875 0.7250342 0.4081415921875 0.7244870046874999 0.39982300937500004 0.7243502046875 0.3961061953125 0.72585499375 0.39699114999999996 0.7300957593749999 0.40035398281249995 0.7310533515625 0.41238938125 0.73119015 0.414513275 0.7291381671875
1 0.4092035390625 0.7396716828125001 0.41415929218749997 0.7372093015625001 0.41486725625 0.734062928125 0.4127433625 0.7318741453125 0.408672565625 0.7314637484375 0.39911504375 0.7313269499999999 0.3961061953125 0.733242134375 0.39663716875 0.737893296875 0.39982300937500004 0.7388508890625001 0.405486725 0.7399452796875 0.4092035390625 0.7396716828125001
1 0.5637168140625 0.7205198359375 0.5660176984375 0.7180574562500001 0.5660176984375 0.7154582765625 0.562300884375 0.712859096875 0.5550442484375 0.7127222984375 0.551327434375 0.7134062921875 0.548495575 0.7142270859375001 0.548318584375 0.7184678515625 0.5509734515625 0.720793434375 0.558938053125 0.7209302328125 0.5637168140625 0.7205198359375
1 0.5670796453125 0.72585499375 0.566548671875 0.72270861875 0.5635398234375 0.7210670312499999 0.55061946875 0.7210670312499999 0.548318584375 0.7224350203125 0.548318584375 0.7264021890625 0.5541592921875 0.7287277703124999 0.563185840625 0.7287277703124999 0.5670796453125 0.72585499375
1 0.565309734375 0.73365253125 0.5661946906249999 0.73119015 0.563185840625 0.72900136875 0.55699115 0.728454171875 0.55061946875 0.7288645687499999 0.548672565625 0.7298221609375 0.548495575 0.7298221609375 0.5481415921874999 0.7346101234375 0.5522123890625 0.7362517093750001 0.56336283125 0.7361149109375 0.565309734375 0.73365253125
1 0.71362831875 0.7150478796875 0.7153982296875 0.7127222984375 0.713451328125 0.7095759234375 0.7081415921875001 0.7079343359375 0.6994690265625 0.7082079343750001 0.69699115 0.7099863203125001 0.6962831859375 0.713679890625 0.7001769906249999 0.7166894671875 0.7047787609375 0.716826265625 0.71061946875 0.7165526671875 0.71362831875 0.7150478796875
1 0.7130973453125 0.7235294125 0.714690265625 0.7216142265625 0.7150442484374999 0.7177838578125 0.711681415625 0.7169630640625 0.7035398234375 0.7162790703125 0.6973451328125 0.7172366625000001 0.6971681421875 0.721887825 0.70212389375 0.7250342 0.7081415921875001 0.7251709984375 0.7130973453125 0.7235294125
1 0.7120353984375 0.7357045140625 0.715575221875 0.7326949390624999 0.7152212390625 0.7300957593749999 0.7099115046875 0.7279069765624999 0.7038938046875 0.727770178125 0.6994690265625 0.7279069765624999 0.696814159375 0.7296853624999999 0.6966371687499999 0.734746921875 0.7005309734375 0.7358413125000001 0.7090265484375 0.7359781125 0.7120353984375 0.7357045140625
1 0.86 0.7205198359375 0.861061946875 0.719835840625 0.8615929203125001 0.716826265625 0.8594690265624999 0.7142270859375001 0.85699115 0.7127222984375 0.852566371875 0.712859096875 0.8481415921875 0.713679890625 0.8469026546875 0.7146374828125001 0.8460176984375 0.7188782484375 0.8488495578125 0.7210670312499999 0.8539823015625 0.7210670312499999 0.86 0.7205198359375
1 0.8716814156250001 0.709302325 0.8681415921875001 0.7082079343750001 0.8594690265624999 0.7087551296875 0.8559292031249999 0.7098495218750001 0.8553982296875 0.7110807109375 0.8552212390625 0.7139534890625 0.8585840703125 0.715595075 0.8630088499999999 0.7169630640625 0.8642477875000001 0.7173734609375 0.8649557515625 0.7170998625 0.8702654875 0.7165526671875 0.87238938125 0.714363884375 0.8730973453124999 0.71176470625 0.8716814156250001 0.709302325
1 0.8603539828125 0.7357045140625 0.8637168140625 0.73365253125 0.8637168140625 0.7309165531249999 0.862300884375 0.7287277703124999 0.8580530968750001 0.7276333796875 0.849557521875 0.7274965796874999 0.845486725 0.7298221609375 0.845486725 0.734746921875 0.848495575 0.7361149109375 0.8575221234375 0.7359781125 0.8603539828125 0.7357045140625
1 0.13013861875 0.826171875 0.126348175 0.8291015625 0.126348175 0.8330078125 0.12761165624999998 0.833984375 0.13519254687499999 0.833984375 0.136456028125 0.8330078125 0.136456028125 0.8310546875 0.13898299218750002 0.8291015625 0.13519254687499999 0.826171875 0.13013861875 0.826171875
1 0.0945835640625 0.8338588296875 0.0971149984375 0.8324358625 0.0980355203125 0.830657153125 0.09688486874999999 0.8276333484375 0.0948136953125 0.82567676875 0.09044121875 0.8260325109375 0.0872193953125 0.82781121875 0.0844578296875 0.8294120578124999 0.0844578296875 0.8333252171875 0.0858386125 0.8351039265625 0.0909014796875 0.8351039265625 0.0945835640625 0.8338588296875
1 0.1528812921875 0.822265625 0.1490908453125 0.8251953125 0.1490908453125 0.8271484375 0.1528812921875 0.830078125 0.1579352171875 0.830078125 0.1591987015625 0.8291015625 0.1617256640625 0.8271484375 0.1617256640625 0.8232421875 0.1604621828125 0.822265625 0.1528812921875 0.822265625
1 0.17815092500000002 0.826171875 0.17183351875 0.8291015625 0.17183351875 0.8310546875 0.1756239625 0.833984375 0.18320485312499998 0.833984375 0.18446833437500001 0.8330078125 0.18446833437500001 0.8310546875 0.1869952984375 0.8291015625 0.18320485312499998 0.826171875 0.17815092500000002 0.826171875
1 0.20468404218749997 0.8232421875 0.20468404218749997 0.8291015625 0.20594752500000002 0.830078125 0.213528415625 0.830078125 0.214791896875 0.8291015625 0.214791896875 0.8232421875 0.213528415625 0.822265625 0.20594752500000002 0.822265625 0.20468404218749997 0.8232421875
1 0.2918642828125 0.826171875 0.2880738390625 0.8291015625 0.2880738390625 0.8330078125 0.2893373203125 0.833984375 0.29691821093750004 0.833984375 0.2981816921875 0.8330078125 0.2981816921875 0.8310546875 0.30070865625 0.8291015625 0.29691821093750004 0.826171875 0.2918642828125 0.826171875
1 0.249231146875 0.8327916046875 0.249231146875 0.827455478125 0.2469298421875 0.8262103812499999 0.24186697499999998 0.8258546390625 0.23703423906249999 0.8285227031250001 0.23703423906249999 0.8335030890624999 0.23956567187500002 0.8349260562499999 0.246009321875 0.83439244375 0.249231146875 0.8327916046875
1 0.2704031359375 0.830657153125 0.26856209375 0.8258546390625 0.264649878125 0.824965284375 0.25889661875000003 0.829056315625 0.258206228125 0.8338588296875 0.261888315625 0.8351039265625 0.2660306609375 0.834748184375 0.2690223546875 0.83439244375 0.2704031359375 0.830657153125
1 0.3322956984375 0.822265625 0.33103221718750003 0.8232421875 0.33103221718750003 0.8291015625 0.3322956984375 0.830078125 0.3373496265625 0.830078125 0.3386131078125 0.8291015625 0.341140071875 0.8271484375 0.341140071875 0.8232421875 0.3398765890625 0.822265625 0.3322956984375 0.822265625
1 0.3626192625 0.826171875 0.358828815625 0.8291015625 0.358828815625 0.8330078125 0.360092296875 0.833984375 0.3676731890625 0.833984375 0.3689366703125 0.8330078125 0.371463634375 0.8310546875 0.371463634375 0.8271484375 0.3702001515625 0.826171875 0.3626192625 0.826171875
1 0.3159689421875 0.8270997359375001 0.3189606359375 0.8253210265625001 0.3205715484375 0.8230087046874999 0.3205715484375 0.8183840609375 0.314588159375 0.8190955437499999 0.3104458140625 0.8206963828125 0.3092951625 0.825498896875 0.30952529218749997 0.8258546390625 0.31228685624999997 0.82781121875 0.3159689421875 0.8270997359375001
1 0.4156153734375 0.8303014125000001 0.41998784999999994 0.8283448312499999 0.4195275890625 0.8260325109375 0.4192974609375 0.8235423171875 0.4172262875 0.8219414781250001 0.40479924843750004 0.821763609375 0.4011171625 0.8230087046874999 0.4011171625 0.8276333484375 0.403648596875 0.8304792828125 0.41009224531250005 0.830657153125 0.4156153734375 0.8303014125000001
1 0.5875190124999999 0.822265625 0.58625553125 0.8232421875 0.58625553125 0.8291015625 0.5875190124999999 0.830078125 0.595099903125 0.830078125 0.596363384375 0.8291015625 0.596363384375 0.8271484375 0.5988903484375 0.8251953125 0.595099903125 0.822265625 0.5875190124999999 0.822265625
1 0.6127886484375 0.818359375 0.6064712390625 0.8232421875 0.610261684375 0.826171875 0.6153156109375 0.826171875 0.61657909375 0.8251953125 0.6191060562499999 0.8232421875 0.6191060562499999 0.8212890625 0.6153156109375 0.818359375 0.6127886484375 0.818359375
1 0.629213909375 0.8232421875 0.629213909375 0.8291015625 0.6304773921875 0.830078125 0.6380582828125 0.830078125 0.6393217640625 0.8291015625 0.6393217640625 0.8232421875 0.6380582828125 0.822265625 0.6304773921875 0.822265625 0.629213909375 0.8232421875
1 0.6608009546875 0.826171875 0.6570105093749999 0.8291015625 0.6570105093749999 0.8330078125 0.6582739906249999 0.833984375 0.66585488125 0.833984375 0.6671183625 0.8330078125 0.6696453250000001 0.8310546875 0.6696453250000001 0.8271484375 0.66838184375 0.826171875 0.6608009546875 0.826171875
1 0.706286296875 0.826171875 0.6999688890625 0.8310546875 0.7037593328125 0.833984375 0.711340225 0.833984375 0.71260370625 0.8330078125 0.71513066875 0.8310546875 0.71513066875 0.8291015625 0.711340225 0.826171875 0.706286296875 0.826171875
1 0.8591675890625 0.8291015625 0.8591675890625 0.8310546875 0.862958034375 0.833984375 0.8755928515625 0.833984375 0.8768563328125 0.8330078125 0.8768563328125 0.8291015625 0.8730658890624999 0.826171875 0.862958034375 0.826171875 0.8591675890625 0.8291015625
1 0.7012323703125001 0.89453125 0.697441925 0.8994140625 0.7012323703125001 0.90234375 0.711340225 0.90234375 0.71260370625 0.9013671875 0.71513066875 0.8994140625 0.71513066875 0.8974609375 0.711340225 0.89453125 0.7012323703125001 0.89453125
1 0.0992920359375 0.8820793437500001 0.0992920359375 0.8767441859374999 0.0950442484375 0.8748290015625001 0.08761061875000001 0.874555403125 0.08212389375 0.8756497953125001 0.0812389375 0.8763337890624999 0.0812389375 0.8809849515625 0.0847787609375 0.8837209296875 0.094690265625 0.8834473328125 0.0992920359375 0.8820793437500001
1 0.09787610625 0.8900136796875 0.10053097343749999 0.8852257187499999 0.0975221234375 0.8829001375000001 0.08884955781250001 0.8829001375000001 0.08336283125 0.8830369359375 0.081061946875 0.8844049249999999 0.0824778765625 0.8887824890625 0.0849557515625 0.8900136796875 0.09362831875 0.890150478125 0.09787610625 0.8900136796875
1 0.09787610625 0.8978112171875001 0.1003539828125 0.89302325625 0.0973451328125 0.88987688125 0.092566371875 0.8896032828125 0.0837168140625 0.8897400828125 0.081061946875 0.892612859375 0.0814159296875 0.8923392609375 0.0815929203125 0.8963064296875001 0.0842477875 0.898084815625 0.092566371875 0.898905609375 0.09787610625 0.8978112171875001
1 0.246548671875 0.890560875 0.249557521875 0.8891928859375 0.24920353906249998 0.8863201093749999 0.24672566406250002 0.8829001375000001 0.24336283124999997 0.8820793437500001 0.2362831859375 0.8822161421875 0.23309734531249998 0.8841313265625 0.23309734531249998 0.8880984953125 0.23646017656249999 0.8908344734375 0.24336283124999997 0.89138166875 0.246548671875 0.890560875
1 0.2562831859375 0.8883720937499999 0.260176990625 0.8861833109375 0.26 0.8809849515625 0.2575221234375 0.8790697671875 0.2472566375 0.8792065656249999 0.24389380468750002 0.8808481531250001 0.24442477812500002 0.884678521875 0.2470796453125 0.8875512999999999 0.2507964609375 0.8889192890625001 0.2562831859375 0.8883720937499999
1 0.24973451249999998 0.904377565625 0.251681415625 0.9002735984375001 0.24831858437499998 0.8983584125 0.2428318578125 0.89767441875 0.23699115 0.8982216140625001 0.23327433593750002 0.9001367984374999 0.23309734531249998 0.9031463750000001 0.23823008906249998 0.9053351578125 0.24619469062500002 0.9054719562500001 0.24973451249999998 0.904377565625
1 0.4175221234375 0.8794801640625 0.41911504375 0.8772913812500001 0.41805309687500003 0.8733242140625 0.4150442484375 0.8715458281249999 0.40938053124999996 0.8712722296875001 0.40495575156249997 0.8729138171875 0.40230088437499995 0.874692203125 0.40141592968750006 0.8783857734374999 0.406194690625 0.8808481531250001 0.414690265625 0.8808481531250001 0.4175221234375 0.8794801640625
1 0.41415929218749997 0.8879616968749999 0.41769911562499995 0.8868673046875 0.41946902656249996 0.8829001375000001 0.41805309687500003 0.8808481531250001 0.414690265625 0.8804377562499999 0.4042477875 0.8805745546875 0.40123893749999995 0.8813953484375 0.40176991093750003 0.8856361156249999 0.4024778765625 0.8876880984375 0.40884955781250004 0.88823529375 0.41415929218749997 0.8879616968749999
1 0.4184070796875 0.898084815625 0.42035398281249997 0.8935704515625 0.41911504375 0.890971271875 0.415929203125 0.8897400828125 0.41115044218749996 0.8890560875 0.4058407078125 0.8890560875 0.40070796406250003 0.8915184671875 0.40176991093750003 0.8975376203125001 0.4058407078125 0.898768809375 0.412566371875 0.9002735984375001 0.4184070796875 0.898084815625
1 0.5647787609375 0.8800273593749999 0.568495575 0.8767441859374999 0.5661946906249999 0.8729138171875 0.5603539828125 0.8712722296875001 0.553451328125 0.8711354312499999 0.5500884953125 0.8734610125 0.5499115046874999 0.878522571875 0.5532743359375 0.8797537625 0.5594690265625 0.8798905609375 0.5647787609375 0.8800273593749999
1 0.5669026546875 0.8865937078125 0.5683185843749999 0.8822161421875 0.564424778125 0.8804377562499999 0.5584070796875 0.8796169624999999 0.55238938125 0.8797537625 0.5507964609375 0.8805745546875 0.5500884953125 0.8812585500000001 0.5500884953125 0.8853625171875 0.5530973453125 0.8876880984375 0.5612389375 0.887824896875 0.5669026546875 0.8865937078125
1 0.5656637171875001 0.8946648421875001 0.5681415921874999 0.891792065625 0.5658407078125001 0.8879616968749999 0.5624778765625 0.8874145 0.5561061953124999 0.8870041046875 0.5530973453125 0.8870041046875 0.5497345124999999 0.8890560875 0.5500884953125 0.89302325625 0.5520353984375 0.89603283125 0.56088495625 0.8958960328125001 0.5656637171875001 0.8946648421875001
1 0.5638938046875 0.9027359781250001 0.5663716812499999 0.9001367984374999 0.5676106187500001 0.8974008203125001 0.5642477875 0.8953488374999999 0.56088495625 0.8949384406249999 0.552566371875 0.8949384406249999 0.5497345124999999 0.89603283125 0.5500884953125 0.9010943906250001 0.5539823015625001 0.9027359781250001 0.5592920359375 0.9027359781250001 0.5638938046875 0.9027359781250001
1 0.7127433625 0.8904240765625 0.7161061953125001 0.8879616968749999 0.7166371687499999 0.8845417234375 0.7141592921875 0.8827633374999999 0.7104424781249999 0.8826265390625 0.7005309734375 0.8831737343749999 0.6985840703124999 0.8842681265625 0.6982300890625 0.8842681265625 0.6984070796874999 0.8893296859375001 0.70212389375 0.890560875 0.707433628125 0.890971271875 0.7127433625 0.8904240765625
1 0.7141592921875 0.8829001375000001 0.7164601765625 0.8796169624999999 0.7162831859375001 0.876196990625 0.71486725625 0.8755129953124999 0.7088495578125 0.87428180625 0.70336283125 0.87428180625 0.6985840703124999 0.8760601921875001 0.6984070796874999 0.8815321484374999 0.7049557515625 0.8831737343749999 0.7099115046875 0.8834473328125 0.7141592921875 0.8829001375000001
0 0.18446833437500001 0.1240234375 0.1857318171875 0.126953125 0.2110014515625 0.126953125 0.212264934375 0.1259765625 0.212264934375 0.1240234375 0.20847448906250002 0.12109375 0.18825878125 0.12109375 0.18446833437500001 0.1240234375
0 0.26659465 0.16015625 0.25648679531249996 0.16015625 0.25522331249999997 0.1611328125 0.25522331249999997 0.1650390625 0.25648679531249996 0.166015625 0.26659465 0.166015625 0.2691216125 0.16796875 0.279229465625 0.16796875 0.2804929484375 0.1669921875 0.2804929484375 0.1630859375 0.279229465625 0.162109375 0.2691216125 0.162109375 0.26659465 0.16015625
0 0.358828815625 0.1220703125 0.358828815625 0.1259765625 0.360092296875 0.126953125 0.38283497031249997 0.126953125 0.3840984515625 0.1259765625 0.3840984515625 0.1220703125 0.38283497031249997 0.12109375 0.360092296875 0.12109375 0.358828815625 0.1220703125
0 0.44095512968749995 0.16015625 0.4283203125 0.16015625 0.42705682968750003 0.1611328125 0.42705682968750003 0.1630859375 0.4308472765625 0.166015625 0.44095512968749995 0.166015625 0.44348209375 0.16796875 0.45106298437500003 0.16796875 0.452326465625 0.1669921875 0.452326465625 0.1630859375 0.45106298437500003 0.162109375 0.44348209375 0.162109375 0.44095512968749995 0.16015625
0 0.533189296875 0.1240234375 0.53697974375 0.126953125 0.5622493765625001 0.126953125 0.5635128609375 0.1259765625 0.5635128609375 0.1240234375 0.5597224140625 0.12109375 0.53697974375 0.12109375 0.533189296875 0.1240234375
0 0.8768563328125 0.1220703125 0.8768563328125 0.1259765625 0.8781198140625 0.126953125 0.90338945 0.126953125 0.90465293125 0.1259765625 0.90465293125 0.1240234375 0.9008624875000001 0.12109375 0.8781198140625 0.12109375 0.8768563328125 0.1220703125
0 0.13519254687499999 0.29296875 0.1579352171875 0.29296875 0.1591987015625 0.2919921875 0.1579352171875 0.2890625 0.13519254687499999 0.2890625 0.133929065625 0.2900390625 0.13519254687499999 0.29296875
0 0.3373496265625 0.2890625 0.31966088125000003 0.2890625 0.3183974 0.2900390625 0.3183974 0.2939453125 0.31966088125000003 0.294921875 0.3322956984375 0.294921875 0.3348226640625 0.29296875 0.3373496265625 0.294921875 0.341140071875 0.2939453125 0.3436670359375 0.2919921875 0.3436670359375 0.2900390625 0.3398765890625 0.287109375 0.3373496265625 0.2890625
0 0.37778104218749997 0.28515625 0.3676731890625 0.28515625 0.36640970624999997 0.2861328125 0.36640970624999997 0.2900390625 0.3676731890625 0.291015625 0.3803080046875 0.291015625 0.38283497031249997 0.29296875 0.3929428234375 0.29296875 0.3942063046875 0.2919921875 0.3942063046875 0.2880859375 0.3929428234375 0.287109375 0.3803080046875 0.287109375 0.37778104218749997 0.28515625
0 0.70827871875 0.3125404296875 0.7118481578125 0.3125404296875 0.7128679984375 0.3072197546875 0.71082831875 0.30603738125 0.7039443999999999 0.30603738125 0.7039443999999999 0.304855009375 0.6965505609375 0.30446088437499996 0.6960406421875 0.3034755765625 0.6863521640625 0.3036726375 0.68584224375 0.309190375 0.696805521875 0.31076687187499996 0.7013948 0.31175218125000004 0.70827871875 0.3125404296875
0 0.8834728109375 0.3078921859375 0.8836891890624999 0.3065542515625 0.8984029171874999 0.3060525265625 0.898835675 0.3007007875 0.8819581624999999 0.30086802968750004 0.8819581624999999 0.30237320625 0.8743849203125 0.30237320625 0.874601296875 0.304045625 0.8704901093749999 0.30354389843749996 0.87027373125 0.304045625 0.8704901093749999 0.30956460468749997 0.8750340546875 0.3088956375 0.8748176765625001 0.30839391250000003 0.8834728109375 0.3078921859375
0 0.1288751375 0.4716796875 0.1288751375 0.4755859375 0.13013861875 0.4765625 0.140246475 0.4765625 0.1427734375 0.474609375 0.1453004015625 0.4765625 0.150354328125 0.4765625 0.151617809375 0.4755859375 0.151617809375 0.4716796875 0.14782736406250002 0.46875 0.132665584375 0.46875 0.1288751375 0.4716796875
0 0.58372856875 0.4580078125 0.5875190124999999 0.4609375 0.6052077578125 0.4609375 0.6064712390625 0.4599609375 0.6064712390625 0.4560546875 0.6052077578125 0.455078125 0.5875190124999999 0.455078125 0.58372856875 0.4580078125
0 0.7378733421875 0.4560546875 0.7378733421875 0.4599609375 0.7391368234375 0.4609375 0.756825565625 0.4609375 0.7580890484375 0.4599609375 0.7606160125 0.4580078125 0.756825565625 0.455078125 0.7391368234375 0.455078125 0.7378733421875 0.4560546875
0 0.8098917999999999 0.490234375 0.804837871875 0.490234375 0.8023109093749999 0.48828125 0.7985204640625 0.4892578125 0.7985204640625 0.4931640625 0.799783946875 0.494140625 0.8023109093749999 0.494140625 0.804837871875 0.49609375 0.8149457281249999 0.49609375 0.8174726906249999 0.498046875 0.8187361734374999 0.4970703125 0.8212631359375001 0.4951171875 0.8199996546874999 0.4921875 0.8124187640624999 0.4921875 0.8098917999999999 0.490234375
0 0.1629891453125 0.6328125 0.1554082546875 0.6328125 0.1528812921875 0.634765625 0.14782736406250002 0.634765625 0.14150995625 0.6396484375 0.1453004015625 0.642578125 0.1490908453125 0.6416015625 0.150354328125 0.640625 0.1579352171875 0.640625 0.166779590625 0.6357421875 0.1629891453125 0.6328125
0 0.4636978015625 0.638671875 0.4649612828125 0.6376953125 0.4649612828125 0.6337890625 0.4636978015625 0.6328125 0.45864387500000003 0.6328125 0.4561169109375 0.634765625 0.448536021875 0.634765625 0.44221861249999994 0.6376953125 0.44221861249999994 0.6396484375 0.44600905625 0.642578125 0.44979950312500006 0.6416015625 0.45106298437500003 0.640625 0.4561169109375 0.640625 0.45864387500000003 0.638671875 0.4636978015625 0.638671875
0 0.595099903125 0.638671875 0.5976268671875 0.63671875 0.6127886484375 0.63671875 0.6153156109375 0.634765625 0.6228965015625 0.634765625 0.626686946875 0.6318359375 0.6228965015625 0.62890625 0.6153156109375 0.62890625 0.6127886484375 0.630859375 0.6026807921875 0.630859375 0.6001538296875 0.6328125 0.5799381218749999 0.6328125 0.577411159375 0.634765625 0.5673033046875 0.634765625 0.5609858953125 0.6396484375 0.5647763421875001 0.642578125 0.5685667859375 0.6416015625 0.56983026875 0.640625 0.5799381218749999 0.640625 0.582465084375 0.638671875 0.595099903125 0.638671875
0 0.7467177125 0.625 0.7429272671875 0.6279296875 0.7441907484375 0.630859375 0.751771640625 0.630859375 0.754298603125 0.6328125 0.75935253125 0.6328125 0.76187949375 0.634765625 0.7656699390624999 0.6337890625 0.7656699390624999 0.6298828125 0.75935253125 0.626953125 0.7492446765625 0.626953125 0.7467177125 0.625
0 0.9059164125000001 0.626953125 0.8932815968750001 0.626953125 0.8869641875 0.6298828125 0.8882276687499999 0.6328125 0.8983355218750001 0.6328125 0.8995990046875001 0.6318359375 0.9008624875000001 0.630859375 0.9059164125000001 0.630859375 0.9071798953125001 0.6279296875 0.9059164125000001 0.626953125
0 0.974144428125 0.626953125 0.928659084375 0.626953125 0.927395603125 0.6279296875 0.9311860484375 0.630859375 0.9488747921874999 0.630859375 0.9514017562499999 0.6328125 0.974144428125 0.6328125 0.9766713906250001 0.634765625 0.98677924375 0.634765625 0.988042728125 0.6337890625 0.988042728125 0.6298828125 0.98677924375 0.62890625 0.9766713906250001 0.62890625 0.974144428125 0.626953125
0 0.617842575 0.80078125 0.6191060562499999 0.7998046875 0.6191060562499999 0.7958984375 0.6153156109375 0.794921875 0.6127886484375 0.796875 0.6052077578125 0.796875 0.6026807921875 0.798828125 0.5976268671875 0.798828125 0.596363384375 0.7998046875 0.596363384375 0.8037109375 0.5976268671875 0.8046875 0.6014173109375001 0.8037109375 0.6026807921875 0.802734375 0.610261684375 0.802734375 0.6127886484375 0.80078125 0.617842575 0.80078125