1 0.38536193281250003 0.19140625 0.3815714890625 0.1943359375 0.3815714890625 0.1962890625 0.38536193281250003 0.19921875 0.3904158609375 0.19921875 0.3916793421875 0.1982421875 0.3916793421875 0.1962890625 0.3942063046875 0.1943359375 0.3929428234375 0.19140625 0.38536193281250003 0.19140625
1 0.41063156875000006 0.193359375 0.404314159375 0.1982421875 0.404314159375 0.2001953125 0.4081046046875 0.203125 0.41189505000000004 0.2021484375 0.4169489765625 0.1982421875 0.4169489765625 0.1962890625 0.41315853125 0.193359375 0.41063156875000006 0.193359375
1 0.4308472765625 0.19140625 0.42705682968750003 0.1943359375 0.42705682968750003 0.1962890625 0.4308472765625 0.19921875 0.4346377203125 0.1982421875 0.43969164843749997 0.1962890625 0.43969164843749997 0.1923828125 0.438428165625 0.19140625 0.4308472765625 0.19140625
1 0.4561169109375 0.17578125 0.452326465625 0.1787109375 0.452326465625 0.1826171875 0.45358994687500004 0.18359375 0.4611708375 0.18359375 0.4624343203125 0.1826171875 0.4624343203125 0.1806640625 0.4649612828125 0.1787109375 0.4636978015625 0.17578125 0.4561169109375 0.17578125
1 0.4775961015625 0.1767578125 0.4775961015625 0.1826171875 0.47885958281249996 0.18359375 0.48391350937500005 0.18359375 0.485176990625 0.1826171875 0.49023091875 0.1787109375 0.48644047187500006 0.17578125 0.47885958281249996 0.17578125 0.4775961015625 0.1767578125
1 0.5243449250000001 0.19140625 0.5205544796875 0.1943359375 0.5205544796875 0.1962890625 0.5243449250000001 0.19921875 0.529398853125 0.19921875 0.530662334375 0.1982421875 0.530662334375 0.1962890625 0.533189296875 0.1943359375 0.531925815625 0.19140625 0.5243449250000001 0.19140625
1 0.5647763421875001 0.1953125 0.5609858953125 0.2001953125 0.5647763421875001 0.203125 0.5685667859375 0.2021484375 0.5736207125 0.2001953125 0.5736207125 0.1962890625 0.57235723125 0.1953125 0.5647763421875001 0.1953125
1 0.6077347203125 0.197265625 0.6039442765625 0.2001953125 0.6039442765625 0.2041015625 0.6077347203125 0.20703125 0.611525165625 0.2060546875 0.61657909375 0.2021484375 0.61657909375 0.2001953125 0.6127886484375 0.197265625 0.6077347203125 0.197265625
1 0.6494296171875 0.2001953125 0.6494296171875 0.2041015625 0.6506931015624999 0.205078125 0.6582739906249999 0.205078125 0.659537471875 0.2041015625 0.659537471875 0.1982421875 0.6582739906249999 0.197265625 0.6532200640625 0.197265625 0.6494296171875 0.2001953125
1 0.706286296875 0.197265625 0.7024958515625 0.2001953125 0.7024958515625 0.2041015625 0.7037593328125 0.205078125 0.711340225 0.205078125 0.71260370625 0.2041015625 0.71260370625 0.2021484375 0.71513066875 0.2001953125 0.711340225 0.197265625 0.706286296875 0.197265625
1 0.7479811953125 0.1826171875 0.7479811953125 0.1865234375 0.7492446765625 0.1875 0.754298603125 0.1875 0.7555620843749999 0.1865234375 0.7606160125 0.1826171875 0.756825565625 0.1796875 0.751771640625 0.1796875 0.7479811953125 0.1826171875
1 0.7757777921875 0.1845703125 0.7757777921875 0.1904296875 0.777041275 0.19140625 0.7820952015625 0.19140625 0.7833586828125 0.1904296875 0.7884126109375 0.1845703125 0.7871491296875 0.18359375 0.777041275 0.18359375 0.7757777921875 0.1845703125
1 0.799783946875 0.1796875 0.7959935015624999 0.1826171875 0.7959935015624999 0.1865234375 0.7972569828125 0.1875 0.804837871875 0.1875 0.8061013562499999 0.1865234375 0.8061013562499999 0.1845703125 0.80862831875 0.1826171875 0.8073648375 0.1796875 0.799783946875 0.1796875
1 0.8250535812500001 0.171875 0.8212631359375001 0.1767578125 0.8250535812500001 0.1796875 0.8301075078125001 0.1796875 0.8313709890625001 0.1787109375 0.8338979546875 0.1767578125 0.8338979546875 0.1728515625 0.8326344718750001 0.171875 0.8250535812500001 0.171875
1 0.85285018125 0.171875 0.849059734375 0.1767578125 0.849059734375 0.1787109375 0.850323215625 0.1796875 0.85790410625 0.1796875 0.8591675890625 0.1787109375 0.8616945515625 0.1767578125 0.8616945515625 0.1728515625 0.8604310703125 0.171875 0.85285018125 0.171875
1 0.8945450781250001 0.2041015625 0.895808559375 0.205078125 0.9059164125000001 0.205078125 0.9071798953125001 0.2041015625 0.9071798953125001 0.1982421875 0.9059164125000001 0.197265625 0.9008624875000001 0.197265625 0.8945450781250001 0.2041015625
1 0.168043071875 0.296875 0.1617256640625 0.2998046875 0.1617256640625 0.3037109375 0.165516109375 0.306640625 0.1693065546875 0.3056640625 0.17436048125 0.3017578125 0.17436048125 0.2998046875 0.1705700359375 0.296875 0.168043071875 0.296875
1 0.20973797031250002 0.2724609375 0.20973797031250002 0.2783203125 0.2110014515625 0.279296875 0.216055378125 0.279296875 0.2173188609375 0.2783203125 0.22237278749999997 0.2744140625 0.2185823421875 0.271484375 0.2110014515625 0.271484375 0.20973797031250002 0.2724609375
1 0.25395983125 0.271484375 0.2501693859375 0.2744140625 0.2501693859375 0.2763671875 0.25395983125 0.279296875 0.25901375781249997 0.279296875 0.260277240625 0.2783203125 0.262804203125 0.2763671875 0.262804203125 0.2724609375 0.261540721875 0.271484375 0.25395983125 0.271484375
1 0.3019721375 0.275390625 0.2981816921875 0.2783203125 0.2981816921875 0.2822265625 0.2994451734375 0.283203125 0.3044991015625 0.283203125 0.3057625828125 0.2822265625 0.308289546875 0.2802734375 0.308289546875 0.2763671875 0.307026065625 0.275390625 0.3019721375 0.275390625
1 0.357565334375 0.279296875 0.3537748890625 0.2822265625 0.3537748890625 0.2841796875 0.357565334375 0.287109375 0.36135578125 0.2861328125 0.36640970624999997 0.2841796875 0.36640970624999997 0.2802734375 0.365146225 0.279296875 0.357565334375 0.279296875
1 0.3790445234375 0.2861328125 0.3790445234375 0.2900390625 0.3803080046875 0.291015625 0.38536193281250003 0.291015625 0.3866254140625 0.2900390625 0.3916793421875 0.2861328125 0.387888896875 0.283203125 0.38283497031249997 0.283203125 0.3790445234375 0.2861328125
1 0.4081046046875 0.28515625 0.401787196875 0.2880859375 0.401787196875 0.2939453125 0.40305067812499995 0.294921875 0.4081046046875 0.294921875 0.40936808750000003 0.2939453125 0.4144220140625 0.2900390625 0.4144220140625 0.2880859375 0.41063156875000006 0.28515625 0.4081046046875 0.28515625
1 0.4245298671875 0.2724609375 0.4283203125 0.275390625 0.4333742390625 0.275390625 0.4346377203125 0.2744140625 0.43969164843749997 0.2705078125 0.43590120312499997 0.267578125 0.4308472765625 0.267578125 0.4245298671875 0.2724609375
1 0.4561169109375 0.267578125 0.452326465625 0.2705078125 0.452326465625 0.2744140625 0.45358994687500004 0.275390625 0.4611708375 0.275390625 0.4624343203125 0.2744140625 0.4649612828125 0.2724609375 0.4649612828125 0.2705078125 0.4611708375 0.267578125 0.4561169109375 0.267578125
1 0.47885958281249996 0.271484375 0.4775961015625 0.2724609375 0.4775961015625 0.2783203125 0.47885958281249996 0.279296875 0.48391350937500005 0.279296875 0.485176990625 0.2783203125 0.48770395468750005 0.2763671875 0.48770395468750005 0.2724609375 0.48644047187500006 0.271484375 0.47885958281249996 0.271484375
1 0.5117101078124999 0.267578125 0.5079196625 0.2705078125 0.5079196625 0.2744140625 0.5091831453125 0.275390625 0.5167640359375001 0.275390625 0.5180275171875001 0.2744140625 0.5205544796875 0.2724609375 0.5205544796875 0.2705078125 0.5167640359375001 0.267578125 0.5117101078124999 0.267578125
1 0.5635128609375 0.2685546875 0.5597224140625 0.265625 0.5521415234375 0.267578125 0.548351078125 0.2705078125 0.548351078125 0.2744140625 0.5521415234375 0.27734375 0.5534050046875 0.2763671875 0.5546684875000001 0.275390625 0.5597224140625 0.275390625 0.5635128609375 0.2705078125 0.5635128609375 0.2685546875
1 0.6140521296875 0.2705078125 0.6140521296875 0.2724609375 0.617842575 0.275390625 0.6228965015625 0.275390625 0.6241599843750001 0.2744140625 0.629213909375 0.2705078125 0.6254234656250001 0.267578125 0.617842575 0.267578125 0.6140521296875 0.2705078125
1 0.66585488125 0.275390625 0.6620644359375001 0.2783203125 0.6620644359375001 0.2822265625 0.6633279171875001 0.283203125 0.670908809375 0.283203125 0.6721722906250001 0.2822265625 0.674699253125 0.2802734375 0.674699253125 0.2763671875 0.673435771875 0.275390625 0.66585488125 0.275390625
1 0.6949149609374999 0.2822265625 0.6949149609374999 0.2841796875 0.6987054078125 0.287109375 0.7024958515625 0.2861328125 0.707549778125 0.2822265625 0.706286296875 0.279296875 0.6987054078125 0.279296875 0.6949149609374999 0.2822265625
1 0.7492446765625 0.275390625 0.74545423125 0.2783203125 0.74545423125 0.2822265625 0.7467177125 0.283203125 0.751771640625 0.283203125 0.753035121875 0.2822265625 0.7555620843749999 0.2802734375 0.7555620843749999 0.2763671875 0.754298603125 0.275390625 0.7492446765625 0.275390625
1 0.7871491296875 0.275390625 0.7833586828125 0.2783203125 0.7833586828125 0.2822265625 0.7846221640625 0.283203125 0.79220305625 0.283203125 0.7934665375 0.2822265625 0.7934665375 0.2802734375 0.7959935015624999 0.2783203125 0.79220305625 0.275390625 0.7871491296875 0.275390625
1 0.8111552812499999 0.2861328125 0.8111552812499999 0.2900390625 0.8124187640624999 0.291015625 0.8174726906249999 0.291015625 0.8187361734374999 0.2900390625 0.8237900984375001 0.2861328125 0.8225266171875001 0.283203125 0.8149457281249999 0.283203125 0.8111552812499999 0.2861328125
1 0.84147884375 0.2822265625 0.84147884375 0.2841796875 0.8452692890625 0.287109375 0.849059734375 0.2861328125 0.8541136625 0.2822265625 0.85285018125 0.279296875 0.8452692890625 0.279296875 0.84147884375 0.2822265625
1 0.901702928125 0.2862194421875 0.9042263484375 0.285244246875 0.9059086296875 0.283456390625 0.9061189171875 0.28101840624999996 0.9044366343749999 0.2782553578125 0.90128235625 0.2774426953125 0.8968663687499999 0.278092825 0.8941326609375 0.2793930828125 0.8928709484375 0.280368278125 0.8922400937500001 0.285081715625 0.893922375 0.287032103125 0.8968663687499999 0.287194634375 0.901702928125 0.2862194421875
1 0.1629891453125 0.37109375 0.1591987015625 0.3740234375 0.1591987015625 0.3779296875 0.1604621828125 0.37890625 0.165516109375 0.37890625 0.166779590625 0.3779296875 0.1693065546875 0.3759765625 0.1693065546875 0.3720703125 0.168043071875 0.37109375 0.1629891453125 0.37109375
1 0.1857318171875 0.375 0.18446833437500001 0.3759765625 0.18446833437500001 0.3818359375 0.1857318171875 0.3828125 0.19078574375 0.3828125 0.192049225 0.3818359375 0.19457618906250002 0.3798828125 0.19457618906250002 0.3759765625 0.1933127078125 0.375 0.1857318171875 0.375
1 0.20594752500000002 0.37890625 0.2021570796875 0.3818359375 0.2021570796875 0.3857421875 0.2034205609375 0.38671875 0.2110014515625 0.38671875 0.212264934375 0.3857421875 0.214791896875 0.3837890625 0.214791896875 0.3798828125 0.213528415625 0.37890625 0.20594752500000002 0.37890625
1 0.22489975 0.3798828125 0.22489975 0.3857421875 0.22616323437500002 0.38671875 0.231217159375 0.38671875 0.232480640625 0.3857421875 0.23500760468749998 0.3837890625 0.23500760468749998 0.3798828125 0.231217159375 0.376953125 0.22489975 0.3798828125
1 0.257599365625 0.38715202031249996 0.2592816484375 0.38585176250000003 0.260333075 0.3842264390625 0.26075364375 0.3790254046875 0.25339366406249997 0.3787003390625 0.2500290984375 0.3795130015625 0.2477159625 0.3817884546875 0.24708510625 0.3850391015625 0.2477159625 0.3873145546875 0.2552862296875 0.38763961875 0.257599365625 0.38715202031249996
1 0.2741755390625 0.3828125 0.27291205625 0.3837890625 0.27291205625 0.3896484375 0.2741755390625 0.390625 0.279229465625 0.390625 0.2804929484375 0.3896484375 0.285546875 0.3857421875 0.285546875 0.3837890625 0.2842833921875 0.3828125 0.2741755390625 0.3828125
1 0.29439124843750003 0.390625 0.2906008015625 0.3955078125 0.29439124843750003 0.3984375 0.2994451734375 0.3984375 0.30070865625 0.3974609375 0.30323561875 0.3955078125 0.30323561875 0.3896484375 0.3019721375 0.388671875 0.29439124843750003 0.390625
1 0.3221878453125 0.39453125 0.31966088125000003 0.39453125 0.3158704375 0.3974609375 0.3158704375 0.3994140625 0.31966088125000003 0.40234375 0.32471480937499997 0.40234375 0.325978290625 0.4013671875 0.32850525468749997 0.3994140625 0.32850525468749997 0.3955078125 0.32471480937499997 0.392578125 0.3221878453125 0.39453125
1 0.357565334375 0.396484375 0.3537748890625 0.3994140625 0.3537748890625 0.4052734375 0.355038371875 0.40625 0.360092296875 0.40625 0.36135578125 0.4052734375 0.36388274374999996 0.4033203125 0.36388274374999996 0.3974609375 0.3626192625 0.396484375 0.357565334375 0.396484375
1 0.40052371249999996 0.3828125 0.39673326875 0.3857421875 0.39673326875 0.3896484375 0.39799675 0.390625 0.40557764062499996 0.390625 0.406841121875 0.3896484375 0.40936808750000003 0.3876953125 0.40936808750000003 0.3837890625 0.4081046046875 0.3828125 0.40052371249999996 0.3828125
1 0.438428165625 0.37109375 0.4346377203125 0.3759765625 0.438428165625 0.37890625 0.44348209375 0.37890625 0.44474557499999995 0.3779296875 0.44727253749999996 0.3759765625 0.44727253749999996 0.3720703125 0.44600905625 0.37109375 0.438428165625 0.37109375
1 0.48391350937500005 0.36328125 0.48012306406249994 0.3662109375 0.48012306406249994 0.3701171875 0.48138654531249997 0.37109375 0.48644047187500006 0.37109375 0.48770395468750005 0.3701171875 0.4914944 0.369140625 0.49275788125000003 0.3662109375 0.48896743750000005 0.36328125 0.48391350937500005 0.36328125
1 0.50665618125 0.3671875 0.500338771875 0.3720703125 0.501602253125 0.375 0.5091831453125 0.375 0.5104466265625 0.3740234375 0.5129735890625 0.3720703125 0.5129735890625 0.3681640625 0.5117101078124999 0.3671875 0.50665618125 0.3671875
1 0.5875190124999999 0.3671875 0.58372856875 0.3720703125 0.58372856875 0.3740234375 0.58499205 0.375 0.5925729390625001 0.375 0.5938364218750001 0.3740234375 0.596363384375 0.3720703125 0.596363384375 0.3681640625 0.595099903125 0.3671875 0.5875190124999999 0.3671875
1 0.627950428125 0.37890625 0.6241599843750001 0.3818359375 0.6241599843750001 0.3857421875 0.6254234656250001 0.38671875 0.6304773921875 0.38671875 0.631740875 0.3857421875 0.6342678375 0.3837890625 0.6342678375 0.3798828125 0.6330043562500001 0.37890625 0.627950428125 0.37890625
1 0.6557470265625 0.3828125 0.6519565828125 0.3857421875 0.6519565828125 0.3896484375 0.6532200640625 0.390625 0.6608009546875 0.390625 0.6620644359375001 0.3896484375 0.6645914 0.3876953125 0.6645914 0.3837890625 0.6633279171875001 0.3828125 0.6557470265625 0.3828125
1 0.6860705890625 0.37890625 0.6848071078125 0.3798828125 0.6848071078125 0.3857421875 0.6860705890625 0.38671875 0.6911245171875 0.38671875 0.6923879984375 0.3857421875 0.6949149609374999 0.3837890625 0.6949149609374999 0.3798828125 0.6936514796875 0.37890625 0.6860705890625 0.37890625
1 0.7820952015625 0.37109375 0.7783047578125 0.3740234375 0.7783047578125 0.3759765625 0.7820952015625 0.37890625 0.7871491296875 0.37890625 0.7884126109375 0.3779296875 0.7909395734375 0.3759765625 0.7909395734375 0.3720703125 0.7896760921875 0.37109375 0.7820952015625 0.37109375
1 0.8098917999999999 0.37109375 0.8061013562499999 0.3740234375 0.8061013562499999 0.3779296875 0.8073648375 0.37890625 0.8149457281249999 0.37890625 0.816209209375 0.3779296875 0.816209209375 0.3759765625 0.8187361734374999 0.3740234375 0.8149457281249999 0.37109375 0.8098917999999999 0.37109375
1 0.8739452812499999 0.3796755328125 0.8766789875000001 0.3777251453125 0.8781509843749999 0.375612225 0.8787818406250001 0.372199046875 0.8762584171875 0.3695985296875 0.8703704312499999 0.3695985296875 0.866795584375 0.3708987875 0.865113303125 0.372849175 0.8649030171875 0.3780502109375 0.8649030171875 0.379838065625 0.8710012890625001 0.3803256640625 0.8739452812499999 0.3796755328125
1 0.6936514796875 0.466796875 0.6873340703124999 0.4716796875 0.6911245171875 0.474609375 0.6961784421874999 0.474609375 0.697441925 0.4736328125 0.6999688890625 0.4716796875 0.6999688890625 0.4677734375 0.6987054078125 0.466796875 0.6936514796875 0.466796875
1 0.723975040625 0.466796875 0.720184596875 0.4697265625 0.720184596875 0.4736328125 0.721448078125 0.474609375 0.72902896875 0.474609375 0.73029245 0.4736328125 0.73029245 0.4716796875 0.7328194140625001 0.4697265625 0.72902896875 0.466796875 0.723975040625 0.466796875
1 0.754298603125 0.466796875 0.7479811953125 0.4716796875 0.751771640625 0.474609375 0.756825565625 0.474609375 0.7580890484375 0.4736328125 0.7606160125 0.4716796875 0.7606160125 0.4677734375 0.75935253125 0.466796875 0.754298603125 0.466796875
1 0.7808317203125 0.4697265625 0.7808317203125 0.4736328125 0.7820952015625 0.474609375 0.7896760921875 0.474609375 0.7909395734375 0.4736328125 0.7909395734375 0.4677734375 0.7896760921875 0.466796875 0.7846221640625 0.466796875 0.7808317203125 0.4697265625
1 0.8477962531250001 0.466796875 0.8440058078125 0.4697265625 0.8440058078125 0.4736328125 0.8452692890625 0.474609375 0.85285018125 0.474609375 0.8541136625 0.4736328125 0.856640625 0.4716796875 0.856640625 0.4697265625 0.85285018125 0.466796875 0.8477962531250001 0.466796875
1 0.8247385453125 0.4754070796875 0.826841396875 0.47426935312499996 0.8283133921875001 0.4728065609375 0.8289442484375 0.47053110781249996 0.8278928234375 0.4671179296875 0.8257899703125 0.46630526874999995 0.8205328406250001 0.46728046250000005 0.8165374218749999 0.4689057859375 0.8152757109375001 0.4737817546875 0.8163271359375001 0.47573214375 0.8207431250000001 0.47605720781249994 0.8247385453125 0.4754070796875
1 0.9042263484375 0.4754070796875 0.9042263484375 0.47443188437500006 0.9061189171875 0.47345669062500007 0.9061189171875 0.47215643281249997 0.9080114828125 0.4708561734375 0.90822176875 0.4680931234375 0.9065394875000001 0.467930590625 0.9059086296875 0.46646780000000004 0.8993897890625 0.4666303328125 0.8974972234375 0.4676055265625 0.89560465625 0.4684181890625 0.8935018031249999 0.46923085000000003 0.8935018031249999 0.4736192234375 0.8945532296875 0.47589467656249995 0.9023337828125 0.47605720781249994 0.9042263484375 0.4754070796875
1 0.165516109375 0.56640625 0.1642526265625 0.5673828125 0.1642526265625 0.5732421875 0.165516109375 0.57421875 0.1705700359375 0.57421875 0.17183351875 0.5732421875 0.17436048125 0.5712890625 0.17436048125 0.5673828125 0.173097 0.56640625 0.165516109375 0.56640625
1 0.192049225 0.5673828125 0.192049225 0.5732421875 0.1933127078125 0.57421875 0.198366634375 0.57421875 0.19963011718749998 0.5732421875 0.20468404218749997 0.5693359375 0.2008935984375 0.56640625 0.1933127078125 0.56640625 0.192049225 0.5673828125
1 0.22363626874999998 0.5546875 0.2173188609375 0.5595703125 0.2173188609375 0.5615234375 0.22110930624999997 0.564453125 0.22616323437500002 0.564453125 0.227426715625 0.5634765625 0.232480640625 0.5595703125 0.232480640625 0.5576171875 0.228690196875 0.5546875 0.22363626874999998 0.5546875
1 0.3057625828125 0.5751953125 0.3057625828125 0.5810546875 0.307026065625 0.58203125 0.31207999062499997 0.58203125 0.313343471875 0.5810546875 0.3183974 0.5771484375 0.31460695625 0.57421875 0.307026065625 0.57421875 0.3057625828125 0.5751953125
1 0.25801993749999996 0.5737391406250001 0.260543359375 0.5729264781250001 0.26096393125 0.57048849375 0.261174215625 0.5649623953125 0.25339366406249997 0.5647998624999999 0.2523422375 0.566262653125 0.2496085296875 0.56675025 0.24897767499999998 0.5695133015625 0.2479262484375 0.5696758328125 0.2479262484375 0.5734140765625 0.2496085296875 0.5748768671875 0.2565479421875 0.5748768671875 0.25801993749999996 0.5737391406250001
1 0.290824428125 0.5742267390625 0.292296425 0.5734140765625 0.29208613906249997 0.571788753125 0.2935581359375 0.5716262203125 0.29376842187499996 0.568375575 0.2927169953125 0.56675025 0.2899832875 0.5654499921875 0.284515871875 0.565124928125 0.28241301875 0.56675025 0.2798895984375 0.5688631703125 0.2798895984375 0.572763946875 0.2807307375 0.5747143359375 0.290193571875 0.5750394 0.290824428125 0.5742267390625
1 0.3461939984375 0.5849609375 0.3461939984375 0.5869140625 0.34998444375000004 0.58984375 0.3537748890625 0.5888671875 0.358828815625 0.5849609375 0.357565334375 0.58203125 0.34998444375000004 0.58203125 0.3461939984375 0.5849609375
1 0.3929428234375 0.578125 0.38915237812500003 0.5830078125 0.3929428234375 0.5859375 0.39799675 0.5859375 0.39926023125 0.5849609375 0.401787196875 0.5830078125 0.401787196875 0.5791015625 0.40052371249999996 0.578125 0.3929428234375 0.578125
1 0.41821245781250005 0.57421875 0.4144220140625 0.5771484375 0.4144220140625 0.5810546875 0.41568549531250004 0.58203125 0.4232663859375 0.58203125 0.4245298671875 0.5810546875 0.42705682968750003 0.5791015625 0.42705682968750003 0.5751953125 0.4257933484375 0.57421875 0.41821245781250005 0.57421875
1 0.44600905625 0.5703125 0.44221861249999994 0.5732421875 0.44221861249999994 0.5771484375 0.44348209375 0.578125 0.45106298437500003 0.578125 0.452326465625 0.5771484375 0.45485342968750003 0.5751953125 0.45485342968750003 0.5732421875 0.45106298437500003 0.5703125 0.44600905625 0.5703125
1 0.4674882453125 0.5654296875 0.4674882453125 0.5693359375 0.4687517296875 0.5703125 0.47633261875 0.5703125 0.4775961015625 0.5693359375 0.4775961015625 0.5634765625 0.47633261875 0.5625 0.47127869218749996 0.5625 0.4674882453125 0.5654296875
1 0.50510504375 0.5709760921875 0.5048947593750001 0.5701634296875 0.5065770406250001 0.5693507671875 0.506787325 0.568050509375 0.508259321875 0.567075315625 0.5080490375 0.5639872015625 0.5057359015625 0.5639872015625 0.5042639046875 0.5620368124999999 0.498586203125 0.5617117484375 0.4990067734375 0.5631745390625 0.496903921875 0.563337071875 0.49438049843750004 0.5656125234375 0.49438049843750004 0.5693507671875 0.49732449218749997 0.5719512859375 0.5040536171875 0.5716262203125 0.50510504375 0.5709760921875
1 0.5268718890625 0.587890625 0.52308144375 0.5908203125 0.52308144375 0.5947265625 0.5268718890625 0.59765625 0.5281353703125 0.5966796875 0.533189296875 0.5947265625 0.533189296875 0.5888671875 0.531925815625 0.587890625 0.5268718890625 0.587890625
1 0.5597224140625 0.58203125 0.5559319687500001 0.5849609375 0.5559319687500001 0.5869140625 0.5597224140625 0.58984375 0.5647763421875001 0.58984375 0.5660398234375 0.5888671875 0.5685667859375 0.5830078125 0.5647763421875001 0.580078125 0.5622493765625001 0.58203125 0.5597224140625 0.58203125
1 0.6159253437500001 0.588692115625 0.6159253437500001 0.5878794546874999 0.617817909375 0.5865791953125 0.6171870546875 0.5800779031250001 0.6102476421875 0.5799153687499999 0.6104579296875 0.5813781609374999 0.6083550765625 0.5813781609374999 0.6060419390625 0.5825158874999999 0.6052007984375 0.5836536140625 0.6056213687499999 0.5880419859375 0.6066727953125 0.5888546484375 0.6117196390624999 0.5888546484375 0.6159253437500001 0.588692115625
1 0.7694603843750001 0.5625 0.7656699390624999 0.5654296875 0.7656699390624999 0.5693359375 0.766933421875 0.5703125 0.7745143109375 0.5703125 0.7757777921875 0.5693359375 0.7757777921875 0.5673828125 0.7783047578125 0.5654296875 0.7745143109375 0.5625 0.7694603843750001 0.5625
1 0.79220305625 0.5625 0.7884126109375 0.5654296875 0.7884126109375 0.5693359375 0.7896760921875 0.5703125 0.7972569828125 0.5703125 0.7985204640625 0.5693359375 0.801047428125 0.5673828125 0.801047428125 0.5654296875 0.7972569828125 0.5625 0.79220305625 0.5625
1 0.8149457281249999 0.5625 0.80862831875 0.5673828125 0.8124187640624999 0.5703125 0.8174726906249999 0.5703125 0.8187361734374999 0.5693359375 0.8212631359375001 0.5673828125 0.8212631359375001 0.5634765625 0.8199996546874999 0.5625 0.8149457281249999 0.5625
1 0.8376883984375001 0.5625 0.8338979546875 0.5654296875 0.8338979546875 0.5693359375 0.8351614359375 0.5703125 0.842742325 0.5703125 0.8440058078125 0.5693359375 0.846532771875 0.5673828125 0.846532771875 0.5654296875 0.842742325 0.5625 0.8376883984375001 0.5625
1 0.867636725 0.5709760921875 0.867636725 0.5693507671875 0.8688984359375 0.568050509375 0.8688984359375 0.5654499921875 0.8678470109375 0.5641497328125 0.8672161546874999 0.5625244109375 0.8613281687500001 0.5621993453125 0.8598561734375 0.5631745390625 0.858804746875 0.564312265625 0.85691218125 0.565124928125 0.856491609375 0.5691882359375 0.8577533203125001 0.57211381875 0.865113303125 0.5714636875 0.867636725 0.5709760921875
1 0.8895063859375 0.5709760921875 0.8909783828125001 0.570000896875 0.8922400937500001 0.5682130421875 0.8924503781249999 0.5646373312499999 0.890768096875 0.5641497328125 0.8901372406249999 0.562361878125 0.883828684375 0.5621993453125 0.883828684375 0.563337071875 0.8813052625 0.5636621374999999 0.8813052625 0.5647998624999999 0.8792024109375 0.5654499921875 0.8794126953125 0.5691882359375 0.8808846921875 0.5714636875 0.888454959375 0.571788753125 0.8895063859375 0.5709760921875
1 0.1629891453125 0.662109375 0.1591987015625 0.6650390625 0.1591987015625 0.6689453125 0.1629891453125 0.671875 0.1642526265625 0.6708984375 0.1693065546875 0.6689453125 0.1693065546875 0.6630859375 0.168043071875 0.662109375 0.1629891453125 0.662109375
1 0.18320485312499998 0.662109375 0.179414409375 0.6650390625 0.179414409375 0.6689453125 0.18320485312499998 0.671875 0.1869952984375 0.6708984375 0.192049225 0.6669921875 0.192049225 0.6650390625 0.18825878125 0.662109375 0.18320485312499998 0.662109375
1 0.20468404218749997 0.6650390625 0.20468404218749997 0.6689453125 0.20594752500000002 0.669921875 0.213528415625 0.669921875 0.214791896875 0.6689453125 0.214791896875 0.6630859375 0.213528415625 0.662109375 0.20847448906250002 0.662109375 0.20468404218749997 0.6650390625
1 0.231217159375 0.662109375 0.229953678125 0.6630859375 0.227426715625 0.6689453125 0.231217159375 0.671875 0.232480640625 0.6708984375 0.24006153281249998 0.6689453125 0.24006153281249998 0.6630859375 0.23879804999999998 0.662109375 0.231217159375 0.662109375
1 0.2476424234375 0.6650390625 0.2476424234375 0.6689453125 0.2489059046875 0.669921875 0.25648679531249996 0.669921875 0.2577502765625 0.6689453125 0.2577502765625 0.6630859375 0.25648679531249996 0.662109375 0.2514328671875 0.662109375 0.2476424234375 0.6650390625
1 0.276702503125 0.666015625 0.27291205625 0.6689453125 0.27291205625 0.6728515625 0.2741755390625 0.673828125 0.28175642968750003 0.673828125 0.2830199109375 0.6728515625 0.2830199109375 0.6708984375 0.285546875 0.6689453125 0.28175642968750003 0.666015625 0.276702503125 0.666015625
1 0.2994451734375 0.669921875 0.2956547296875 0.6728515625 0.2956547296875 0.6767578125 0.29691821093750004 0.677734375 0.3044991015625 0.677734375 0.3057625828125 0.6767578125 0.308289546875 0.6748046875 0.308289546875 0.6728515625 0.3044991015625 0.669921875 0.2994451734375 0.669921875
1 0.3158704375 0.6650390625 0.3158704375 0.6689453125 0.31713391875 0.669921875 0.32471480937499997 0.669921875 0.325978290625 0.6689453125 0.325978290625 0.6630859375 0.32471480937499997 0.662109375 0.31966088125000003 0.662109375 0.3158704375 0.6650390625
1 0.3626192625 0.662109375 0.357565334375 0.662109375 0.3537748890625 0.6669921875 0.3537748890625 0.6689453125 0.357565334375 0.671875 0.358828815625 0.6708984375 0.3626192625 0.669921875 0.36640970624999997 0.6669921875 0.36640970624999997 0.6650390625 0.3626192625 0.662109375
1 0.38283497031249997 0.666015625 0.3790445234375 0.6689453125 0.3790445234375 0.6728515625 0.3803080046875 0.673828125 0.387888896875 0.673828125 0.38915237812500003 0.6728515625 0.38915237812500003 0.6708984375 0.3916793421875 0.6689453125 0.387888896875 0.666015625 0.38283497031249997 0.666015625
1 0.40557764062499996 0.669921875 0.401787196875 0.6728515625 0.401787196875 0.6767578125 0.40305067812499995 0.677734375 0.41063156875000006 0.677734375 0.41189505000000004 0.6767578125 0.41189505000000004 0.6748046875 0.4144220140625 0.6728515625 0.41063156875000006 0.669921875 0.40557764062499996 0.669921875
1 0.42705682968750003 0.6650390625 0.42705682968750003 0.6689453125 0.4283203125 0.669921875 0.43590120312499997 0.669921875 0.437164684375 0.6689453125 0.437164684375 0.6630859375 0.43590120312499997 0.662109375 0.4308472765625 0.662109375 0.42705682968750003 0.6650390625
1 0.4561169109375 0.662109375 0.452326465625 0.6650390625 0.452326465625 0.6689453125 0.45864387500000003 0.671875 0.45990735625 0.6708984375 0.4649612828125 0.6669921875 0.4649612828125 0.6650390625 0.4611708375 0.662109375 0.4561169109375 0.662109375
1 0.48138654531249997 0.666015625 0.4775961015625 0.6689453125 0.4775961015625 0.6728515625 0.47885958281249996 0.673828125 0.48391350937500005 0.673828125 0.485176990625 0.6728515625 0.48770395468750005 0.6708984375 0.48770395468750005 0.6669921875 0.48644047187500006 0.666015625 0.48138654531249997 0.666015625
1 0.5091831453125 0.669921875 0.5053926984375 0.6728515625 0.5053926984375 0.6767578125 0.50665618125 0.677734375 0.5142370703125 0.677734375 0.5155005515625 0.6767578125 0.5180275171875001 0.6748046875 0.5180275171875001 0.6708984375 0.5167640359375001 0.669921875 0.5091831453125 0.669921875
1 0.5546684875000001 0.673828125 0.5508780421874999 0.6787109375 0.5508780421874999 0.6806640625 0.5521415234375 0.681640625 0.5597224140625 0.681640625 0.5609858953125 0.6806640625 0.5635128609375 0.6787109375 0.5635128609375 0.6748046875 0.5622493765625001 0.673828125 0.5546684875000001 0.673828125
1 0.6024047296874999 0.662556915625 0.6034158984375 0.66099381875 0.6046798625 0.6592353375 0.602910315625 0.6549368265625 0.597348878125 0.6541552796875 0.5927986109375001 0.6559137609375 0.5907762703125 0.6578676296875 0.590270684375 0.6617753671875 0.5935569890625 0.66353385 0.598612840625 0.6633384625 0.6024047296874999 0.662556915625
1 0.6271784015625 0.663143075 0.6294535359375 0.6617753671875 0.6299591203125 0.6588445640625 0.6281895734375 0.6551322140625 0.6246504765625 0.6545460515625 0.62111138125 0.6555229859375 0.6185834546875 0.656499921875 0.6175722828125 0.6578676296875 0.6155499437499999 0.658453790625 0.6160555296875 0.662361528125 0.6190890390625 0.663924621875 0.62237534375 0.6637292359375 0.6271784015625 0.663143075
1 0.660799815625 0.66353385 0.6615581921875 0.66157998125 0.6628221578125 0.659430725 0.6625693640625 0.6570860828125 0.6605470234374999 0.6541552796875 0.6559967578125 0.6537645046875 0.6537216234375001 0.6547414390624999 0.651193696875 0.656304534375 0.6491713578125 0.6580630171874999 0.6496769421875 0.6619707531250001 0.6522048687499999 0.663924621875 0.6577663046875 0.6637292359375 0.660799815625 0.66353385
1 0.6848151109375 0.6633384625 0.6855734890625 0.66157998125 0.6870902437499999 0.659430725 0.6870902437499999 0.6568906953125 0.6853206968750001 0.6549368265625 0.682792771875 0.654350665625 0.6805176375 0.6547414390624999 0.6769785421875001 0.656499921875 0.674450615625 0.6580630171874999 0.674450615625 0.6619707531250001 0.67773691875 0.663924621875 0.6807704296875 0.6637292359375 0.6848151109375 0.6633384625
1 0.1642526265625 0.7568359375 0.1642526265625 0.7607421875 0.168043071875 0.763671875 0.1693065546875 0.7626953125 0.17436048125 0.7607421875 0.17436048125 0.7568359375 0.1705700359375 0.75390625 0.1642526265625 0.7568359375
1 0.19963011718749998 0.7607421875 0.2008935984375 0.76171875 0.20847448906250002 0.76171875 0.20973797031250002 0.7607421875 0.20973797031250002 0.7568359375 0.20594752500000002 0.75390625 0.19963011718749998 0.7568359375 0.19963011718749998 0.7607421875
1 0.2337441234375 0.76171875 0.227426715625 0.7666015625 0.231217159375 0.76953125 0.23627108749999998 0.76953125 0.23753456874999998 0.7685546875 0.24006153281249998 0.7666015625 0.24006153281249998 0.7626953125 0.23879804999999998 0.76171875 0.2337441234375 0.76171875
1 0.2577502765625 0.7626953125 0.2577502765625 0.7646484375 0.261540721875 0.767578125 0.26533116562500003 0.7666015625 0.27038509374999997 0.7626953125 0.2691216125 0.759765625 0.261540721875 0.759765625 0.2577502765625 0.7626953125
1 0.310816509375 0.7607421875 0.310816509375 0.7646484375 0.31460695625 0.767578125 0.3183974 0.7666015625 0.323451328125 0.7607421875 0.31966088125000003 0.7578125 0.31460695625 0.7578125 0.310816509375 0.7607421875
1 0.3537748890625 0.7568359375 0.3537748890625 0.7607421875 0.357565334375 0.763671875 0.358828815625 0.7626953125 0.36388274374999996 0.7607421875 0.36388274374999996 0.7568359375 0.360092296875 0.75390625 0.3537748890625 0.7568359375
1 0.3803080046875 0.7578125 0.3739905984375 0.7607421875 0.3739905984375 0.7646484375 0.37778104218749997 0.767578125 0.3815714890625 0.7666015625 0.3866254140625 0.7626953125 0.3866254140625 0.7607421875 0.38283497031249997 0.7578125 0.3803080046875 0.7578125
1 0.40305067812499995 0.76171875 0.39673326875 0.7646484375 0.39673326875 0.7685546875 0.39799675 0.76953125 0.40557764062499996 0.76953125 0.406841121875 0.7685546875 0.40936808750000003 0.7666015625 0.40936808750000003 0.7646484375 0.40557764062499996 0.76171875 0.40305067812499995 0.76171875
1 0.4220029046875 0.7646484375 0.4220029046875 0.7685546875 0.4232663859375 0.76953125 0.4308472765625 0.76953125 0.43211075781249997 0.7685546875 0.43211075781249997 0.7626953125 0.4308472765625 0.76171875 0.4257933484375 0.76171875 0.4220029046875 0.7646484375
1 0.448536021875 0.76171875 0.44221861249999994 0.7666015625 0.44348209375 0.76953125 0.45106298437500003 0.76953125 0.452326465625 0.7685546875 0.45485342968750003 0.7666015625 0.45485342968750003 0.7646484375 0.45106298437500003 0.76171875 0.448536021875 0.76171875
1 0.4674882453125 0.7685546875 0.4674882453125 0.7724609375 0.4687517296875 0.7734375 0.47633261875 0.7734375 0.4775961015625 0.7724609375 0.4775961015625 0.7666015625 0.47633261875 0.765625 0.47127869218749996 0.765625 0.4674882453125 0.7685546875
1 0.4940213625 0.7734375 0.49023091875 0.7763671875 0.49023091875 0.7802734375 0.4914944 0.78125 0.499075290625 0.78125 0.500338771875 0.7802734375 0.500338771875 0.7783203125 0.5028657359375 0.7763671875 0.499075290625 0.7734375 0.4940213625 0.7734375
1 0.5142370703125 0.77734375 0.5079196625 0.7822265625 0.5117101078124999 0.78515625 0.5167640359375001 0.78515625 0.5180275171875001 0.7841796875 0.5205544796875 0.7822265625 0.5205544796875 0.7783203125 0.5192909984375 0.77734375 0.5142370703125 0.77734375
1 0.5496145609374999 0.78125 0.545824115625 0.7861328125 0.5496145609374999 0.7890625 0.5546684875000001 0.7890625 0.5559319687500001 0.7880859375 0.5584589328125 0.7861328125 0.5584589328125 0.7822265625 0.5571954515625 0.78125 0.5496145609374999 0.78125
1 0.5913094578125 0.7705078125 0.5925729390625001 0.7734375 0.6026807921875 0.7734375 0.6039442765625 0.7724609375 0.6039442765625 0.7666015625 0.6026807921875 0.765625 0.5976268671875 0.765625 0.5913094578125 0.7705078125
1 0.6405852453125 0.75390625 0.6380582828125 0.75390625 0.631740875 0.7568359375 0.631740875 0.7626953125 0.6330043562500001 0.763671875 0.6367948 0.7626953125 0.6405852453125 0.76171875 0.6443756921875 0.7587890625 0.6443756921875 0.7568359375 0.6405852453125 0.75390625
1 0.670908809375 0.748046875 0.6671183625 0.7509765625 0.6671183625 0.7529296875 0.670908809375 0.755859375 0.675962734375 0.755859375 0.677226215625 0.7548828125 0.68228014375 0.7509765625 0.68228014375 0.7490234375 0.6784896984375 0.74609375 0.670908809375 0.748046875
1 0.7037593328125 0.75 0.697441925 0.7548828125 0.697441925 0.7568359375 0.7012323703125001 0.759765625 0.706286296875 0.759765625 0.707549778125 0.7587890625 0.7100767421875 0.7568359375 0.7100767421875 0.7529296875 0.706286296875 0.75 0.7037593328125 0.75
1 0.777041275 0.75 0.7707238656250001 0.7568359375 0.7745143109375 0.759765625 0.7795682390625001 0.759765625 0.7808317203125 0.7587890625 0.7833586828125 0.7568359375 0.7833586828125 0.7529296875 0.7795682390625001 0.75 0.777041275 0.75
1 0.8124187640624999 0.76171875 0.80862831875 0.7646484375 0.80862831875 0.7685546875 0.8098917999999999 0.76953125 0.8149457281249999 0.76953125 0.816209209375 0.7685546875 0.8187361734374999 0.7666015625 0.8187361734374999 0.7626953125 0.8174726906249999 0.76171875 0.8124187640624999 0.76171875
1 0.8326344718750001 0.765625 0.8288440265625001 0.7685546875 0.8288440265625001 0.7724609375 0.8301075078125001 0.7734375 0.8376883984375001 0.7734375 0.8389518796875001 0.7724609375 0.84147884375 0.7705078125 0.84147884375 0.7666015625 0.8402153625000001 0.765625 0.8326344718750001 0.765625
1 0.862958034375 0.76171875 0.856640625 0.7646484375 0.856640625 0.7685546875 0.85790410625 0.76953125 0.865484996875 0.76953125 0.8667484796875 0.7685546875 0.8692754421875 0.7666015625 0.8692754421875 0.7646484375 0.865484996875 0.76171875 0.862958034375 0.76171875
1 0.19078574375 0.8515625 0.1869952984375 0.8544921875 0.18825878125 0.857421875 0.19078574375 0.857421875 0.1933127078125 0.859375 0.19457618906250002 0.8583984375 0.19963011718749998 0.8564453125 0.19963011718749998 0.8525390625 0.198366634375 0.8515625 0.19078574375 0.8515625
1 0.2185823421875 0.849609375 0.212264934375 0.8544921875 0.213528415625 0.857421875 0.22110930624999997 0.857421875 0.22237278749999997 0.8564453125 0.22489975 0.8544921875 0.22489975 0.8525390625 0.22110930624999997 0.849609375 0.2185823421875 0.849609375
1 0.2691216125 0.849609375 0.26533116562500003 0.8525390625 0.26533116562500003 0.8583984375 0.26659465 0.859375 0.27038509374999997 0.8583984375 0.27543902187499997 0.8564453125 0.27543902187499997 0.8505859375 0.2741755390625 0.849609375 0.2691216125 0.849609375
1 0.3335591828125 0.8544921875 0.3348226640625 0.857421875 0.3424035546875 0.857421875 0.3436670359375 0.8564453125 0.3461939984375 0.8544921875 0.3461939984375 0.8525390625 0.3424035546875 0.849609375 0.3335591828125 0.8544921875
1 0.360092296875 0.853515625 0.356301853125 0.8564453125 0.356301853125 0.8603515625 0.357565334375 0.861328125 0.365146225 0.861328125 0.36640970624999997 0.8603515625 0.36640970624999997 0.8583984375 0.3689366703125 0.8564453125 0.365146225 0.853515625 0.360092296875 0.853515625
1 0.38283497031249997 0.857421875 0.3765175609375 0.8623046875 0.37778104218749997 0.865234375 0.38536193281250003 0.865234375 0.3866254140625 0.8642578125 0.38915237812500003 0.8623046875 0.38915237812500003 0.8603515625 0.38536193281250003 0.857421875 0.38283497031249997 0.857421875
1 0.4081046046875 0.849609375 0.401787196875 0.8525390625 0.401787196875 0.8564453125 0.40557764062499996 0.859375 0.40936808750000003 0.8583984375 0.4144220140625 0.8544921875 0.4144220140625 0.8525390625 0.41063156875000006 0.849609375 0.4081046046875 0.849609375
1 0.433286490625 0.8591161171874999 0.43733117187500004 0.855403765625 0.437078378125 0.8520821906249999 0.4355616234375 0.849737546875 0.43202252812499997 0.8491513859375001 0.42823063906250003 0.8501283203125001 0.42469154218750005 0.8524729625 0.4241859578125 0.8581391828125 0.4267138828125 0.8595068906250001 0.43050577187499994 0.8595068906250001 0.433286490625 0.8591161171874999
1 0.5117101078124999 0.857421875 0.5053926984375 0.8603515625 0.5053926984375 0.8642578125 0.50665618125 0.865234375 0.5142370703125 0.865234375 0.5155005515625 0.8642578125 0.5180275171875001 0.8623046875 0.5180275171875001 0.8603515625 0.5142370703125 0.857421875 0.5117101078124999 0.857421875
1 0.531925815625 0.861328125 0.5281353703125 0.8642578125 0.5281353703125 0.8681640625 0.529398853125 0.869140625 0.53697974375 0.869140625 0.538243225 0.8681640625 0.5407701874999999 0.8662109375 0.5407701874999999 0.8623046875 0.53950670625 0.861328125 0.531925815625 0.861328125
1 0.5546684875000001 0.853515625 0.5508780421874999 0.8564453125 0.5508780421874999 0.8603515625 0.5521415234375 0.861328125 0.5597224140625 0.861328125 0.5609858953125 0.8603515625 0.5635128609375 0.8583984375 0.5635128609375 0.8544921875 0.5622493765625001 0.853515625 0.5546684875000001 0.853515625
1 0.49218716249999994 0.8602884390625001 0.493956709375 0.857943796875 0.493451125 0.8555991531249999 0.4904176140625 0.8534498968750001 0.4853617625 0.8542314453125 0.48182266562500004 0.855794540625 0.4810642890625 0.8606792125 0.4851089703125 0.8628284671875001 0.490164821875 0.8626330812499999 0.49218716249999994 0.8602884390625001
1 0.5796533968750001 0.8626330812499999 0.5842036640625 0.8612653734375 0.586226003125 0.8600930515625 0.5885011359375001 0.857943796875 0.5859732109375 0.8534498968750001 0.5836980781250001 0.8526683500000001 0.578389434375 0.853840671875 0.573586375 0.8561853140625001 0.574091959375 0.861460759375 0.573586375 0.8628284671875001 0.5761143015625 0.8628284671875001 0.5796533968750001 0.8626330812499999
0 0.44095512968749995 0.220703125 0.44348209375 0.21875 0.45106298437500003 0.21875 0.452326465625 0.2177734375 0.452326465625 0.2138671875 0.45106298437500003 0.212890625 0.43590120312499997 0.212890625 0.4333742390625 0.21484375 0.41821245781250005 0.21484375 0.41568549531250004 0.216796875 0.39799675 0.216796875 0.3954697875 0.21875 0.38283497031249997 0.21875 0.3815714890625 0.2197265625 0.3815714890625 0.2236328125 0.38283497031249997 0.224609375 0.40052371249999996 0.224609375 0.401787196875 0.2236328125 0.40305067812499995 0.22265625 0.420739421875 0.22265625 0.4232663859375 0.220703125 0.44095512968749995 0.220703125
0 0.8098917999999999 0.208984375 0.8124187640624999 0.20703125 0.8225266171875001 0.20703125 0.8237900984375001 0.2060546875 0.8237900984375001 0.2021484375 0.8225266171875001 0.201171875 0.8098917999999999 0.201171875 0.8073648375 0.203125 0.79220305625 0.203125 0.7896760921875 0.205078125 0.766933421875 0.205078125 0.7644064562499999 0.20703125 0.751771640625 0.20703125 0.7479811953125 0.2099609375 0.7492446765625 0.212890625 0.7745143109375 0.212890625 0.7757777921875 0.2119140625 0.777041275 0.2109375 0.79220305625 0.2109375 0.7947300187499999 0.208984375 0.8098917999999999 0.208984375
0 0.41063156875000006 0.3125 0.41315853125 0.310546875 0.4257933484375 0.310546875 0.42705682968750003 0.3095703125 0.42705682968750003 0.3056640625 0.4257933484375 0.3046875 0.41315853125 0.3046875 0.41063156875000006 0.306640625 0.39799675 0.306640625 0.3954697875 0.30859375 0.3752540796875 0.30859375 0.372727115625 0.310546875 0.357565334375 0.310546875 0.3537748890625 0.3134765625 0.355038371875 0.31640625 0.3752540796875 0.31640625 0.3765175609375 0.3154296875 0.37778104218749997 0.314453125 0.3929428234375 0.314453125 0.3954697875 0.3125 0.41063156875000006 0.3125
0 0.6810166625 0.30078125 0.6633279171875001 0.30078125 0.6620644359375001 0.3017578125 0.6620644359375001 0.3056640625 0.6633279171875001 0.306640625 0.673435771875 0.306640625 0.675962734375 0.30859375 0.6961784421874999 0.30859375 0.697441925 0.3076171875 0.697441925 0.3056640625 0.6936514796875 0.302734375 0.683543625 0.302734375 0.6810166625 0.30078125
0 0.7947300187499999 0.3046875 0.7846221640625 0.3046875 0.7833586828125 0.3056640625 0.7833586828125 0.3095703125 0.7846221640625 0.310546875 0.7947300187499999 0.310546875 0.7972569828125 0.3125 0.8124187640624999 0.3125 0.8136822453124999 0.3115234375 0.8136822453124999 0.3095703125 0.8098917999999999 0.306640625 0.7972569828125 0.306640625 0.7947300187499999 0.3046875
0 0.20594752500000002 0.40234375 0.2034205609375 0.400390625 0.18825878125 0.400390625 0.1857318171875 0.3984375 0.173097 0.3984375 0.1705700359375 0.396484375 0.1604621828125 0.396484375 0.1591987015625 0.3974609375 0.1591987015625 0.4013671875 0.1604621828125 0.40234375 0.168043071875 0.40234375 0.1705700359375 0.404296875 0.18320485312499998 0.404296875 0.1857318171875 0.40625 0.2008935984375 0.40625 0.2034205609375 0.408203125 0.22363626874999998 0.408203125 0.22489975 0.4072265625 0.22363626874999998 0.404296875 0.2185823421875 0.404296875 0.216055378125 0.40234375 0.20594752500000002 0.40234375
0 0.29691821093750004 0.416015625 0.279229465625 0.416015625 0.276702503125 0.4140625 0.261540721875 0.4140625 0.25901375781249997 0.412109375 0.2489059046875 0.412109375 0.2476424234375 0.4130859375 0.2476424234375 0.4150390625 0.2514328671875 0.41796875 0.26659465 0.41796875 0.2691216125 0.419921875 0.28175642968750003 0.419921875 0.2842833921875 0.421875 0.2994451734375 0.421875 0.3019721375 0.423828125 0.31713391875 0.423828125 0.3183974 0.4228515625 0.3183974 0.4208984375 0.31460695625 0.41796875 0.2994451734375 0.41796875 0.29691821093750004 0.416015625
0 0.48644047187500006 0.388671875 0.48138654531249997 0.388671875 0.48012306406249994 0.3896484375 0.48012306406249994 0.3935546875 0.48644047187500006 0.396484375 0.4940213625 0.396484375 0.496548328125 0.3984375 0.501602253125 0.3984375 0.5028657359375 0.3974609375 0.5028657359375 0.3935546875 0.496548328125 0.390625 0.48896743750000005 0.390625 0.48644047187500006 0.388671875
0 0.63553131875 0.404296875 0.6228965015625 0.404296875 0.62163301875 0.4052734375 0.62163301875 0.4072265625 0.6254234656250001 0.41015625 0.6330043562500001 0.41015625 0.63553131875 0.412109375 0.6532200640625 0.412109375 0.6544835453125 0.4111328125 0.6544835453125 0.4091796875 0.6481661359374999 0.40625 0.6380582828125 0.40625 0.63553131875 0.404296875
0 0.7808317203125 0.4970703125 0.7795682390625001 0.4921875 0.689861034375 0.4931640625 0.6911245171875 0.498046875 0.7808317203125 0.4970703125
0 0.43590120312499997 0.60546875 0.438428165625 0.603515625 0.4561169109375 0.603515625 0.45864387500000003 0.6015625 0.4662247640625 0.6015625 0.4674882453125 0.5966796875 0.4662247640625 0.595703125 0.45106298437500003 0.595703125 0.448536021875 0.59765625 0.4333742390625 0.59765625 0.4308472765625 0.599609375 0.41315853125 0.599609375 0.41063156875000006 0.6015625 0.3929428234375 0.6015625 0.38915237812500003 0.6044921875 0.38915237812500003 0.6064453125 0.3929428234375 0.609375 0.39673326875 0.6083984375 0.39799675 0.607421875 0.41568549531250004 0.607421875 0.41821245781250005 0.60546875 0.43590120312499997 0.60546875
0 0.1629891453125 0.59765625 0.2489059046875 0.59765625 0.2501693859375 0.5966796875 0.2489059046875 0.591796875 0.1629891453125 0.591796875 0.1617256640625 0.5927734375 0.1629891453125 0.59765625
0 0.7656699390624999 0.5888671875 0.7656699390624999 0.5927734375 0.766933421875 0.59375 0.8326344718750001 0.59375 0.8338979546875 0.5927734375 0.8364249171875 0.5908203125 0.8326344718750001 0.587890625 0.766933421875 0.587890625 0.7656699390624999 0.5888671875
0 0.24511545781250002 0.6982421875 0.2489059046875 0.701171875 0.31460695625 0.701171875 0.3158704375 0.7001953125 0.3158704375 0.6962890625 0.31460695625 0.6953125 0.2489059046875 0.6953125 0.24511545781250002 0.6982421875
0 0.3537748890625 0.6962890625 0.3537748890625 0.7001953125 0.355038371875 0.701171875 0.4257933484375 0.701171875 0.42705682968750003 0.7001953125 0.42705682968750003 0.6962890625 0.4257933484375 0.6953125 0.355038371875 0.6953125 0.3537748890625 0.6962890625
0 0.1591987015625 0.6884765625 0.1591987015625 0.6923828125 0.1604621828125 0.693359375 0.228690196875 0.693359375 0.229953678125 0.6923828125 0.229953678125 0.6884765625 0.228690196875 0.6875 0.1604621828125 0.6875 0.1591987015625 0.6884765625
0 0.610261684375 0.681640625 0.6077347203125 0.6796875 0.6026807921875 0.6796875 0.6001538296875 0.681640625 0.5976268671875 0.681640625 0.595099903125 0.6796875 0.5913094578125 0.6806640625 0.5913094578125 0.6845703125 0.5925729390625001 0.685546875 0.617842575 0.685546875 0.6191060562499999 0.6845703125 0.6191060562499999 0.6826171875 0.6153156109375 0.6796875 0.6127886484375 0.6796875 0.610261684375 0.681640625
0 0.216055378125 0.78515625 0.2008935984375 0.78515625 0.19963011718749998 0.7861328125 0.19963011718749998 0.7880859375 0.2034205609375 0.791015625 0.216055378125 0.791015625 0.2185823421875 0.79296875 0.228690196875 0.79296875 0.229953678125 0.7919921875 0.229953678125 0.7880859375 0.228690196875 0.787109375 0.2185823421875 0.787109375 0.216055378125 0.78515625
0 0.4081046046875 0.78515625 0.39799675 0.78515625 0.3954697875 0.783203125 0.37778104218749997 0.783203125 0.3752540796875 0.78125 0.3626192625 0.78125 0.360092296875 0.779296875 0.355038371875 0.779296875 0.351247925 0.7822265625 0.357565334375 0.787109375 0.3702001515625 0.787109375 0.372727115625 0.7890625 0.3904158609375 0.7890625 0.3929428234375 0.791015625 0.4081046046875 0.791015625 0.41063156875000006 0.79296875 0.420739421875 0.79296875 0.4220029046875 0.7919921875 0.4220029046875 0.7880859375 0.420739421875 0.787109375 0.41063156875000006 0.787109375 0.4081046046875 0.78515625
0 0.499075290625 0.80078125 0.48391350937500005 0.80078125 0.48138654531249997 0.798828125 0.4687517296875 0.798828125 0.4662247640625 0.796875 0.45106298437500003 0.796875 0.448536021875 0.794921875 0.44348209375 0.794921875 0.44221861249999994 0.7958984375 0.44221861249999994 0.7998046875 0.44348209375 0.80078125 0.45106298437500003 0.80078125 0.45358994687500004 0.802734375 0.4687517296875 0.802734375 0.47127869218749996 0.8046875 0.48391350937500005 0.8046875 0.48644047187500006 0.806640625 0.501602253125 0.806640625 0.5041292171875 0.80859375 0.5091831453125 0.80859375 0.5104466265625 0.8076171875 0.5104466265625 0.8037109375 0.5091831453125 0.802734375 0.501602253125 0.802734375 0.499075290625 0.80078125
0 0.6860705890625 0.7734375 0.673435771875 0.7734375 0.670908809375 0.771484375 0.6696453250000001 0.7724609375 0.6696453250000001 0.7763671875 0.673435771875 0.779296875 0.6810166625 0.779296875 0.683543625 0.78125 0.6987054078125 0.78125 0.6999688890625 0.7802734375 0.6999688890625 0.7763671875 0.6987054078125 0.775390625 0.6885975515625 0.775390625 0.6860705890625 0.7734375
0 0.8225266171875001 0.7890625 0.8124187640624999 0.7890625 0.8098917999999999 0.787109375 0.8061013562499999 0.7900390625 0.8124187640624999 0.794921875 0.8199996546874999 0.794921875 0.8225266171875001 0.796875 0.8301075078125001 0.796875 0.8313709890625001 0.7958984375 0.8313709890625001 0.7919921875 0.8301075078125001 0.791015625 0.8250535812500001 0.791015625 0.8225266171875001 0.7890625
0 0.3335591828125 0.8857421875 0.3373496265625 0.888671875 0.40052371249999996 0.888671875 0.401787196875 0.8876953125 0.401787196875 0.8837890625 0.40052371249999996 0.8828125 0.3373496265625 0.8828125 0.3335591828125 0.8857421875
0 0.482650028125 0.8876953125 0.482650028125 0.8916015625 0.48391350937500005 0.892578125 0.5521415234375 0.892578125 0.5534050046875 0.8916015625 0.5534050046875 0.8876953125 0.5521415234375 0.88671875 0.48391350937500005 0.88671875 0.482650028125 0.8876953125