1 0.1528812921875 0.1328125 0.1465638828125 0.1357421875 0.1465638828125 0.1396484375 0.14782736406250002 0.140625 0.1554082546875 0.140625 0.1566717359375 0.1396484375 0.1591987015625 0.1376953125 0.1591987015625 0.1357421875 0.1554082546875 0.1328125 0.1528812921875 0.1328125
1 0.150354328125 0.1484375 0.1465638828125 0.1513671875 0.1465638828125 0.1552734375 0.14782736406250002 0.15625 0.1554082546875 0.15625 0.1566717359375 0.1552734375 0.1591987015625 0.1533203125 0.1591987015625 0.1494140625 0.1579352171875 0.1484375 0.150354328125 0.1484375
1 0.18825878125 0.1328125 0.18446833437500001 0.1357421875 0.18446833437500001 0.1396484375 0.1857318171875 0.140625 0.19078574375 0.140625 0.192049225 0.1396484375 0.19457618906250002 0.1376953125 0.19457618906250002 0.1357421875 0.19078574375 0.1328125 0.18825878125 0.1328125
1 0.1857318171875 0.1484375 0.18446833437500001 0.1494140625 0.18446833437500001 0.1552734375 0.1857318171875 0.15625 0.19078574375 0.15625 0.192049225 0.1552734375 0.19457618906250002 0.1533203125 0.19457618906250002 0.1494140625 0.1933127078125 0.1484375 0.1857318171875 0.1484375
1 0.219845825 0.1357421875 0.219845825 0.1396484375 0.22110930624999997 0.140625 0.228690196875 0.140625 0.229953678125 0.1396484375 0.229953678125 0.1337890625 0.228690196875 0.1328125 0.22363626874999998 0.1328125 0.219845825 0.1357421875
1 0.22363626874999998 0.1484375 0.219845825 0.1513671875 0.219845825 0.1552734375 0.22110930624999997 0.15625 0.22616323437500002 0.15625 0.227426715625 0.1552734375 0.229953678125 0.1533203125 0.229953678125 0.1494140625 0.228690196875 0.1484375 0.22363626874999998 0.1484375
1 0.25522331249999997 0.1357421875 0.25522331249999997 0.1396484375 0.25648679531249996 0.140625 0.264067684375 0.140625 0.26533116562500003 0.1396484375 0.26533116562500003 0.1337890625 0.264067684375 0.1328125 0.25901375781249997 0.1328125 0.25522331249999997 0.1357421875
1 0.25901375781249997 0.1484375 0.25522331249999997 0.1513671875 0.25522331249999997 0.1552734375 0.25648679531249996 0.15625 0.264067684375 0.15625 0.26533116562500003 0.1552734375 0.26533116562500003 0.1533203125 0.26785813125 0.1513671875 0.264067684375 0.1484375 0.25901375781249997 0.1484375
1 0.3348226640625 0.1328125 0.32850525468749997 0.1376953125 0.3297687359375 0.140625 0.3322956984375 0.140625 0.3348226640625 0.142578125 0.33608614531250003 0.1416015625 0.341140071875 0.1396484375 0.341140071875 0.1337890625 0.3398765890625 0.1328125 0.3348226640625 0.1328125
1 0.372727115625 0.14453125 0.36640970624999997 0.1494140625 0.3676731890625 0.15234375 0.3702001515625 0.15234375 0.372727115625 0.154296875 0.3739905984375 0.1533203125 0.3790445234375 0.1494140625 0.3790445234375 0.1455078125 0.37778104218749997 0.14453125 0.372727115625 0.14453125
1 0.40052371249999996 0.15234375 0.3942063046875 0.1572265625 0.39799675 0.16015625 0.40305067812499995 0.16015625 0.404314159375 0.1591796875 0.406841121875 0.1572265625 0.406841121875 0.1552734375 0.40305067812499995 0.15234375 0.40052371249999996 0.15234375
1 0.430454628125 0.159947996875 0.4332839078125 0.157292609375 0.43409227499999997 0.15416862656250002 0.43166717656250003 0.151357040625 0.42782744062500005 0.1510446421875 0.424593978125 0.1522942359375 0.421966790625 0.154324825 0.4205521515625 0.158542203125 0.42317933906249994 0.159947996875 0.426210709375 0.1602603953125 0.430454628125 0.159947996875
1 0.4940213625 0.15234375 0.49023091875 0.1572265625 0.4940213625 0.16015625 0.499075290625 0.16015625 0.500338771875 0.1591796875 0.5028657359375 0.1572265625 0.5028657359375 0.1533203125 0.501602253125 0.15234375 0.4940213625 0.15234375
1 0.5546684875000001 0.1328125 0.5508780421874999 0.1357421875 0.5508780421874999 0.1396484375 0.5546684875000001 0.142578125 0.5559319687500001 0.1416015625 0.5609858953125 0.1396484375 0.5609858953125 0.1337890625 0.5597224140625 0.1328125 0.5546684875000001 0.1328125
1 0.5913094578125 0.1376953125 0.5925729390625001 0.138671875 0.5976268671875 0.138671875 0.5988903484375 0.1376953125 0.6039442765625 0.1337890625 0.5976268671875 0.12890625 0.5913094578125 0.1318359375 0.5913094578125 0.1376953125
1 0.6191060562499999 0.1357421875 0.6191060562499999 0.1396484375 0.6228965015625 0.142578125 0.626686946875 0.1416015625 0.631740875 0.1357421875 0.627950428125 0.1328125 0.6228965015625 0.1328125 0.6191060562499999 0.1357421875
1 0.6645914 0.1396484375 0.6645914 0.1435546875 0.66838184375 0.146484375 0.6721722906250001 0.1455078125 0.674699253125 0.1435546875 0.674699253125 0.1396484375 0.670908809375 0.13671875 0.6645914 0.1396484375
1 0.7088132609375 0.14453125 0.705022815625 0.1474609375 0.705022815625 0.1513671875 0.706286296875 0.15234375 0.711340225 0.15234375 0.71260370625 0.1513671875 0.71513066875 0.1494140625 0.71513066875 0.1455078125 0.7138671875 0.14453125 0.7088132609375 0.14453125
1 0.7366098578125 0.15234375 0.7328194140625001 0.1552734375 0.7328194140625001 0.1591796875 0.7340828953125 0.16015625 0.7416637859375 0.16015625 0.7429272671875 0.1591796875 0.74545423125 0.1572265625 0.74545423125 0.1552734375 0.7416637859375 0.15234375 0.7366098578125 0.15234375
1 0.766933421875 0.15234375 0.763142975 0.1552734375 0.763142975 0.1591796875 0.7644064562499999 0.16015625 0.7719873484375 0.16015625 0.7732508296875 0.1591796875 0.7757777921875 0.1572265625 0.7757777921875 0.1533203125 0.7745143109375 0.15234375 0.766933421875 0.15234375
1 0.8440058078125 0.1552734375 0.8440058078125 0.1591796875 0.8452692890625 0.16015625 0.85790410625 0.16015625 0.8591675890625 0.1591796875 0.8616945515625 0.1572265625 0.85537714375 0.15234375 0.8477962531250001 0.15234375 0.8440058078125 0.1552734375
1 0.1511213390625 0.2129014203125 0.1488316234375 0.2093619109375 0.144023215625 0.20493752656250003 0.139901725 0.20493752656250003 0.13394846093749999 0.2075921578125 0.13646714843750002 0.2130783953125 0.13921481093750002 0.2143172234375 0.1442521875 0.214140246875 0.1511213390625 0.2129014203125
1 0.1609671234375 0.20670727968749997 0.1609671234375 0.20352172343750002 0.1566166625 0.2013980171875 0.1527241421875 0.20086709218749998 0.1453970453125 0.20192894374999998 0.1442521875 0.2047605515625 0.1463129328125 0.20883098437499997 0.15249517031249998 0.20971586250000002 0.1573035765625 0.2093619109375 0.1609671234375 0.20670727968749997
1 0.1579904921875 0.22511272343750002 0.159822265625 0.22316599374999999 0.1607381515625 0.22033438749999998 0.1586774078125 0.2169718546875 0.1547848875 0.2162639515625 0.149289565625 0.21608697656250003 0.1458549890625 0.21679487968750003 0.14127555625 0.2180337078125 0.1421914421875 0.219095559375 0.1421914421875 0.2233429703125 0.1465419046875 0.2247587734375 0.15089236875 0.22511272343750002 0.1579904921875 0.22511272343750002
1 0.3297687359375 0.228515625 0.325978290625 0.2314453125 0.325978290625 0.2333984375 0.3297687359375 0.236328125 0.3398765890625 0.236328125 0.341140071875 0.2353515625 0.3436670359375 0.2333984375 0.3436670359375 0.2314453125 0.3398765890625 0.228515625 0.3297687359375 0.228515625
1 0.3422900125 0.22375262812500002 0.3440797640625 0.22064014843750002 0.3434086078125 0.21891099375 0.33826307187500004 0.21700892500000002 0.33222266093749997 0.21666309374999998 0.3293143125 0.2173547546875 0.3261822484375 0.218392246875 0.326629684375 0.223060965625 0.3306566265625 0.22444429062500001 0.337815634375 0.22496303593750003 0.3422900125 0.22375262812500002
1 0.338486790625 0.21787350156250002 0.341842575 0.216144346875 0.3438560453125 0.2114756296875 0.3402765421875 0.20957355781250003 0.3351310078125 0.2088818953125 0.3306566265625 0.20922772812499998 0.32752456093750004 0.20922772812499998 0.3259585296875 0.212167290625 0.326629684375 0.2147610234375 0.32953803125 0.2168360078125 0.3337886921875 0.2177005859375 0.338486790625 0.21787350156250002
1 0.6633279171875001 0.228515625 0.6620644359375001 0.2294921875 0.6620644359375001 0.2353515625 0.6633279171875001 0.236328125 0.673435771875 0.236328125 0.674699253125 0.2353515625 0.677226215625 0.2333984375 0.677226215625 0.2314453125 0.673435771875 0.228515625 0.6633279171875001 0.228515625
1 0.6763518875 0.22080166562499998 0.6790934828124999 0.2176231390625 0.6747069296875 0.21486841562499998 0.6697720546875 0.21380890625 0.66374054375 0.21402080781250002 0.6601764671875 0.21508031718749998 0.6599023078124999 0.219954059375 0.6664821390625 0.221861175 0.6727878109375001 0.2220730765625 0.6763518875 0.22080166562499998
1 0.689237390625 0.21359700625000003 0.687318275 0.209994675 0.6837541984375 0.2085113625 0.6793676421875 0.20893516562499997 0.6719653328125 0.209570871875 0.670320375 0.21084228125 0.6725136515625 0.21423271093750001 0.677174365625 0.216987434375 0.6818350796875 0.216987434375 0.6867699546875 0.21656363125000003 0.689237390625 0.21359700625000003
1 0.088443721875 0.3115234375 0.09223416875 0.314453125 0.0998150578125 0.314453125 0.1010785390625 0.3134765625 0.1010785390625 0.3076171875 0.0998150578125 0.306640625 0.09476113124999999 0.306640625 0.088443721875 0.3115234375
1 0.133929065625 0.3154296875 0.133929065625 0.3173828125 0.137719509375 0.3203125 0.14150995625 0.3193359375 0.1465638828125 0.3154296875 0.1453004015625 0.3125 0.137719509375 0.3125 0.133929065625 0.3154296875
1 0.1705700359375 0.318359375 0.1642526265625 0.3232421875 0.1642526265625 0.3251953125 0.168043071875 0.328125 0.17183351875 0.3271484375 0.17688744375 0.3251953125 0.17688744375 0.3212890625 0.173097 0.318359375 0.1705700359375 0.318359375
1 0.2008935984375 0.318359375 0.19457618906250002 0.3232421875 0.198366634375 0.328125 0.2021570796875 0.3271484375 0.20721100781250001 0.3251953125 0.20721100781250001 0.3193359375 0.20594752500000002 0.318359375 0.2008935984375 0.318359375
1 0.27543902187499997 0.3212890625 0.27543902187499997 0.3251953125 0.279229465625 0.328125 0.2804929484375 0.3271484375 0.285546875 0.3251953125 0.285546875 0.3212890625 0.28175642968750003 0.318359375 0.27543902187499997 0.3212890625
1 0.3158704375 0.3232421875 0.3158704375 0.3251953125 0.31966088125000003 0.328125 0.323451328125 0.3271484375 0.32850525468749997 0.3251953125 0.32850525468749997 0.3212890625 0.32471480937499997 0.318359375 0.3158704375 0.3232421875
1 0.360092296875 0.3046875 0.356301853125 0.3095703125 0.360092296875 0.3125 0.365146225 0.3125 0.36640970624999997 0.3115234375 0.3689366703125 0.3095703125 0.3689366703125 0.3056640625 0.3676731890625 0.3046875 0.360092296875 0.3046875
1 0.40557764062499996 0.306640625 0.39926023125 0.3115234375 0.40052371249999996 0.314453125 0.40305067812499995 0.314453125 0.40557764062499996 0.31640625 0.406841121875 0.3154296875 0.41189505000000004 0.3115234375 0.41189505000000004 0.3076171875 0.41063156875000006 0.306640625 0.40557764062499996 0.306640625
1 0.4636978015625 0.3125 0.4624343203125 0.3134765625 0.4624343203125 0.3173828125 0.4662247640625 0.3203125 0.4700152109375 0.3193359375 0.4750691359375 0.3154296875 0.4750691359375 0.3134765625 0.47380565468749997 0.3125 0.4636978015625 0.3125
1 0.5268718890625 0.314453125 0.52308144375 0.3173828125 0.52308144375 0.3212890625 0.529398853125 0.32421875 0.530662334375 0.3232421875 0.5357162625 0.3193359375 0.5357162625 0.3154296875 0.534452778125 0.314453125 0.5268718890625 0.314453125
1 0.5584589328125 0.3173828125 0.5584589328125 0.3212890625 0.5597224140625 0.322265625 0.5647763421875001 0.322265625 0.5660398234375 0.3212890625 0.57109375 0.3173828125 0.56983026875 0.314453125 0.5622493765625001 0.314453125 0.5584589328125 0.3173828125
1 0.6557470265625 0.314453125 0.6519565828125 0.3173828125 0.6519565828125 0.3212890625 0.6582739906249999 0.32421875 0.659537471875 0.3232421875 0.6671183625 0.3212890625 0.6671183625 0.3173828125 0.6633279171875001 0.314453125 0.6557470265625 0.314453125
1 0.8263170640625 0.3232421875 0.8263170640625 0.3251953125 0.8301075078125001 0.328125 0.8338979546875 0.3271484375 0.8389518796875001 0.3251953125 0.8389518796875001 0.3212890625 0.8351614359375 0.318359375 0.8263170640625 0.3232421875
1 0.8781198140625 0.318359375 0.8718024046874999 0.3212890625 0.8718024046874999 0.3251953125 0.8755928515625 0.328125 0.8793832953124999 0.3271484375 0.8844372234375 0.3232421875 0.8844372234375 0.3212890625 0.8806467781249999 0.318359375 0.8781198140625 0.318359375
1 0.9059164125000001 0.322265625 0.9021259687500001 0.3251953125 0.9021259687500001 0.3291015625 0.90338945 0.330078125 0.9109703390625 0.330078125 0.912233821875 0.3291015625 0.9147607859375 0.3271484375 0.9147607859375 0.3232421875 0.9134973046875 0.322265625 0.9059164125000001 0.322265625
1 0.9470342234375 0.327129940625 0.9441112781250001 0.32148197968750003 0.9417729218750001 0.32103014218750003 0.9353424421875 0.3228374890625 0.9324194968749999 0.32577443125 0.9332963812499999 0.3298409625 0.9400191546875 0.3314223921875 0.9446958671875001 0.3293891265625 0.9470342234375 0.327129940625
1 0.10288766875 0.38202812812500003 0.1043491421875 0.3786393515625 0.0987955453125 0.3743469015625 0.09236506562499999 0.37479873750000003 0.08622688125 0.3766060859375 0.08534999843749999 0.3799948625 0.08827294375 0.382705884375 0.094118834375 0.3845132328125 0.099380134375 0.383383640625 0.10288766875 0.38202812812500003
1 0.1040568453125 0.3894834375 0.1037645515625 0.385642825 0.099087840625 0.383383640625 0.09294965468750001 0.382931803125 0.086519175 0.3838354765625 0.084765409375 0.3863205796875 0.08739606093749999 0.3903871125 0.090026709375 0.3912907859375 0.09324194999999999 0.39174262187500003 0.09821095625000001 0.3910648671875 0.1040568453125 0.3894834375
1 0.10142619687500001 0.39716466562499997 0.10493373125000001 0.3942277265625 0.1025953734375 0.3919685421875 0.09821095625000001 0.3906130296875 0.0938265375 0.3906130296875 0.0879806484375 0.3919685421875 0.08622688125 0.3940018078125 0.0885652375 0.39761650312499996 0.092072771875 0.3987460953125 0.097334071875 0.3985201765625 0.10142619687500001 0.39716466562499997
1 0.2826487953125 0.383383640625 0.288786978125 0.3818022109375 0.28937156875 0.37841343437499997 0.2844025609375 0.37525057500000003 0.2782643765625 0.37457281875000004 0.27154160312500003 0.3768320046875 0.2712493078125 0.38022078125 0.2732953703125 0.3822540484375 0.2730030765625 0.3822540484375 0.276510609375 0.382931803125 0.2826487953125 0.383383640625
1 0.288494684375 0.3883538453125 0.28937156875 0.385642825 0.28206420468750004 0.38247996562500003 0.27534143125 0.382705884375 0.2712493078125 0.38473915000000003 0.270372425 0.3890316015625 0.27592602187500004 0.3915167046875 0.278848965625 0.3912907859375 0.2823564984375 0.39083895 0.288494684375 0.3883538453125
1 0.2993095828125 0.3955832359375 0.2975558140625 0.3919685421875 0.294340575 0.3903871125 0.2882023890625 0.39016119374999997 0.2841102671875 0.3910648671875 0.281479615625 0.39490548125 0.28527944375000003 0.3987460953125 0.29083304062500004 0.3989720140625 0.2949251640625 0.3987460953125 0.2993095828125 0.3955832359375
1 0.2896638625 0.3998756875 0.2855717390625 0.39739058437499997 0.2806027328125 0.39490548125 0.2768029046875 0.39535731875 0.2697878359375 0.3969387484375 0.2697878359375 0.39784242187499996 0.27008013124999997 0.3989720140625 0.270372425 0.40190895312499997 0.2730030765625 0.40303854531249994 0.2808950265625 0.40349038281249994 0.28469485625 0.40303854531249994 0.2896638625 0.3998756875
1 0.47614776093750005 0.3818022109375 0.47205563906250003 0.37976894375 0.4665020421875 0.3788652703125 0.4591946796875 0.38067261874999997 0.458317796875 0.3845132328125 0.4609484484375 0.38790200937499997 0.46737892499999995 0.3890316015625 0.47117875624999994 0.3888056828125 0.4755631734375 0.3858687421875 0.47614776093750005 0.3818022109375
1 0.4746862890625 0.39761650312499996 0.4773169390625 0.3942277265625 0.47264022812500006 0.3912907859375 0.4688403984375 0.38993527499999997 0.46328680312500004 0.39016119374999997 0.4591946796875 0.3919685421875 0.4577332078125 0.3951314 0.45977926875 0.39761650312499996 0.4609484484375 0.3985201765625 0.4688403984375 0.3987460953125 0.4746862890625 0.39761650312499996
1 0.47673234999999997 0.40281262812499996 0.4755631734375 0.39964976874999997 0.47088646093750003 0.39806834062499996 0.46211762500000003 0.3982942578125 0.4577332078125 0.40032752499999996 0.4577332078125 0.40371630156249994 0.4627022140625 0.40665324218750004 0.467963515625 0.40710507968750004 0.4738094046875 0.4050718125 0.47673234999999997 0.40281262812499996
1 0.840931315625 0.3869983359375 0.8421004921874999 0.382705884375 0.836839190625 0.37976894375 0.83333165625 0.37976894375 0.8239782312499999 0.3818022109375 0.8236859375 0.3860946609375 0.829239534375 0.3890316015625 0.8362546015625 0.3885797640625 0.840931315625 0.3869983359375
1 0.8505770343749999 0.3822540484375 0.8529153890625001 0.3788652703125 0.8502847375 0.3759283296875 0.8459003203125001 0.37457281875000004 0.8385929578125 0.3743469015625 0.8339162453125001 0.377509759375 0.8347931296875 0.3799948625 0.8385929578125 0.3822540484375 0.840931315625 0.3840613953125 0.8464849093750001 0.3838354765625 0.8505770343749999 0.3822540484375
1 0.8301075078125001 0.39453125 0.8237900984375001 0.3994140625 0.8250535812500001 0.40234375 0.8301075078125001 0.40234375 0.8326344718750001 0.404296875 0.8364249171875 0.4033203125 0.84147884375 0.3994140625 0.84147884375 0.3974609375 0.8376883984375001 0.39453125 0.8301075078125001 0.39453125
1 0.09097068750000001 0.4912109375 0.09097068750000001 0.4951171875 0.09223416875 0.49609375 0.0998150578125 0.49609375 0.1010785390625 0.4951171875 0.1010785390625 0.4892578125 0.0998150578125 0.48828125 0.09476113124999999 0.48828125 0.09097068750000001 0.4912109375
1 0.13519254687499999 0.486328125 0.131402103125 0.4892578125 0.131402103125 0.4912109375 0.13519254687499999 0.494140625 0.140246475 0.494140625 0.14150995625 0.4931640625 0.14403691875 0.4912109375 0.14403691875 0.4873046875 0.1427734375 0.486328125 0.13519254687499999 0.486328125
1 0.1756239625 0.478515625 0.17183351875 0.4814453125 0.17183351875 0.4833984375 0.1756239625 0.486328125 0.180677890625 0.486328125 0.18194137187499998 0.4853515625 0.18446833437500001 0.4833984375 0.18446833437500001 0.4794921875 0.18320485312499998 0.478515625 0.1756239625 0.478515625
1 0.2185823421875 0.470703125 0.214791896875 0.4755859375 0.214791896875 0.4775390625 0.216055378125 0.478515625 0.22363626874999998 0.478515625 0.22489975 0.4775390625 0.227426715625 0.4755859375 0.227426715625 0.4716796875 0.22616323437500002 0.470703125 0.2185823421875 0.470703125
1 0.279229465625 0.462890625 0.27291205625 0.4677734375 0.276702503125 0.470703125 0.28175642968750003 0.470703125 0.2830199109375 0.4697265625 0.285546875 0.4677734375 0.285546875 0.4638671875 0.2842833921875 0.462890625 0.279229465625 0.462890625
1 0.3424035546875 0.462890625 0.33608614531250003 0.4658203125 0.33608614531250003 0.4697265625 0.3373496265625 0.470703125 0.3449305171875 0.470703125 0.3461939984375 0.4697265625 0.3487209625 0.4677734375 0.3487209625 0.4658203125 0.3449305171875 0.462890625 0.3424035546875 0.462890625
1 0.38283497031249997 0.466796875 0.3790445234375 0.4716796875 0.38283497031249997 0.474609375 0.387888896875 0.474609375 0.38915237812500003 0.4736328125 0.3916793421875 0.4716796875 0.3916793421875 0.4677734375 0.3904158609375 0.466796875 0.38283497031249997 0.466796875
1 0.41568549531250004 0.462890625 0.41189505000000004 0.4658203125 0.41189505000000004 0.4697265625 0.41315853125 0.470703125 0.420739421875 0.470703125 0.4220029046875 0.4697265625 0.4220029046875 0.4677734375 0.4245298671875 0.4658203125 0.420739421875 0.462890625 0.41568549531250004 0.462890625
1 0.4687517296875 0.466796875 0.4674882453125 0.4677734375 0.4674882453125 0.4716796875 0.47127869218749996 0.474609375 0.47885958281249996 0.474609375 0.48012306406249994 0.4736328125 0.482650028125 0.4716796875 0.482650028125 0.4677734375 0.48138654531249997 0.466796875 0.4687517296875 0.466796875
1 0.6506931015624999 0.470703125 0.6469026546875 0.4736328125 0.6469026546875 0.4775390625 0.6481661359374999 0.478515625 0.6557470265625 0.478515625 0.6570105093749999 0.4775390625 0.6570105093749999 0.4755859375 0.659537471875 0.4736328125 0.6557470265625 0.470703125 0.6506931015624999 0.470703125
1 0.6961784421874999 0.470703125 0.6923879984375 0.4736328125 0.6923879984375 0.4775390625 0.6936514796875 0.478515625 0.7012323703125001 0.478515625 0.7024958515625 0.4775390625 0.705022815625 0.4755859375 0.705022815625 0.4716796875 0.7037593328125 0.470703125 0.6961784421874999 0.470703125
1 0.7553444171875 0.47744285781249995 0.753972728125 0.47267196250000004 0.7452853515625 0.4737321625 0.7420847390625 0.47655935937500005 0.7420847390625 0.4806234546875 0.7439136625 0.4825671515625 0.7528296515624999 0.48150695312499997 0.7553444171875 0.47744285781249995
1 0.8275805453125 0.474609375 0.8263170640625 0.4755859375 0.8263170640625 0.4814453125 0.8275805453125 0.482421875 0.8326344718750001 0.482421875 0.8338979546875 0.4814453125 0.8389518796875001 0.4775390625 0.8389518796875001 0.4755859375 0.8376883984375001 0.474609375 0.8275805453125 0.474609375
1 0.8730658890624999 0.474609375 0.8705389234375 0.474609375 0.8667484796875 0.4775390625 0.8667484796875 0.4794921875 0.8705389234375 0.482421875 0.8755928515625 0.482421875 0.8768563328125 0.4814453125 0.8793832953124999 0.4794921875 0.8793832953124999 0.4755859375 0.8755928515625 0.47265625 0.8730658890624999 0.474609375
1 0.9134973046875 0.462890625 0.9097068578125 0.4658203125 0.9097068578125 0.4697265625 0.9109703390625 0.470703125 0.9185512296875 0.470703125 0.9198147109375 0.4697265625 0.9223416765625 0.4677734375 0.9223416765625 0.4638671875 0.9210781953125 0.462890625 0.9134973046875 0.462890625
1 0.9627730921875 0.4716796875 0.9615096109374999 0.470703125 0.9514017562499999 0.470703125 0.9501382749999999 0.4716796875 0.9501382749999999 0.4794921875 0.9514017562499999 0.48046875 0.9526652375 0.4794921875 0.9539287203125 0.478515625 0.9589826453124999 0.478515625 0.9627730921875 0.4755859375 0.9627730921875 0.4716796875
1 0.299257215625 0.5445887828125 0.2933132234375 0.5412314859375 0.2859975375 0.5417615859375 0.279139084375 0.543351884375 0.27891046875000003 0.54529558125 0.2816538515625 0.548299478125 0.288055075 0.5500664765625001 0.2933132234375 0.5500664765625001 0.2981141421875 0.5486528765625 0.299257215625 0.5445887828125
1 0.28919815 0.5521868734375001 0.288055075 0.5486528765625 0.281196621875 0.54582568125 0.277538778125 0.5463557796875 0.2709089390625 0.5472392796875 0.27045170937499996 0.550773275 0.27342370625 0.554130571875 0.2761670890625 0.5546606703125 0.28439723125 0.554483971875 0.28919815 0.5521868734375001
1 0.28668338437499996 0.565085959375 0.2889695359375 0.5613752625 0.28759784375 0.5583713671874999 0.282796928125 0.55678106875 0.277538778125 0.5564276687499999 0.275938471875 0.5564276687499999 0.26976586406249997 0.559078165625 0.27045170937499996 0.5638490609375 0.274795396875 0.5657927578125 0.2823396953125 0.5664995562499999 0.28668338437499996 0.565085959375
1 0.4842068640625 0.5465324796875 0.483292403125 0.5442353828125001 0.47894871562499997 0.541938284375 0.4748336421875 0.541584884375 0.4677465734375 0.543351884375 0.4668321125 0.54529558125 0.4693468796875 0.5497130765625 0.47529087499999995 0.5502431750000001 0.47734841093749997 0.5500664765625001 0.48283517343750004 0.5484761781249999 0.4842068640625 0.5465324796875
1 0.4853499390625 0.5528936734375 0.4819207125 0.5505965749999999 0.47711979531250004 0.549889775 0.4709471859375 0.5502431750000001 0.46706072968749995 0.5518334734375 0.4666034984375 0.553423771875 0.467517959375 0.5557208703125001 0.4709471859375 0.5576645671875 0.4796345609375 0.5573111671875 0.4830637875 0.5555441703125 0.4853499390625 0.5528936734375
1 0.48032040781249996 0.5657927578125 0.4844354796875 0.5631422609375 0.4844354796875 0.5601383640625001 0.48054902187500004 0.5578412671875 0.47231887656250005 0.5576645671875 0.46820380312500004 0.558724765625 0.46637488281249995 0.559254865625 0.46706072968749995 0.5631422609375 0.4709471859375 0.5652626578125 0.47711979531250004 0.56685295625 0.48032040781249996 0.5657927578125
1 0.6582094625 0.55677824375 0.6594742078125 0.5555214078125 0.6598355625 0.55342668125 0.65784810625 0.5502147671875 0.6524277703125 0.5490975796875001 0.6473687906250001 0.549516525 0.6419484546875001 0.5510526578125 0.641045065625 0.5551024625000001 0.6455620125 0.558454025 0.6520664140625 0.559291915625 0.6582094625 0.55677824375
1 0.6704955578125 0.5524491421875 0.671037590625 0.549795821875 0.66959216875 0.5471425015625 0.6638104765625 0.54560636875 0.6589321734375 0.54560636875 0.6538731921875 0.547561446875 0.6551379374999999 0.551471603125 0.65784810625 0.5538456265625 0.6612809859375 0.554823165625 0.66652064375 0.5539852749999999 0.6704955578125 0.5524491421875
1 0.6589321734375 0.572977459375 0.6607389515625 0.570184490625 0.66019691875 0.56669328125 0.6583901390625 0.5650175 0.6538731921875 0.564738203125 0.64592336875 0.565296796875 0.6424904890625001 0.5668329296875 0.6424904890625001 0.566972578125 0.643755234375 0.5717206234375001 0.6479108234375001 0.5733964046875 0.6547765828125 0.574094646875 0.6589321734375 0.572977459375
1 0.10992291093749999 0.638671875 0.10234202187500001 0.638671875 0.09855157656249999 0.6416015625 0.09855157656249999 0.6474609375 0.1048689859375 0.650390625 0.1086594296875 0.6494140625 0.11244987656250001 0.6484375 0.1162403203125 0.6455078125 0.1162403203125 0.6416015625 0.10992291093749999 0.638671875
1 0.27291205625 0.6533203125 0.276702503125 0.65625 0.2842833921875 0.65625 0.285546875 0.6552734375 0.285546875 0.6494140625 0.28175642968750003 0.646484375 0.27291205625 0.6513671875 0.27291205625 0.6533203125
1 0.3221878453125 0.64453125 0.3158704375 0.6494140625 0.31713391875 0.65234375 0.32471480937499997 0.65234375 0.325978290625 0.6513671875 0.32850525468749997 0.6494140625 0.32850525468749997 0.6455078125 0.3272417734375 0.64453125 0.3221878453125 0.64453125
1 0.360092296875 0.640625 0.356301853125 0.6435546875 0.356301853125 0.6455078125 0.360092296875 0.6484375 0.365146225 0.6484375 0.36640970624999997 0.6474609375 0.3689366703125 0.6455078125 0.3689366703125 0.6416015625 0.3676731890625 0.640625 0.360092296875 0.640625
1 0.40557764062499996 0.63671875 0.39926023125 0.6416015625 0.39926023125 0.6435546875 0.40305067812499995 0.646484375 0.406841121875 0.6455078125 0.41189505000000004 0.6416015625 0.41189505000000004 0.6396484375 0.4081046046875 0.63671875 0.40557764062499996 0.63671875
1 0.4611708375 0.6328125 0.45738039218750004 0.6376953125 0.4611708375 0.640625 0.4662247640625 0.640625 0.4674882453125 0.6396484375 0.4700152109375 0.6376953125 0.4700152109375 0.6337890625 0.4687517296875 0.6328125 0.4611708375 0.6328125
1 0.50665618125 0.64453125 0.5028657359375 0.6474609375 0.5028657359375 0.6513671875 0.5041292171875 0.65234375 0.5117101078124999 0.65234375 0.5129735890625 0.6513671875 0.5155005515625 0.6494140625 0.5155005515625 0.6455078125 0.5142370703125 0.64453125 0.50665618125 0.64453125
1 0.53697974375 0.65234375 0.533189296875 0.6552734375 0.533189296875 0.6591796875 0.534452778125 0.66015625 0.54203366875 0.66015625 0.5432971515625 0.6591796875 0.545824115625 0.6572265625 0.545824115625 0.6533203125 0.544560634375 0.65234375 0.53697974375 0.65234375
1 0.5771219734375 0.6545419796874999 0.5748875421874999 0.6518280843750001 0.5697802671875001 0.6518280843750001 0.5653114031250001 0.65528213125 0.5643537890625 0.6594763328125001 0.568822653125 0.661943509375 0.575206746875 0.658982896875 0.5771219734375 0.6545419796874999
1 0.6556463124999999 0.65700915625 0.6550079046875 0.65108793125 0.6486238125 0.65133465 0.642878128125 0.6542952609375 0.6419205156250001 0.6592296140625 0.646708584375 0.6614500734375001 0.6524542671875 0.6612033562499999 0.6556463124999999 0.65700915625
1 0.7088132609375 0.6328125 0.705022815625 0.6357421875 0.705022815625 0.6396484375 0.706286296875 0.640625 0.7138671875 0.640625 0.71513066875 0.6396484375 0.71765763125 0.6376953125 0.71765763125 0.6357421875 0.7138671875 0.6328125 0.7088132609375 0.6328125
1 0.754298603125 0.62890625 0.7479811953125 0.6337890625 0.7492446765625 0.63671875 0.751771640625 0.63671875 0.754298603125 0.638671875 0.7555620843749999 0.6376953125 0.7606160125 0.6357421875 0.7606160125 0.6318359375 0.756825565625 0.62890625 0.754298603125 0.62890625
1 0.7820952015625 0.6328125 0.7808317203125 0.6337890625 0.7808317203125 0.6396484375 0.7820952015625 0.640625 0.7896760921875 0.640625 0.7909395734375 0.6396484375 0.7909395734375 0.6376953125 0.7934665375 0.6357421875 0.7896760921875 0.6328125 0.7820952015625 0.6328125
1 0.8263170640625 0.6416015625 0.8275805453125 0.64453125 0.8376883984375001 0.64453125 0.8389518796875001 0.6435546875 0.8389518796875001 0.6376953125 0.8376883984375001 0.63671875 0.8326344718750001 0.63671875 0.8263170640625 0.6416015625
1 0.9059164125000001 0.65234375 0.9021259687500001 0.6552734375 0.9021259687500001 0.6591796875 0.90338945 0.66015625 0.9109703390625 0.66015625 0.912233821875 0.6591796875 0.9147607859375 0.6572265625 0.9147607859375 0.6533203125 0.9134973046875 0.65234375 0.9059164125000001 0.65234375
1 0.8811181625 0.6525272140625 0.8839215234375001 0.6501937828125001 0.8843528109375001 0.646193615625 0.8824120234375 0.6441935328125 0.8787460890625001 0.6446935546875 0.8752957968749999 0.6448602265625001 0.8705516453125 0.6471936578124999 0.8705516453125 0.6518605203125001 0.8720611484375 0.6533605812500001 0.877883515625 0.6543606234375 0.8811181625 0.6525272140625
1 0.945486725 0.6592339265625 0.9470796453125001 0.654993159375 0.9456637171875 0.6514363890625 0.9380530968749999 0.6510259921875 0.9359292031249999 0.65239398125 0.9341592921874999 0.653488371875 0.932566371875 0.6548563609375 0.9322123890625 0.6588235296875 0.9361061953125001 0.661285909375 0.9414159296875001 0.660601915625 0.945486725 0.6592339265625
1 0.1143362828125 0.7134062921875 0.1157522125 0.7109439125 0.115575221875 0.70711354375 0.11238938125 0.7051983578125001 0.1077876109375 0.7041039671875 0.1007079640625 0.7047879609375001 0.0973451328125 0.7069767437500001 0.0975221234375 0.7125855 0.102300884375 0.7138166890625001 0.11044247812500001 0.7140902875 0.1143362828125 0.7134062921875
1 0.113805309375 0.7212038296875 0.11504424843750001 0.71956224375 0.11539822968749999 0.71477428125 0.11292035468749999 0.71326949375 0.1070796453125 0.7125855 0.1015929203125 0.71326949375 0.09699115 0.7158686734375 0.09699115 0.71874145 0.09982300937500001 0.720793434375 0.103185840625 0.721477428125 0.113805309375 0.7212038296875
1 0.1130973453125 0.7321477421875 0.1162831859375 0.7294117640625 0.1157522125 0.7247606015625 0.11132743437499999 0.7232558140625 0.10176991093750001 0.723119015625 0.096814159375 0.726128590625 0.09663716875 0.7288645687499999 0.0996460171875 0.7310533515625 0.103185840625 0.732421340625 0.1130973453125 0.7321477421875
1 0.2847787609375 0.7134062921875 0.289557521875 0.7106703140625 0.288672565625 0.7065663468750001 0.2846017703125 0.705061559375 0.2803539828125 0.704240765625 0.2743362828125 0.7046511625 0.2700884953125 0.7076607390625 0.270442478125 0.71176470625 0.274513275 0.712859096875 0.278053096875 0.7135430921875 0.2847787609375 0.7134062921875
1 0.284424778125 0.7205198359375 0.28796460156250003 0.719151846875 0.288672565625 0.716005471875 0.287433628125 0.7140902875 0.28300885 0.712859096875 0.27486725624999997 0.7134062921875 0.2700884953125 0.7150478796875 0.270442478125 0.715184678125 0.2702654875 0.719835840625 0.274690265625 0.7205198359375 0.27999999999999997 0.7206566343749999 0.284424778125 0.7205198359375
1 0.2870796453125 0.7272229828125 0.288672565625 0.72571819375 0.288495575 0.7221614234375 0.285309734375 0.7203830375 0.2787610625 0.7206566343749999 0.2729203546875 0.720793434375 0.2702654875 0.7224350203125 0.2697345125 0.726128590625 0.2741592921875 0.728043775 0.284424778125 0.728590971875 0.2870796453125 0.7272229828125
1 0.28336283125 0.7372093015625001 0.28637168125 0.735567715625 0.2888495578125 0.7337893296875 0.2888495578125 0.7300957593749999 0.285309734375 0.728590971875 0.28088495625 0.728043775 0.272566371875 0.7287277703124999 0.2700884953125 0.7302325578125 0.2702654875 0.7350205203125 0.2732743359375 0.7361149109375 0.278053096875 0.7372093015625001 0.28336283125 0.7372093015625001
1 0.47362831875 0.7135430921875 0.47292035468750004 0.7106703140625 0.469557521875 0.7084815328125 0.45840707968750005 0.7086183312500001 0.4539823015625 0.7108071140625001 0.4541592921875 0.715321478125 0.45823008906249996 0.716005471875 0.46938053125 0.71641586875 0.47362831875 0.7135430921875
1 0.4677876109375 0.725307796875 0.47061946875 0.7236662109374999 0.472566371875 0.7217510265625 0.472566371875 0.7177838578125 0.4697345125 0.7166894671875 0.46584070781250003 0.7161422703125 0.45663716875000004 0.7166894671875 0.45486725625 0.7180574562500001 0.45451327499999994 0.7180574562500001 0.45451327499999994 0.72257181875 0.45805309687499995 0.7244870046874999 0.46212389375 0.725444596875 0.4677876109375 0.725307796875
1 0.4727433625 0.7333789328125 0.472566371875 0.7295485640625 0.46831858437499996 0.727770178125 0.45787610624999997 0.727770178125 0.45451327499999994 0.7300957593749999 0.4539823015625 0.7303693578125 0.4539823015625 0.734746921875 0.459823009375 0.7366621062500001 0.47238938125 0.736388509375 0.4727433625 0.7333789328125
1 0.8412389375 0.718331053125 0.8396460171875001 0.713679890625 0.8353982296875 0.712175103125 0.82761061875 0.7127222984375 0.8244247781249999 0.714500684375 0.8242477875 0.7201094390625 0.8272566375 0.7213406296875 0.83911504375 0.7212038296875 0.8412389375 0.718331053125
1 0.83362831875 0.7112175109375001 0.833451328125 0.714363884375 0.8352212390625 0.7158686734375 0.8392684609375 0.7170927328125 0.848495575 0.7169630640625 0.851681415625 0.7131326953125 0.8509734515625 0.7098495218750001 0.8461946906250001 0.7083447328125 0.8362831859375 0.7086183312500001 0.83362831875 0.7112175109375001
1 0.8431858406250001 0.7314637484375 0.8412389375 0.7287277703124999 0.8348672562499999 0.72735978125 0.8272566375 0.7279069765624999 0.8237168140625 0.7306429546875 0.825309734375 0.7358413125000001 0.8318584078125 0.7366621062500001 0.8407079640624999 0.7362517093750001 0.8431858406250001 0.7314637484375
1 0.10234202187500001 0.818359375 0.09855157656249999 0.8212890625 0.09855157656249999 0.8251953125 0.1048689859375 0.828125 0.1086594296875 0.8271484375 0.1137133578125 0.8251953125 0.1137133578125 0.8212890625 0.10992291093749999 0.818359375 0.10234202187500001 0.818359375
1 0.27291205625 0.8115234375 0.276702503125 0.814453125 0.2842833921875 0.814453125 0.285546875 0.8134765625 0.285546875 0.8076171875 0.2842833921875 0.806640625 0.279229465625 0.806640625 0.27291205625 0.8115234375
1 0.3272417734375 0.810546875 0.32471480937499997 0.810546875 0.3183974 0.8154296875 0.3183974 0.8173828125 0.3221878453125 0.8203125 0.323451328125 0.8193359375 0.3272417734375 0.818359375 0.33103221718750003 0.8154296875 0.33103221718750003 0.8134765625 0.3272417734375 0.810546875
1 0.355038371875 0.818359375 0.3487209625 0.8232421875 0.34998444375000004 0.826171875 0.357565334375 0.826171875 0.358828815625 0.8251953125 0.36135578125 0.8232421875 0.36135578125 0.8212890625 0.357565334375 0.818359375 0.355038371875 0.818359375
1 0.39067061718749996 0.8256619625000001 0.39329760468749997 0.8239215906249999 0.39254703750000003 0.8179753156249999 0.3867301359375 0.8175402234375 0.38372786406250003 0.8185554406250001 0.38053795 0.8208759390625 0.3799750234375 0.8255169328124999 0.382039084375 0.8278374296875001 0.3872930625 0.8278374296875001 0.39067061718749996 0.8256619625000001
1 0.45738039218750004 0.8232421875 0.4611708375 0.826171875 0.4687517296875 0.826171875 0.4700152109375 0.8251953125 0.4700152109375 0.8193359375 0.4687517296875 0.818359375 0.4636978015625 0.818359375 0.45738039218750004 0.8232421875
1 0.50665618125 0.818359375 0.500338771875 0.8232421875 0.501602253125 0.826171875 0.5091831453125 0.826171875 0.5104466265625 0.8251953125 0.5129735890625 0.8232421875 0.5129735890625 0.8193359375 0.5117101078124999 0.818359375 0.50665618125 0.818359375
1 0.544560634375 0.8046875 0.5432971515625 0.8056640625 0.5432971515625 0.8115234375 0.544560634375 0.8125 0.5496145609374999 0.8125 0.5508780421874999 0.8115234375 0.5534050046875 0.8095703125 0.5534050046875 0.8056640625 0.5521415234375 0.8046875 0.544560634375 0.8046875
1 0.5875190124999999 0.806640625 0.58372856875 0.8095703125 0.58372856875 0.8134765625 0.5900459765625 0.81640625 0.5913094578125 0.8154296875 0.596363384375 0.8115234375 0.596363384375 0.8076171875 0.595099903125 0.806640625 0.5875190124999999 0.806640625
1 0.6506931015624999 0.810546875 0.6469026546875 0.8134765625 0.6469026546875 0.8173828125 0.6506931015624999 0.8203125 0.6519565828125 0.8193359375 0.6557470265625 0.818359375 0.659537471875 0.8134765625 0.6557470265625 0.810546875 0.6506931015624999 0.810546875
1 0.711340225 0.814453125 0.707549778125 0.8173828125 0.707549778125 0.8212890625 0.7088132609375 0.822265625 0.71639415 0.822265625 0.71765763125 0.8212890625 0.720184596875 0.8193359375 0.720184596875 0.8154296875 0.7189211156249999 0.814453125 0.711340225 0.814453125
1 0.752505209375 0.8217217234374999 0.7555657296875 0.8196518953125 0.7563308578125 0.81521655 0.754418034375 0.8135902578125 0.7467667359375 0.8137381015624999 0.7412195453125 0.8158079296875 0.741602109375 0.8214260343750001 0.740836978125 0.8224609484375 0.7505923859375 0.8230523281250001 0.752505209375 0.8217217234374999
1 0.852851040625 0.82293661875 0.8552947390625001 0.8195368343749999 0.8545616296875 0.8159481734374999 0.8501629718749999 0.8138705281249999 0.842343134375 0.8136816515625 0.8367226265625 0.81613705 0.8367226265625 0.820858971875 0.840388175 0.8227477421874999 0.847474903125 0.8235032484374999 0.852851040625 0.82293661875
1 0.2886202671875 0.8818147609375 0.290195275 0.8783148921875 0.2878327625 0.87603236875 0.2815327296875 0.87420635 0.275429571875 0.8749671921875001 0.271295175 0.877401884375 0.271295175 0.8772497156249999 0.27011391875 0.8818147609375 0.275429571875 0.8837929484375 0.283698365625 0.8836407796874999 0.2886202671875 0.8818147609375
1 0.2846827453125 0.8901840125 0.288226515625 0.8886623312499999 0.2886202671875 0.8853146296875 0.28665150625 0.8837929484375 0.2817296046875 0.8824234343749999 0.2744451921875 0.88303210625 0.2705076703125 0.8850102937500001 0.2699170421875 0.887597153125 0.2732639359375 0.8897275078125 0.2783827125 0.89033618125 0.2846827453125 0.8901840125
1 0.28409211874999996 0.8985532640624999 0.2878327625 0.8958142359375 0.2880296390625 0.8917056953125 0.28527337343750003 0.8898796765625001 0.2791702171875 0.8897275078125 0.2726733078125 0.89033618125 0.2709014234375 0.8923143687499999 0.270704546875 0.8918578625 0.2703107953125 0.8958142359375 0.2730670609375 0.898096759375 0.2791702171875 0.8985532640624999 0.28409211874999996 0.8985532640624999
1 0.4695493421875 0.9020531328124999 0.47210873124999997 0.900227115625 0.47210873124999997 0.8964229093749999 0.469352465625 0.894596890625 0.46344618593750003 0.8941403859375001 0.45734302812500005 0.894444721875 0.453602384375 0.89718375 0.4539961359375 0.89718375 0.45498051562499997 0.9005314500000001 0.458327409375 0.9019009640625001 0.464233690625 0.9022053015625 0.4695493421875 0.9020531328124999
1 0.47309311093749995 0.9090528703125 0.4748649953125 0.9057051703125 0.47151810312500003 0.903422646875 0.466793078125 0.901596628125 0.45557114375 0.90235746875 0.45281487968749995 0.9040313187500001 0.4537992609375 0.9041834874999999 0.4547836390625 0.9092050390624999 0.46029616874999996 0.9105745531249999 0.4671868296875 0.910270215625 0.47309311093749995 0.9090528703125
1 0.46994309375 0.9180307953125 0.4732899875 0.9154439343749999 0.473880615625 0.9125527390625001 0.467974334375 0.910270215625 0.46344618593750003 0.9101180484375 0.45773678125000006 0.9105745531249999 0.4543898890625 0.9122484015625 0.45419301250000005 0.9125527390625001 0.455177390625 0.9159004390625001 0.458524284375 0.9178786265625 0.46482431718750006 0.9180307953125 0.46994309375 0.9180307953125
1 0.6545601609375 0.8884958078125 0.6573929374999999 0.8876200125 0.6607922687500001 0.8849926218749999 0.6602257125000001 0.8816354015625001 0.656070975 0.8801757406249999 0.6502165718749999 0.8801757406249999 0.64606183125 0.8801757406249999 0.64190709375 0.8825111968750001 0.6422847984375 0.8852845546875001 0.6447398703125 0.8865982484374999 0.64851690625 0.8882038765625 0.6545601609375 0.8884958078125
1 0.6590926031250001 0.8791539765625 0.6615476765625 0.87477499375 0.6568263828124999 0.8721476031250001 0.6522939390625 0.8709798734374999 0.6464395359374999 0.8718556703125 0.6434179078125 0.8734612984375 0.6422847984375 0.874629028125 0.64322905625 0.8772564171875 0.6473837953125 0.8806136375 0.6553155687500001 0.8801757406249999 0.6590926031250001 0.8791539765625
1 0.6547490125000001 0.8984215046875 0.6590926031250001 0.8966699124999999 0.6607922687500001 0.893312690625 0.6564486796875 0.889517571875 0.650594275 0.8892256390625001 0.6439844640625 0.8905393359374999 0.6420959453124999 0.892290928125 0.64247365 0.892290928125 0.64247365 0.8952102500000001 0.644362165625 0.8976916749999999 0.649650015625 0.8984215046875 0.6547490125000001 0.8984215046875
0 0.3954697875 0.125 0.3904158609375 0.125 0.387888896875 0.123046875 0.37778104218749997 0.123046875 0.3765175609375 0.1240234375 0.38283497031249997 0.12890625 0.387888896875 0.12890625 0.3904158609375 0.130859375 0.3954697875 0.130859375 0.40305067812499995 0.134765625 0.406841121875 0.1337890625 0.406841121875 0.1298828125 0.40305067812499995 0.126953125 0.39799675 0.126953125 0.3954697875 0.125
0 0.6077347203125 0.15625 0.5925729390625001 0.15625 0.5913094578125 0.1572265625 0.5913094578125 0.1611328125 0.5925729390625001 0.162109375 0.6052077578125 0.162109375 0.6077347203125 0.1640625 0.617842575 0.1640625 0.6191060562499999 0.1630859375 0.6191060562499999 0.1591796875 0.617842575 0.158203125 0.610261684375 0.158203125 0.6077347203125 0.15625
0 0.7340828953125 0.125 0.7265020046874999 0.125 0.723975040625 0.123046875 0.7138671875 0.123046875 0.71260370625 0.1240234375 0.71260370625 0.1259765625 0.7189211156249999 0.12890625 0.723975040625 0.12890625 0.7265020046874999 0.130859375 0.7315559328125001 0.130859375 0.7391368234375 0.134765625 0.7441907484375 0.134765625 0.74545423125 0.1337890625 0.74545423125 0.1298828125 0.7416637859375 0.126953125 0.7366098578125 0.126953125 0.7340828953125 0.125
0 0.17688744375 0.2998046875 0.1705700359375 0.29296875 0.14403691875 0.2900390625 0.14782736406250002 0.294921875 0.17688744375 0.2998046875
0 0.9147607859375 0.3056640625 0.9134973046875 0.298828125 0.8819102609374999 0.2978515625 0.8857007046875 0.302734375 0.9147607859375 0.3056640625
0 0.3803080046875 0.498046875 0.38915237812500003 0.4970703125 0.41063156875000006 0.494140625 0.41189505000000004 0.4892578125 0.3790445234375 0.4931640625 0.3803080046875 0.498046875
0 0.545824115625 0.6337890625 0.54203366875 0.626953125 0.5129735890625 0.6220703125 0.5192909984375 0.62890625 0.545824115625 0.6337890625
0 0.7719873484375 0.65625 0.756825565625 0.65625 0.754298603125 0.654296875 0.751771640625 0.654296875 0.7479811953125 0.6572265625 0.7479811953125 0.6591796875 0.754298603125 0.662109375 0.766933421875 0.662109375 0.7694603843750001 0.6640625 0.7795682390625001 0.6640625 0.7808317203125 0.6630859375 0.7808317203125 0.6591796875 0.7795682390625001 0.658203125 0.7745143109375 0.658203125 0.7719873484375 0.65625
0 0.90338945 0.625 0.895808559375 0.625 0.8932815968750001 0.623046875 0.8882276687499999 0.623046875 0.8857007046875 0.62109375 0.8819102609374999 0.6220703125 0.8819102609374999 0.6259765625 0.8882276687499999 0.62890625 0.895808559375 0.62890625 0.8983355218750001 0.630859375 0.90338945 0.630859375 0.9109703390625 0.634765625 0.9147607859375 0.6337890625 0.9147607859375 0.6298828125 0.9109703390625 0.626953125 0.9059164125000001 0.626953125 0.90338945 0.625
0 0.34745748125000003 0.791015625 0.3398765890625 0.791015625 0.3373496265625 0.7890625 0.3297687359375 0.7890625 0.32850525468749997 0.7900390625 0.32850525468749997 0.7919921875 0.3322956984375 0.794921875 0.3398765890625 0.794921875 0.34745748125000003 0.798828125 0.355038371875 0.798828125 0.357565334375 0.80078125 0.36135578125 0.7998046875 0.36135578125 0.7958984375 0.355038371875 0.79296875 0.34998444375000004 0.79296875 0.34745748125000003 0.791015625