1 0.140246475 0.146484375 0.136456028125 0.1513671875 0.140246475 0.154296875 0.1453004015625 0.154296875 0.1465638828125 0.1533203125 0.1490908453125 0.1513671875 0.1490908453125 0.1474609375 0.14782736406250002 0.146484375 0.140246475 0.146484375
1 0.2008935984375 0.146484375 0.1971031515625 0.1494140625 0.1971031515625 0.1533203125 0.198366634375 0.154296875 0.20594752500000002 0.154296875 0.20721100781250001 0.1533203125 0.20973797031250002 0.1513671875 0.20973797031250002 0.1474609375 0.20847448906250002 0.146484375 0.2008935984375 0.146484375
1 0.260277240625 0.1494140625 0.260277240625 0.1533203125 0.261540721875 0.154296875 0.2691216125 0.154296875 0.27038509374999997 0.1533203125 0.27038509374999997 0.1474609375 0.2691216125 0.146484375 0.264067684375 0.146484375 0.260277240625 0.1494140625
1 0.32850525468749997 0.1572265625 0.32850525468749997 0.1611328125 0.3297687359375 0.162109375 0.3348226640625 0.162109375 0.33608614531250003 0.1611328125 0.341140071875 0.1572265625 0.3373496265625 0.154296875 0.3322956984375 0.154296875 0.32850525468749997 0.1572265625
1 0.39926023125 0.1494140625 0.39926023125 0.1533203125 0.40052371249999996 0.154296875 0.4081046046875 0.154296875 0.40936808750000003 0.1533203125 0.40936808750000003 0.1474609375 0.4081046046875 0.146484375 0.40305067812499995 0.146484375 0.39926023125 0.1494140625
1 0.47885958281249996 0.146484375 0.4750691359375 0.1494140625 0.4750691359375 0.1533203125 0.47633261875 0.154296875 0.48391350937500005 0.154296875 0.485176990625 0.1533203125 0.48770395468750005 0.1513671875 0.48770395468750005 0.1494140625 0.48391350937500005 0.146484375 0.47885958281249996 0.146484375
1 0.5521415234375 0.146484375 0.548351078125 0.1494140625 0.548351078125 0.1533203125 0.5496145609374999 0.154296875 0.5571954515625 0.154296875 0.5584589328125 0.1533203125 0.5609858953125 0.1513671875 0.5609858953125 0.1474609375 0.5597224140625 0.146484375 0.5521415234375 0.146484375
1 0.5925729390625001 0.142578125 0.5887824937499999 0.1455078125 0.5887824937499999 0.1494140625 0.5900459765625 0.150390625 0.5976268671875 0.150390625 0.5988903484375 0.1494140625 0.6014173109375001 0.1474609375 0.6014173109375001 0.1435546875 0.6001538296875 0.142578125 0.5925729390625001 0.142578125
1 0.6304773921875 0.142578125 0.626686946875 0.1455078125 0.626686946875 0.1494140625 0.627950428125 0.150390625 0.63553131875 0.150390625 0.6367948 0.1494140625 0.6393217640625 0.1474609375 0.6393217640625 0.1435546875 0.6380582828125 0.142578125 0.6304773921875 0.142578125
1 0.6936514796875 0.150390625 0.689861034375 0.1533203125 0.689861034375 0.1552734375 0.6936514796875 0.158203125 0.6987054078125 0.158203125 0.6999688890625 0.1572265625 0.7024958515625 0.1552734375 0.7024958515625 0.1513671875 0.7012323703125001 0.150390625 0.6936514796875 0.150390625
1 0.751771640625 0.142578125 0.7479811953125 0.1455078125 0.7479811953125 0.1494140625 0.7492446765625 0.150390625 0.756825565625 0.150390625 0.7580890484375 0.1494140625 0.7580890484375 0.1474609375 0.7606160125 0.1455078125 0.756825565625 0.142578125 0.751771640625 0.142578125
1 0.8073648375 0.142578125 0.8035743906249999 0.1455078125 0.8035743906249999 0.1494140625 0.804837871875 0.150390625 0.8098917999999999 0.150390625 0.8111552812499999 0.1494140625 0.8136822453124999 0.1474609375 0.8136822453124999 0.1435546875 0.8124187640624999 0.142578125 0.8073648375 0.142578125
1 0.850323215625 0.142578125 0.846532771875 0.1455078125 0.846532771875 0.1494140625 0.8477962531250001 0.150390625 0.85285018125 0.150390625 0.8541136625 0.1494140625 0.856640625 0.1474609375 0.856640625 0.1435546875 0.85537714375 0.142578125 0.850323215625 0.142578125
1 0.9008624875000001 0.142578125 0.8970720406250001 0.1455078125 0.8970720406250001 0.1494140625 0.8983355218750001 0.150390625 0.90338945 0.150390625 0.90465293125 0.1494140625 0.9071798953125001 0.1474609375 0.9071798953125001 0.1435546875 0.9059164125000001 0.142578125 0.9008624875000001 0.142578125
1 0.9564556828124999 0.142578125 0.9526652375 0.1455078125 0.9526652375 0.1494140625 0.9539287203125 0.150390625 0.9615096109374999 0.150390625 0.9627730921875 0.1494140625 0.9653000546875001 0.1474609375 0.9653000546875001 0.1435546875 0.9640365734375 0.142578125 0.9564556828124999 0.142578125
1 0.0770723859375 0.2890625 0.0707549765625 0.2939453125 0.0707549765625 0.2958984375 0.07454542343750001 0.298828125 0.07959935 0.298828125 0.08086283125 0.2978515625 0.0833897953125 0.2958984375 0.0833897953125 0.2900390625 0.08212631249999999 0.2890625 0.0770723859375 0.2890625
1 0.14782736406250002 0.296875 0.14150995625 0.2998046875 0.14150995625 0.3037109375 0.1453004015625 0.306640625 0.1490908453125 0.3056640625 0.1541447734375 0.3037109375 0.1541447734375 0.2978515625 0.1528812921875 0.296875 0.14782736406250002 0.296875
1 0.20468404218749997 0.2919921875 0.20468404218749997 0.2978515625 0.20594752500000002 0.298828125 0.2110014515625 0.298828125 0.212264934375 0.2978515625 0.2173188609375 0.2919921875 0.213528415625 0.2890625 0.2110014515625 0.2890625 0.20468404218749997 0.2919921875
1 0.2514328671875 0.2890625 0.24511545781250002 0.2919921875 0.24511545781250002 0.2958984375 0.2489059046875 0.298828125 0.25269635 0.2978515625 0.2577502765625 0.2939453125 0.2577502765625 0.2919921875 0.25395983125 0.2890625 0.2514328671875 0.2890625
1 0.3044991015625 0.29296875 0.2981816921875 0.2978515625 0.2981816921875 0.2998046875 0.3019721375 0.302734375 0.3057625828125 0.3017578125 0.310816509375 0.2998046875 0.310816509375 0.2958984375 0.307026065625 0.29296875 0.3044991015625 0.29296875
1 0.3676731890625 0.29296875 0.36135578125 0.2958984375 0.36135578125 0.2998046875 0.365146225 0.302734375 0.3689366703125 0.3017578125 0.371463634375 0.2998046875 0.371463634375 0.2939453125 0.3702001515625 0.29296875 0.3676731890625 0.29296875
1 0.420739421875 0.296875 0.4169489765625 0.2998046875 0.4169489765625 0.3037109375 0.420739421875 0.306640625 0.4257933484375 0.306640625 0.42705682968750003 0.3056640625 0.4295837953125 0.3037109375 0.4295837953125 0.2978515625 0.4283203125 0.296875 0.420739421875 0.296875
1 0.501602253125 0.296875 0.4952848453125 0.3017578125 0.4952848453125 0.3037109375 0.499075290625 0.306640625 0.5041292171875 0.306640625 0.5053926984375 0.3056640625 0.5079196625 0.3037109375 0.5079196625 0.2978515625 0.50665618125 0.296875 0.501602253125 0.296875
1 0.53950670625 0.2890625 0.533189296875 0.2939453125 0.533189296875 0.2958984375 0.53697974375 0.298828125 0.54203366875 0.298828125 0.5432971515625 0.2978515625 0.545824115625 0.2958984375 0.545824115625 0.2919921875 0.54203366875 0.2890625 0.53950670625 0.2890625
1 0.595099903125 0.2890625 0.5887824937499999 0.2939453125 0.5887824937499999 0.2958984375 0.5925729390625001 0.298828125 0.5976268671875 0.298828125 0.5988903484375 0.2978515625 0.6014173109375001 0.2958984375 0.6014173109375001 0.2919921875 0.5976268671875 0.2890625 0.595099903125 0.2890625
1 0.6330043562500001 0.2890625 0.626686946875 0.2919921875 0.626686946875 0.2978515625 0.627950428125 0.298828125 0.6330043562500001 0.298828125 0.6342678375 0.2978515625 0.6393217640625 0.2939453125 0.6393217640625 0.2919921875 0.63553131875 0.2890625 0.6330043562500001 0.2890625
1 0.6885975515625 0.296875 0.6848071078125 0.2998046875 0.6848071078125 0.3056640625 0.6860705890625 0.306640625 0.6911245171875 0.306640625 0.6923879984375 0.3056640625 0.697441925 0.3017578125 0.697441925 0.2998046875 0.6936514796875 0.296875 0.6885975515625 0.296875
1 0.7555620843749999 0.2939453125 0.7555620843749999 0.2958984375 0.75935253125 0.298828125 0.7644064562499999 0.298828125 0.7656699390624999 0.2978515625 0.768196903125 0.2919921875 0.7644064562499999 0.2890625 0.76187949375 0.2890625 0.7555620843749999 0.2939453125
1 0.8174726906249999 0.2890625 0.8136822453124999 0.2919921875 0.8136822453124999 0.2978515625 0.8149457281249999 0.298828125 0.8199996546874999 0.298828125 0.8212631359375001 0.2978515625 0.8237900984375001 0.2958984375 0.8237900984375001 0.2900390625 0.8225266171875001 0.2890625 0.8174726906249999 0.2890625
1 0.8705389234375 0.2890625 0.8667484796875 0.2919921875 0.8667484796875 0.2958984375 0.8705389234375 0.298828125 0.8743293703124999 0.2978515625 0.8793832953124999 0.2939453125 0.8793832953124999 0.2919921875 0.8755928515625 0.2890625 0.8705389234375 0.2890625
1 0.9185512296875 0.287109375 0.9147607859375 0.2900390625 0.9147607859375 0.2919921875 0.9185512296875 0.294921875 0.9236051578125 0.294921875 0.9248686390625 0.2939453125 0.927395603125 0.2919921875 0.927395603125 0.2880859375 0.9261321203125 0.287109375 0.9185512296875 0.287109375
1 0.9589826453124999 0.287109375 0.9551922015625 0.2919921875 0.9589826453124999 0.294921875 0.9640365734375 0.294921875 0.9653000546875001 0.2939453125 0.9678270187500001 0.2919921875 0.9678270187500001 0.2880859375 0.9665635359375001 0.287109375 0.9589826453124999 0.287109375
1 0.0770723859375 0.4375 0.0732819421875 0.4404296875 0.0732819421875 0.4443359375 0.07454542343750001 0.4453125 0.08212631249999999 0.4453125 0.0833897953125 0.4443359375 0.085916759375 0.4423828125 0.085916759375 0.4384765625 0.084653278125 0.4375 0.0770723859375 0.4375
1 0.132665584375 0.4296875 0.126348175 0.4345703125 0.126348175 0.4365234375 0.13013861875 0.439453125 0.13519254687499999 0.439453125 0.136456028125 0.4384765625 0.13898299218750002 0.4365234375 0.13898299218750002 0.4306640625 0.137719509375 0.4296875 0.132665584375 0.4296875
1 0.18825878125 0.4296875 0.18194137187499998 0.4345703125 0.1857318171875 0.439453125 0.18952226249999998 0.4384765625 0.19457618906250002 0.4365234375 0.19457618906250002 0.4306640625 0.1933127078125 0.4296875 0.18825878125 0.4296875
1 0.228690196875 0.4296875 0.22489975 0.4326171875 0.22489975 0.4365234375 0.228690196875 0.439453125 0.232480640625 0.4384765625 0.23500760468749998 0.4365234375 0.23500760468749998 0.4306640625 0.2337441234375 0.4296875 0.228690196875 0.4296875
1 0.28681035781249997 0.4296875 0.2830199109375 0.4326171875 0.2830199109375 0.4365234375 0.28681035781249997 0.439453125 0.2906008015625 0.4384765625 0.2956547296875 0.4345703125 0.2956547296875 0.4326171875 0.2918642828125 0.4296875 0.28681035781249997 0.4296875
1 0.357565334375 0.4296875 0.351247925 0.4345703125 0.357565334375 0.439453125 0.358828815625 0.4384765625 0.36388274374999996 0.4365234375 0.36388274374999996 0.4306640625 0.3626192625 0.4296875 0.357565334375 0.4296875
1 0.41568549531250004 0.43359375 0.41189505000000004 0.4365234375 0.41189505000000004 0.4404296875 0.41315853125 0.44140625 0.420739421875 0.44140625 0.4220029046875 0.4404296875 0.4220029046875 0.4384765625 0.4245298671875 0.4365234375 0.420739421875 0.43359375 0.41568549531250004 0.43359375
1 0.48012306406249994 0.4462890625 0.48391350937500005 0.44921875 0.4914944 0.44921875 0.49275788125000003 0.4482421875 0.49275788125000003 0.4423828125 0.4914944 0.44140625 0.48644047187500006 0.44140625 0.48012306406249994 0.4462890625
1 0.547087596875 0.43359375 0.5432971515625 0.4365234375 0.5432971515625 0.4404296875 0.544560634375 0.44140625 0.5521415234375 0.44140625 0.5534050046875 0.4404296875 0.5559319687500001 0.4384765625 0.5559319687500001 0.4345703125 0.5546684875000001 0.43359375 0.547087596875 0.43359375
1 0.6064712390625 0.4365234375 0.6064712390625 0.4404296875 0.6077347203125 0.44140625 0.6153156109375 0.44140625 0.61657909375 0.4404296875 0.61657909375 0.4345703125 0.6153156109375 0.43359375 0.610261684375 0.43359375 0.6064712390625 0.4365234375
1 0.6570105093749999 0.4404296875 0.6570105093749999 0.4443359375 0.6582739906249999 0.4453125 0.66585488125 0.4453125 0.6671183625 0.4443359375 0.6671183625 0.4384765625 0.66585488125 0.4375 0.6608009546875 0.4375 0.6570105093749999 0.4404296875
1 0.7012323703125001 0.4375 0.6949149609374999 0.4404296875 0.6949149609374999 0.4443359375 0.6961784421874999 0.4453125 0.7037593328125 0.4453125 0.705022815625 0.4443359375 0.707549778125 0.4423828125 0.707549778125 0.4384765625 0.706286296875 0.4375 0.7012323703125001 0.4375
1 0.756825565625 0.44140625 0.753035121875 0.4443359375 0.753035121875 0.4482421875 0.756825565625 0.451171875 0.7606160125 0.4501953125 0.7656699390624999 0.4482421875 0.7656699390624999 0.4423828125 0.7644064562499999 0.44140625 0.756825565625 0.44140625
1 0.8376883984375001 0.44140625 0.8313709890625001 0.4462890625 0.8326344718750001 0.44921875 0.8402153625000001 0.44921875 0.84147884375 0.4482421875 0.8440058078125 0.4462890625 0.8440058078125 0.4423828125 0.842742325 0.44140625 0.8376883984375001 0.44140625
1 0.8755928515625 0.43359375 0.8718024046874999 0.4365234375 0.8718024046874999 0.4404296875 0.8730658890624999 0.44140625 0.8806467781249999 0.44140625 0.8819102609374999 0.4404296875 0.8844372234375 0.4384765625 0.8844372234375 0.4365234375 0.8806467781249999 0.43359375 0.8755928515625 0.43359375
1 0.9172877484375 0.4384765625 0.9185512296875 0.44140625 0.928659084375 0.44140625 0.929922565625 0.4404296875 0.929922565625 0.4345703125 0.928659084375 0.43359375 0.9236051578125 0.43359375 0.9172877484375 0.4384765625
1 0.9551922015625 0.4248046875 0.9551922015625 0.4287109375 0.9589826453124999 0.431640625 0.9627730921875 0.4306640625 0.9678270187500001 0.4248046875 0.9640365734375 0.421875 0.9615096109374999 0.421875 0.9551922015625 0.4248046875
1 0.0770723859375 0.55859375 0.0732819421875 0.5615234375 0.0732819421875 0.5654296875 0.07454542343750001 0.56640625 0.08212631249999999 0.56640625 0.0833897953125 0.5654296875 0.085916759375 0.5634765625 0.085916759375 0.5595703125 0.084653278125 0.55859375 0.0770723859375 0.55859375
1 0.1475982015625 0.5701423937500001 0.14996247499999998 0.5670097421875 0.15063798281250002 0.5643992015625 0.1465849421875 0.562832875 0.1428696546875 0.5630939296874999 0.13915436875 0.5659655265625 0.138816615625 0.5683150140625 0.14118088906249998 0.5709255546875001 0.144558421875 0.5709255546875001 0.1475982015625 0.5701423937500001
1 0.18825878125 0.56640625 0.18446833437500001 0.5693359375 0.18446833437500001 0.5732421875 0.1857318171875 0.57421875 0.1933127078125 0.57421875 0.19457618906250002 0.5732421875 0.1971031515625 0.5712890625 0.1971031515625 0.5673828125 0.1958396703125 0.56640625 0.18825878125 0.56640625
1 0.24385197656250002 0.5703125 0.24006153281249998 0.5732421875 0.24006153281249998 0.5771484375 0.2413250140625 0.578125 0.2489059046875 0.578125 0.2501693859375 0.5771484375 0.25269635 0.5751953125 0.25269635 0.5712890625 0.2514328671875 0.5703125 0.24385197656250002 0.5703125
1 0.28681035781249997 0.56640625 0.2830199109375 0.5693359375 0.2830199109375 0.5732421875 0.2842833921875 0.57421875 0.2918642828125 0.57421875 0.293127765625 0.5732421875 0.293127765625 0.5712890625 0.2956547296875 0.5693359375 0.2918642828125 0.56640625 0.28681035781249997 0.56640625
1 0.32471480937499997 0.57421875 0.3209243640625 0.5771484375 0.3209243640625 0.5810546875 0.3221878453125 0.58203125 0.3297687359375 0.58203125 0.33103221718750003 0.5810546875 0.3335591828125 0.5791015625 0.3335591828125 0.5751953125 0.3322956984375 0.57421875 0.32471480937499997 0.57421875
1 0.3790445234375 0.5810546875 0.3790445234375 0.5849609375 0.3803080046875 0.5859375 0.3904158609375 0.5859375 0.3916793421875 0.5849609375 0.3916793421875 0.5771484375 0.3904158609375 0.576171875 0.38283497031249997 0.578125 0.3790445234375 0.5810546875
1 0.4662247640625 0.578125 0.4624343203125 0.5810546875 0.4624343203125 0.5849609375 0.4636978015625 0.5859375 0.47127869218749996 0.5859375 0.4725421734375 0.5849609375 0.4725421734375 0.5830078125 0.4750691359375 0.5810546875 0.47380565468749997 0.578125 0.4662247640625 0.578125
1 0.500338771875 0.5693359375 0.500338771875 0.5732421875 0.501602253125 0.57421875 0.50665618125 0.57421875 0.5079196625 0.5732421875 0.5129735890625 0.5693359375 0.5091831453125 0.56640625 0.5041292171875 0.56640625 0.500338771875 0.5693359375
1 0.5673033046875 0.56640625 0.5635128609375 0.5693359375 0.5635128609375 0.5732421875 0.5647763421875001 0.57421875 0.57235723125 0.57421875 0.5736207125 0.5732421875 0.5736207125 0.5712890625 0.576147678125 0.5693359375 0.57235723125 0.56640625 0.5673033046875 0.56640625
1 0.6380582828125 0.5703125 0.6342678375 0.5732421875 0.6342678375 0.5771484375 0.63553131875 0.578125 0.643112209375 0.578125 0.6443756921875 0.5771484375 0.6469026546875 0.5751953125 0.6469026546875 0.5712890625 0.6456391734375 0.5703125 0.6380582828125 0.5703125
1 0.7012323703125001 0.587890625 0.6949149609374999 0.5927734375 0.6987054078125 0.59765625 0.7037593328125 0.59765625 0.705022815625 0.5966796875 0.7100767421875 0.5927734375 0.7100767421875 0.5908203125 0.706286296875 0.587890625 0.7012323703125001 0.587890625
1 0.7820952015625 0.58984375 0.7783047578125 0.5927734375 0.7783047578125 0.5947265625 0.7820952015625 0.59765625 0.7871491296875 0.59765625 0.7884126109375 0.5966796875 0.7909395734375 0.5947265625 0.7909395734375 0.5908203125 0.7896760921875 0.58984375 0.7820952015625 0.58984375
1 0.8199996546874999 0.58203125 0.8187361734374999 0.5830078125 0.8187361734374999 0.5888671875 0.8199996546874999 0.58984375 0.8250535812500001 0.58984375 0.8263170640625 0.5888671875 0.8288440265625001 0.5869140625 0.8288440265625001 0.5830078125 0.8275805453125 0.58203125 0.8199996546874999 0.58203125
1 0.8831737421874999 0.57421875 0.8793832953124999 0.5771484375 0.8793832953124999 0.5810546875 0.8806467781249999 0.58203125 0.8882276687499999 0.58203125 0.8894911499999999 0.5810546875 0.8920181125 0.5791015625 0.8920181125 0.5751953125 0.8907546312499999 0.57421875 0.8831737421874999 0.57421875
1 0.9564556828124999 0.578125 0.9551922015625 0.5791015625 0.9551922015625 0.5849609375 0.9564556828124999 0.5859375 0.9640365734375 0.5859375 0.9653000546875001 0.5849609375 0.9653000546875001 0.5830078125 0.9678270187500001 0.5810546875 0.9665635359375001 0.578125 0.9564556828124999 0.578125
1 0.0707549765625 0.7333984375 0.0707549765625 0.7353515625 0.07454542343750001 0.73828125 0.08212631249999999 0.73828125 0.0833897953125 0.7373046875 0.0833897953125 0.7294921875 0.08212631249999999 0.728515625 0.07454542343750001 0.728515625 0.0707549765625 0.7333984375
1 0.1528812921875 0.728515625 0.1490908453125 0.7314453125 0.1490908453125 0.7353515625 0.1528812921875 0.73828125 0.1566717359375 0.7373046875 0.1617256640625 0.7333984375 0.1617256640625 0.7314453125 0.1579352171875 0.728515625 0.1528812921875 0.728515625
1 0.1933127078125 0.720703125 0.1869952984375 0.7255859375 0.1869952984375 0.7275390625 0.19078574375 0.73046875 0.19457618906250002 0.7294921875 0.19963011718749998 0.7275390625 0.19963011718749998 0.7216796875 0.198366634375 0.720703125 0.1933127078125 0.720703125
1 0.23627108749999998 0.720703125 0.229953678125 0.7255859375 0.229953678125 0.7275390625 0.2337441234375 0.73046875 0.23753456874999998 0.7294921875 0.2425884953125 0.7255859375 0.2425884953125 0.7216796875 0.2413250140625 0.720703125 0.23627108749999998 0.720703125
1 0.2741755390625 0.7109375 0.27038509374999997 0.7138671875 0.27038509374999997 0.7177734375 0.271648575 0.71875 0.276702503125 0.71875 0.27796598437500003 0.7177734375 0.2804929484375 0.7158203125 0.2804929484375 0.7119140625 0.279229465625 0.7109375 0.2741755390625 0.7109375
1 0.3373496265625 0.703125 0.3335591828125 0.7060546875 0.3335591828125 0.7099609375 0.3348226640625 0.7109375 0.3424035546875 0.7109375 0.3436670359375 0.7099609375 0.3461939984375 0.7080078125 0.3461939984375 0.7041015625 0.3449305171875 0.703125 0.3373496265625 0.703125
1 0.41063156875000006 0.70703125 0.406841121875 0.7119140625 0.41063156875000006 0.71484375 0.41568549531250004 0.71484375 0.4169489765625 0.7138671875 0.4194759390625 0.7119140625 0.4194759390625 0.7080078125 0.41821245781250005 0.70703125 0.41063156875000006 0.70703125
1 0.44727253749999996 0.7138671875 0.44727253749999996 0.7158203125 0.45106298437500003 0.71875 0.45485342968750003 0.7177734375 0.45990735625 0.7138671875 0.45864387500000003 0.7109375 0.45106298437500003 0.7109375 0.44727253749999996 0.7138671875
1 0.5117101078124999 0.712890625 0.5053926984375 0.7158203125 0.5053926984375 0.7216796875 0.50665618125 0.72265625 0.5117101078124999 0.72265625 0.5129735890625 0.7216796875 0.5155005515625 0.7197265625 0.5155005515625 0.7138671875 0.5142370703125 0.712890625 0.5117101078124999 0.712890625
1 0.5521415234375 0.7109375 0.5508780421874999 0.7119140625 0.5508780421874999 0.7177734375 0.5521415234375 0.71875 0.5571954515625 0.71875 0.5584589328125 0.7177734375 0.5609858953125 0.7158203125 0.5609858953125 0.7119140625 0.5597224140625 0.7109375 0.5521415234375 0.7109375
1 0.58625553125 0.7216796875 0.5900459765625 0.7265625 0.595099903125 0.7265625 0.596363384375 0.7255859375 0.5988903484375 0.7236328125 0.5988903484375 0.7197265625 0.595099903125 0.716796875 0.58625553125 0.7216796875
1 0.6582739906249999 0.720703125 0.6519565828125 0.7255859375 0.6532200640625 0.728515625 0.6557470265625 0.728515625 0.6582739906249999 0.73046875 0.659537471875 0.7294921875 0.6645914 0.7255859375 0.6645914 0.7216796875 0.6633279171875001 0.720703125 0.6582739906249999 0.720703125
1 0.751771640625 0.720703125 0.7479811953125 0.7236328125 0.7479811953125 0.7294921875 0.7492446765625 0.73046875 0.754298603125 0.73046875 0.7555620843749999 0.7294921875 0.7606160125 0.7255859375 0.7606160125 0.7236328125 0.756825565625 0.720703125 0.751771640625 0.720703125
1 0.7934665375 0.7138671875 0.7934665375 0.7158203125 0.7972569828125 0.71875 0.801047428125 0.7177734375 0.8061013562499999 0.7138671875 0.8023109093749999 0.7109375 0.7972569828125 0.7109375 0.7934665375 0.7138671875
1 0.8705389234375 0.712890625 0.8642215156249999 0.7158203125 0.8642215156249999 0.7216796875 0.865484996875 0.72265625 0.8705389234375 0.72265625 0.8718024046874999 0.7216796875 0.8743293703124999 0.7197265625 0.8743293703124999 0.7138671875 0.8730658890624999 0.712890625 0.8705389234375 0.712890625
1 0.9514017562499999 0.7109375 0.9476113109375 0.7138671875 0.9476113109375 0.7158203125 0.9514017562499999 0.71875 0.9564556828124999 0.71875 0.9577191640624999 0.7177734375 0.9602461281249999 0.7158203125 0.9602461281249999 0.7119140625 0.9589826453124999 0.7109375 0.9514017562499999 0.7109375
1 0.10992291093749999 0.849609375 0.10360550312500001 0.8544921875 0.10360550312500001 0.8564453125 0.1073959484375 0.859375 0.1086594296875 0.8583984375 0.1162403203125 0.8564453125 0.1162403203125 0.8525390625 0.11244987656250001 0.849609375 0.10992291093749999 0.849609375
1 0.2830199109375 0.8486328125 0.2830199109375 0.8525390625 0.28681035781249997 0.85546875 0.2906008015625 0.8544921875 0.2956547296875 0.8505859375 0.2956547296875 0.8486328125 0.2893373203125 0.845703125 0.2830199109375 0.8486328125
1 0.4308472765625 0.84375 0.4295837953125 0.8447265625 0.4295837953125 0.8505859375 0.4308472765625 0.8515625 0.43590120312499997 0.8515625 0.437164684375 0.8505859375 0.44221861249999994 0.8466796875 0.44221861249999994 0.8447265625 0.44095512968749995 0.84375 0.4308472765625 0.84375
1 0.6153156109375 0.857421875 0.6089982015625 0.8623046875 0.610261684375 0.865234375 0.6203695375 0.865234375 0.62163301875 0.8642578125 0.62163301875 0.8623046875 0.6241599843750001 0.8603515625 0.6203695375 0.857421875 0.6153156109375 0.857421875
1 0.8031774 0.8617399453125 0.8065549328125 0.8596515109375 0.8065549328125 0.8570409703124999 0.805541675 0.8533862109375001 0.8008131281249999 0.8533862109375001 0.796422334375 0.8544304265625 0.7933825546875 0.857563078125 0.7930448 0.8617399453125 0.796422334375 0.8640894343750001 0.7991243609375001 0.8635673234375 0.8031774 0.8617399453125
0 0.2069412640625 0.1230836109375 0.2075325234375 0.128872196875 0.27335955625 0.128567534375 0.27276829375 0.1233882734375 0.2069412640625 0.1230836109375
0 0.532043025 0.12763228437500002 0.580908415625 0.127306690625 0.58111904375 0.126004321875 0.6411476515625 0.12551593125 0.64030514375 0.11900408124999999 0.61060678125 0.1191668765625 0.6097642750000001 0.12014365468749999 0.5615307609375 0.12014365468749999 0.56089888125 0.12177161875 0.511401609375 0.121608821875 0.5109803562499999 0.12307398750000001 0.48380951093749996 0.12242280312500001 0.48444139062499997 0.12893465312500002 0.5073997015625 0.1286090609375 0.53141114375 0.1286090609375 0.532043025 0.12763228437500002
0 0.81301903125 0.1186784890625 0.812597778125 0.12551593125 0.967408396875 0.124864746875 0.966565890625 0.1193296734375 0.81301903125 0.1186784890625
0 0.214791896875 0.2685546875 0.22110930624999997 0.2734375 0.28175642968750003 0.2734375 0.2842833921875 0.275390625 0.371463634375 0.2744140625 0.3702001515625 0.26953125 0.3221878453125 0.26953125 0.31966088125000003 0.267578125 0.214791896875 0.2685546875
0 0.6077347203125 0.2734375 0.6380582828125 0.2734375 0.6393217640625 0.2685546875 0.6001538296875 0.267578125 0.5976268671875 0.26953125 0.57235723125 0.26953125 0.56983026875 0.271484375 0.5117101078124999 0.2734375 0.5079196625 0.2763671875 0.5091831453125 0.279296875 0.533189296875 0.2783203125 0.577411159375 0.27734375 0.5799381218749999 0.275390625 0.6052077578125 0.275390625 0.6077347203125 0.2734375
0 0.8932815968750001 0.265625 0.8326344718750001 0.265625 0.8237900984375001 0.2685546875 0.8250535812500001 0.271484375 0.8945450781250001 0.2705078125 0.9665635359375001 0.26953125 0.9678270187500001 0.2646484375 0.895808559375 0.263671875 0.8932815968750001 0.265625
0 0.1958396703125 0.412109375 0.36388274374999996 0.4111328125 0.36640970624999997 0.4091796875 0.3626192625 0.40625 0.19457618906250002 0.4072265625 0.1958396703125 0.412109375
0 0.6860705890625 0.412109375 0.5673033046875 0.412109375 0.5647763421875001 0.41015625 0.5534050046875 0.4130859375 0.5571954515625 0.41796875 0.705022815625 0.4208984375 0.707549778125 0.4189453125 0.706286296875 0.4140625 0.6885975515625 0.4140625 0.6860705890625 0.412109375
0 0.9337130124999999 0.40625 0.9564556828124999 0.40625 0.9678270187500001 0.4013671875 0.9311860484375 0.400390625 0.928659084375 0.40234375 0.865484996875 0.404296875 0.862958034375 0.40625 0.8440058078125 0.4072265625 0.8452692890625 0.412109375 0.8692754421875 0.4111328125 0.8983355218750001 0.41015625 0.9008624875000001 0.408203125 0.9311860484375 0.408203125 0.9337130124999999 0.40625
0 0.28175642968750003 0.548828125 0.279229465625 0.546875 0.2489059046875 0.546875 0.2463789421875 0.544921875 0.20847448906250002 0.544921875 0.20594752500000002 0.54296875 0.198366634375 0.54296875 0.19457618906250002 0.5458984375 0.1958396703125 0.548828125 0.2185823421875 0.548828125 0.22110930624999997 0.55078125 0.2893373203125 0.552734375 0.2918642828125 0.5546875 0.31966088125000003 0.5546875 0.3221878453125 0.556640625 0.3335591828125 0.5556640625 0.3322956984375 0.55078125 0.31713391875 0.55078125 0.31460695625 0.548828125 0.28175642968750003 0.548828125
0 0.57235723125 0.546875 0.4940213625 0.548828125 0.4725421734375 0.5517578125 0.47380565468749997 0.556640625 0.485176990625 0.5556640625 0.6456391734375 0.548828125 0.6469026546875 0.5439453125 0.5748841953125 0.544921875 0.57235723125 0.546875
0 0.9640365734375 0.55078125 0.936239975 0.55078125 0.8882276687499999 0.5546875 0.8225266171875001 0.5546875 0.8199996546874999 0.556640625 0.79220305625 0.556640625 0.7884126109375 0.5595703125 0.79220305625 0.564453125 0.8111552812499999 0.5634765625 0.9412939031249999 0.55859375 0.9640365734375 0.556640625 0.9678270187500001 0.5537109375 0.9640365734375 0.55078125
0 0.2804929484375 0.6884765625 0.2489059046875 0.6875 0.2463789421875 0.689453125 0.2185823421875 0.689453125 0.216055378125 0.69140625 0.1629891453125 0.693359375 0.1591987015625 0.6962890625 0.1591987015625 0.7001953125 0.1642526265625 0.7001953125 0.22363626874999998 0.697265625 0.22616323437500002 0.6953125 0.279229465625 0.693359375 0.2804929484375 0.6884765625
0 0.496548328125 0.689453125 0.4940213625 0.6875 0.45738039218750004 0.6884765625 0.45864387500000003 0.693359375 0.5243449250000001 0.6953125 0.5268718890625 0.697265625 0.5571954515625 0.697265625 0.5597224140625 0.69921875 0.6014173109375001 0.6982421875 0.5976268671875 0.693359375 0.5647763421875001 0.693359375 0.5622493765625001 0.69140625 0.496548328125 0.689453125
0 0.7644064562499999 0.693359375 0.7580890484375 0.6962890625 0.76187949375 0.701171875 0.768196903125 0.7001953125 0.9589826453124999 0.693359375 0.9602461281249999 0.6884765625 0.85285018125 0.689453125 0.7644064562499999 0.693359375