1 0.22262168125 0.1875 0.21847345156250003 0.1904296875 0.21847345156250003 0.1923828125 0.22262168125 0.1953125 0.22815265468749998 0.1953125 0.2295353984375 0.1943359375 0.232300884375 0.1923828125 0.232300884375 0.1884765625 0.2309181421875 0.1875 0.22262168125 0.1875
1 0.277931415625 0.18359375 0.2737831859375 0.1865234375 0.2737831859375 0.1884765625 0.277931415625 0.19140625 0.2834623890625 0.19140625 0.2848451328125 0.1904296875 0.28761061875 0.1884765625 0.28761061875 0.1845703125 0.28622787656250004 0.18359375 0.277931415625 0.18359375
1 0.31111725625000003 0.18359375 0.30420353906250003 0.1884765625 0.3083517703125 0.19140625 0.31388274374999997 0.19140625 0.3152654875 0.1904296875 0.31803097343750003 0.1884765625 0.31803097343750003 0.1845703125 0.3166482296875 0.18359375 0.31111725625000003 0.18359375
1 0.35536504375 0.17578125 0.35259955781249996 0.177734375 0.348451328125 0.1787109375 0.348451328125 0.1826171875 0.34983407031249997 0.18359375 0.35813053125 0.18359375 0.35951327499999997 0.1826171875 0.3622787609375 0.1806640625 0.3622787609375 0.1767578125 0.36089601718750003 0.17578125 0.35536504375 0.17578125
1 0.41620575156250006 0.171875 0.41344026562499997 0.173828125 0.4092920359375 0.1748046875 0.4092920359375 0.1787109375 0.41344026562499997 0.1796875 0.41620575156250006 0.181640625 0.41758849531250003 0.1806640625 0.42311946875000006 0.1767578125 0.42311946875000006 0.1728515625 0.421736725 0.171875 0.41620575156250006 0.171875
1 0.46875 0.169921875 0.46460177031249994 0.1728515625 0.46460177031249994 0.1748046875 0.46875 0.177734375 0.47289822968750006 0.1767578125 0.478429203125 0.1748046875 0.478429203125 0.1708984375 0.47704646093749997 0.169921875 0.46875 0.169921875
1 0.4964048671875 0.169921875 0.4950221234375 0.1708984375 0.4950221234375 0.1748046875 0.4991703546875 0.177734375 0.503318584375 0.1767578125 0.5088495578125001 0.1728515625 0.5088495578125001 0.1708984375 0.5074668140624999 0.169921875 0.4964048671875 0.169921875
1 0.5434181421875001 0.162109375 0.5392699109375 0.1650390625 0.5392699109375 0.1689453125 0.5406526546875 0.169921875 0.5489491156249999 0.169921875 0.5503318578124999 0.1689453125 0.5530973453125 0.1669921875 0.5530973453125 0.1650390625 0.5489491156249999 0.162109375 0.5434181421875001 0.162109375
1 0.60425885 0.158203125 0.6001106187499999 0.1611328125 0.6001106187499999 0.1650390625 0.6014933625000001 0.166015625 0.6097898234375 0.166015625 0.611172565625 0.1650390625 0.6139380531249999 0.1630859375 0.6139380531249999 0.1591796875 0.612555309375 0.158203125 0.60425885 0.158203125
1 0.6706305312499999 0.150390625 0.6664823015625 0.1533203125 0.6664823015625 0.1572265625 0.6706305312499999 0.16015625 0.6720132750000001 0.1591796875 0.6775442484374999 0.1572265625 0.6775442484374999 0.1513671875 0.6761615046875 0.150390625 0.6706305312499999 0.150390625
1 0.7157291078125 0.156374359375 0.713710125 0.1511460375 0.7069801859375 0.1513836890625 0.70193273125 0.15423550156250002 0.701596234375 0.158037915625 0.7069801859375 0.159463821875 0.7127006359375 0.15851321875 0.7157291078125 0.156374359375
1 0.8025453328125 0.156374359375 0.8028818296875 0.1511460375 0.7991803625 0.150670734375 0.793123415625 0.151621340625 0.7880759609375 0.1537601984375 0.7884124578125 0.1582755671875 0.7951423984375 0.1601767765625 0.7995168609375 0.15970147343750002 0.8025453328125 0.156374359375
1 0.8531526546875 0.150390625 0.8490044250000001 0.1533203125 0.8490044250000001 0.1572265625 0.8531526546875 0.16015625 0.8586836281249999 0.16015625 0.8600663718750001 0.1591796875 0.8628318578125 0.1572265625 0.8628318578125 0.1513671875 0.861449115625 0.150390625 0.8531526546875 0.150390625
1 0.9222898234375 0.162109375 0.9181415921875 0.1650390625 0.9181415921875 0.1689453125 0.9195243359375 0.169921875 0.925055309375 0.169921875 0.9264380531249999 0.1689453125 0.9292035390625 0.1669921875 0.9292035390625 0.1630859375 0.927820796875 0.162109375 0.9222898234375 0.162109375
1 0.9444137171874999 0.162109375 0.9402654874999999 0.1650390625 0.9402654874999999 0.1689453125 0.9416482296875 0.169921875 0.949944690625 0.169921875 0.951327434375 0.1689453125 0.9540929203124999 0.1669921875 0.9540929203124999 0.1650390625 0.949944690625 0.162109375 0.9444137171874999 0.162109375
1 0.15625 0.359375 0.1521017703125 0.3623046875 0.1521017703125 0.3662109375 0.1534845125 0.3671875 0.1590154875 0.3671875 0.1603982296875 0.3662109375 0.1631637171875 0.3642578125 0.1631637171875 0.3603515625 0.1617809734375 0.359375 0.15625 0.359375
1 0.170077434375 0.359375 0.1631637171875 0.3642578125 0.167311946875 0.3671875 0.17284292031249998 0.3671875 0.1742256640625 0.3662109375 0.17699115 0.3642578125 0.17699115 0.3603515625 0.1756084078125 0.359375 0.170077434375 0.359375
1 0.192201328125 0.359375 0.188053096875 0.3623046875 0.188053096875 0.3662109375 0.18943584062500002 0.3671875 0.1949668140625 0.3671875 0.19634955781250002 0.3662109375 0.19911504375 0.3642578125 0.19911504375 0.3603515625 0.1977323015625 0.359375 0.192201328125 0.359375
1 0.2170907078125 0.359375 0.212942478125 0.3623046875 0.212942478125 0.3662109375 0.21432522187499997 0.3671875 0.22262168125 0.3671875 0.224004425 0.3662109375 0.224004425 0.3642578125 0.2267699109375 0.3623046875 0.22262168125 0.359375 0.2170907078125 0.359375
1 0.23506637187499999 0.3623046875 0.23506637187499999 0.3662109375 0.236449115625 0.3671875 0.244745575 0.3671875 0.24612831875 0.3662109375 0.24612831875 0.3603515625 0.244745575 0.359375 0.2392146015625 0.359375 0.23506637187499999 0.3623046875
1 0.2488938046875 0.3623046875 0.2488938046875 0.3662109375 0.25027654843749997 0.3671875 0.258573009375 0.3671875 0.2599557515625 0.3662109375 0.2599557515625 0.3603515625 0.258573009375 0.359375 0.25304203593749997 0.359375 0.2488938046875 0.3623046875
1 0.27516592968750003 0.359375 0.2710176984375 0.3623046875 0.2710176984375 0.3662109375 0.27240044218750004 0.3671875 0.277931415625 0.3671875 0.27931415937500004 0.3662109375 0.28207964531249996 0.3642578125 0.28207964531249996 0.3603515625 0.280696903125 0.359375 0.27516592968750003 0.359375
1 0.29175885 0.359375 0.2848451328125 0.3642578125 0.28899336249999996 0.3671875 0.2945243359375 0.3671875 0.29590707968749996 0.3662109375 0.29590707968749996 0.3642578125 0.298672565625 0.3623046875 0.2945243359375 0.359375 0.29175885 0.359375
1 0.3166482296875 0.359375 0.3097345125 0.3642578125 0.31388274374999997 0.3671875 0.3194137171875 0.3671875 0.32079646093749997 0.3662109375 0.323561946875 0.3642578125 0.323561946875 0.3603515625 0.32217920312500004 0.359375 0.3166482296875 0.359375
1 0.3318584078125 0.3662109375 0.3318584078125 0.3681640625 0.33600663750000004 0.37109375 0.3401548671875 0.3701171875 0.34568584062499996 0.3662109375 0.344303096875 0.36328125 0.33600663750000004 0.36328125 0.3318584078125 0.3662109375
1 0.37472345156250003 0.36328125 0.3733407078125 0.3642578125 0.3733407078125 0.3681640625 0.3774889375 0.37109375 0.38163716875000003 0.3701171875 0.3844026546875 0.3681640625 0.3844026546875 0.3642578125 0.3830199109375 0.36328125 0.37472345156250003 0.36328125
1 0.39961283124999997 0.36328125 0.39546460156249996 0.3662109375 0.39546460156249996 0.3681640625 0.39961283124999997 0.37109375 0.4037610625 0.3701171875 0.40652654843749997 0.3681640625 0.40652654843749997 0.3642578125 0.4051438046875 0.36328125 0.39961283124999997 0.36328125
1 0.41067477812500003 0.36328125 0.4092920359375 0.3642578125 0.4092920359375 0.3701171875 0.41067477812500003 0.37109375 0.41620575156250006 0.37109375 0.41758849531250003 0.3701171875 0.42035398281249997 0.3681640625 0.42035398281249997 0.3642578125 0.4189712390625 0.36328125 0.41067477812500003 0.36328125
1 0.435564159375 0.36328125 0.43141592968750003 0.3662109375 0.43141592968750003 0.3681640625 0.435564159375 0.37109375 0.4397123890625 0.3701171875 0.4424778765625 0.3681640625 0.4424778765625 0.3642578125 0.4410951328125 0.36328125 0.435564159375 0.36328125
1 0.44662610625 0.36328125 0.4452433625 0.3642578125 0.4452433625 0.3681640625 0.44939159218749997 0.37109375 0.4535398234375 0.3701171875 0.45630530937499997 0.3681640625 0.45630530937499997 0.3642578125 0.454922565625 0.36328125 0.44662610625 0.36328125
1 0.46321902656249997 0.36328125 0.4618362828125 0.3642578125 0.4618362828125 0.3701171875 0.46321902656249997 0.37109375 0.46875 0.37109375 0.47013274374999997 0.3701171875 0.47289822968750006 0.3681640625 0.47289822968750006 0.3642578125 0.47151548749999994 0.36328125 0.46321902656249997 0.36328125
1 0.47289822968750006 0.3662109375 0.47289822968750006 0.3681640625 0.47704646093749997 0.37109375 0.48119469062500003 0.3701171875 0.48672566406250006 0.3662109375 0.4853429203125 0.36328125 0.47704646093749997 0.36328125 0.47289822968750006 0.3662109375
1 0.4991703546875 0.36328125 0.4977876109375 0.3642578125 0.4977876109375 0.3701171875 0.4991703546875 0.37109375 0.504701328125 0.37109375 0.5060840703125 0.3701171875 0.5088495578125001 0.3681640625 0.5088495578125001 0.3642578125 0.5074668140624999 0.36328125 0.4991703546875 0.36328125
1 0.5102323015625 0.36328125 0.5088495578125001 0.3642578125 0.5088495578125001 0.3681640625 0.5129977875 0.37109375 0.5171460171875 0.3701171875 0.5226769906250001 0.3662109375 0.5226769906250001 0.3642578125 0.5212942484374999 0.36328125 0.5102323015625 0.36328125
1 0.5309734515625 0.3662109375 0.5282079640624999 0.3681640625 0.5323561953125 0.37109375 0.5365044250000001 0.3701171875 0.5420353984374999 0.3662109375 0.5406526546875 0.36328125 0.5323561953125 0.36328125 0.5309734515625 0.3662109375
1 0.566924778125 0.3662109375 0.566924778125 0.3681640625 0.5710730093749999 0.37109375 0.5752212390625 0.3701171875 0.5807522125 0.3662109375 0.5793694687500001 0.36328125 0.5710730093749999 0.36328125 0.566924778125 0.3662109375
1 0.5973451328125 0.3759765625 0.5973451328125 0.3798828125 0.5987278765624999 0.380859375 0.6070243359374999 0.380859375 0.6084070796875001 0.3798828125 0.6084070796875001 0.3740234375 0.6070243359374999 0.373046875 0.6014933625000001 0.373046875 0.5973451328125 0.3759765625
1 0.6167035390625 0.3759765625 0.6167035390625 0.3798828125 0.6180862828125 0.380859375 0.62638274375 0.380859375 0.6277654874999999 0.3798828125 0.6277654874999999 0.3740234375 0.62638274375 0.373046875 0.6208517703124999 0.373046875 0.6167035390625 0.3759765625
1 0.637444690625 0.36328125 0.6332964609375 0.3662109375 0.6332964609375 0.3681640625 0.637444690625 0.37109375 0.6415929203124999 0.3701171875 0.6443584078125 0.3681640625 0.6443584078125 0.3642578125 0.6429756640625001 0.36328125 0.637444690625 0.36328125
1 0.6540376109375 0.36328125 0.6526548671875 0.3642578125 0.6526548671875 0.3701171875 0.6540376109375 0.37109375 0.659568584375 0.37109375 0.660951328125 0.3701171875 0.6637168140624999 0.3681640625 0.6637168140624999 0.3642578125 0.6623340703125 0.36328125 0.6540376109375 0.36328125
1 0.6706305312499999 0.36328125 0.6692477875 0.3642578125 0.6692477875 0.3701171875 0.6706305312499999 0.37109375 0.6761615046875 0.37109375 0.6775442484374999 0.3701171875 0.680309734375 0.3681640625 0.680309734375 0.3642578125 0.6789269906250001 0.36328125 0.6706305312499999 0.36328125
1 0.6872234515625 0.36328125 0.6858407078125001 0.3642578125 0.6858407078125001 0.3681640625 0.6899889375 0.37109375 0.6913716812499999 0.3701171875 0.6969026546875 0.3681640625 0.6969026546875 0.3642578125 0.6955199109375 0.36328125 0.6872234515625 0.36328125
1 0.7065818578124999 0.36328125 0.702433628125 0.3662109375 0.702433628125 0.3701171875 0.7065818578124999 0.373046875 0.7107300890625 0.3720703125 0.7162610625 0.3681640625 0.7162610625 0.3642578125 0.7148783187500001 0.36328125 0.7065818578124999 0.36328125
1 0.8213495578125001 0.3662109375 0.8213495578125001 0.3681640625 0.8254977875 0.37109375 0.8296460171875 0.3701171875 0.8351769906250001 0.3662109375 0.8310287609375001 0.36328125 0.8254977875 0.36328125 0.8213495578125001 0.3662109375
1 0.8420907078125 0.36328125 0.8407079640624999 0.3642578125 0.8407079640624999 0.3701171875 0.8420907078125 0.37109375 0.84762168125 0.37109375 0.8490044250000001 0.3701171875 0.8517699109375 0.3681640625 0.8517699109375 0.3642578125 0.85038716875 0.36328125 0.8420907078125 0.36328125
1 0.8600663718750001 0.3623046875 0.8600663718750001 0.3662109375 0.861449115625 0.3671875 0.8697455749999999 0.3671875 0.87112831875 0.3662109375 0.87112831875 0.3603515625 0.8697455749999999 0.359375 0.8642146015625001 0.359375 0.8600663718750001 0.3623046875
1 0.8835730093749999 0.3671875 0.879424778125 0.3701171875 0.879424778125 0.3720703125 0.8835730093749999 0.375 0.8877212390624999 0.3740234375 0.890486725 0.3720703125 0.890486725 0.3681640625 0.8891039828125 0.3671875 0.8835730093749999 0.3671875
1 0.9135876171874999 0.3743719921875 0.9159807750000001 0.369935303125 0.9147841968750001 0.3659211578125 0.9108953171874999 0.3657098859375 0.9055107124999999 0.3665549703125 0.9013226890625001 0.3678225953125 0.9007244 0.37204801249999997 0.9040149906250001 0.375217075 0.9096987375 0.37542834687500004 0.9135876171874999 0.3743719921875
1 0.142422565625 0.56640625 0.1382743359375 0.5693359375 0.1382743359375 0.5732421875 0.142422565625 0.576171875 0.14657079687500002 0.5751953125 0.1521017703125 0.5712890625 0.1521017703125 0.5673828125 0.1507190265625 0.56640625 0.142422565625 0.56640625
1 0.18667035468749998 0.56640625 0.18390486718750002 0.568359375 0.17975663749999998 0.5693359375 0.17975663749999998 0.5751953125 0.18113938125 0.576171875 0.18667035468749998 0.576171875 0.188053096875 0.5751953125 0.19081858437500002 0.5732421875 0.19081858437500002 0.5673828125 0.18943584062500002 0.56640625 0.18667035468749998 0.56640625
1 0.21432522187499997 0.5703125 0.20741150468749997 0.5751953125 0.2087942484375 0.578125 0.2170907078125 0.578125 0.21847345156250003 0.5771484375 0.22123893749999998 0.5751953125 0.22123893749999998 0.5712890625 0.2198561953125 0.5703125 0.21432522187499997 0.5703125
1 0.22815265468749998 0.556640625 0.224004425 0.5595703125 0.224004425 0.5615234375 0.22815265468749998 0.564453125 0.23368362812500001 0.564453125 0.23506637187499999 0.5634765625 0.2378318578125 0.5615234375 0.2378318578125 0.5576171875 0.236449115625 0.556640625 0.22815265468749998 0.556640625
1 0.244745575 0.556640625 0.24336283124999997 0.5576171875 0.24336283124999997 0.5634765625 0.244745575 0.564453125 0.25027654843749997 0.564453125 0.2516592921875 0.5634765625 0.25442477812500003 0.5615234375 0.25442477812500003 0.5576171875 0.25304203593749997 0.556640625 0.244745575 0.556640625
1 0.29175885 0.556640625 0.28761061875 0.5595703125 0.28761061875 0.5615234375 0.29175885 0.564453125 0.2972898234375 0.564453125 0.298672565625 0.5634765625 0.301438053125 0.5615234375 0.301438053125 0.5576171875 0.30005530937499997 0.556640625 0.29175885 0.556640625
1 0.281195928125 0.5647270515625 0.285982240625 0.561135446875 0.2841873734375 0.5566987578125 0.281195928125 0.555853675 0.2752130359375 0.5564874875 0.2722215890625 0.558388925 0.2716232984375 0.563036884375 0.2710250109375 0.5634594265625 0.27461474531249996 0.5647270515625 0.281195928125 0.5647270515625
1 0.3083517703125 0.556640625 0.30696902656249997 0.5576171875 0.30696902656249997 0.5634765625 0.3083517703125 0.564453125 0.31388274374999997 0.564453125 0.3152654875 0.5634765625 0.31803097343750003 0.5615234375 0.31803097343750003 0.5576171875 0.3166482296875 0.556640625 0.3083517703125 0.556640625
1 0.34983407031249997 0.556640625 0.34568584062499996 0.5595703125 0.34568584062499996 0.5634765625 0.347068584375 0.564453125 0.35259955781249996 0.564453125 0.3539823015625 0.5634765625 0.35674778749999997 0.5615234375 0.35674778749999997 0.5576171875 0.35536504375 0.556640625 0.34983407031249997 0.556640625
1 0.36089601718750003 0.556640625 0.35674778749999997 0.5595703125 0.35951327499999997 0.5615234375 0.36089601718750003 0.564453125 0.366426990625 0.564453125 0.36780973437500003 0.5634765625 0.37057522187499997 0.5615234375 0.37057522187499997 0.5576171875 0.369192478125 0.556640625 0.36089601718750003 0.556640625
1 0.3917478125 0.563276521875 0.3912363921875 0.557497475 0.3886792921875 0.5564139031249999 0.38458793125 0.5565944984375 0.37947372968750004 0.557497475 0.37921801875 0.5621929515625 0.3840765109375 0.56436009375 0.3884235828125 0.5641794984375 0.3917478125 0.563276521875
1 0.3966063046875 0.5564139031249999 0.39328207187499997 0.5573168796875 0.3912363921875 0.5605675953125 0.39277065312500004 0.5649018796874999 0.39993053437500004 0.56436009375 0.40325476406250005 0.5614705703125 0.40351047656250005 0.5565944984375 0.3966063046875 0.5564139031249999
1 0.41731881875 0.5625541421875 0.41757452968750003 0.5587616421875 0.41552884843750004 0.55587211875 0.4088803859375 0.5567750953124999 0.40530044531250004 0.5587616421875 0.40530044531250004 0.563095928125 0.40606757499999996 0.5649018796874999 0.41271603749999997 0.5656242609375 0.41731881875 0.5625541421875
1 0.427547221875 0.5567750953124999 0.4219216 0.556233309375 0.41757452968750003 0.557858665625 0.4168073984375 0.5618317609375 0.4180859484375 0.5649018796874999 0.4260129609375 0.5641794984375 0.4298486125 0.5616511656250001 0.429337190625 0.5589422374999999 0.427547221875 0.5567750953124999
1 0.4403327234375 0.5679719984375 0.443912665625 0.5636377140625 0.4423784046875 0.559484021875 0.43854275468750004 0.5596646187500001 0.43368426250000003 0.5609287843749999 0.4306157421875 0.5621929515625 0.4298486125 0.566166046875 0.4324057109375 0.568513784375 0.43496281249999996 0.569236165625 0.4403327234375 0.5679719984375
1 0.45541961718749996 0.560748190625 0.45030541562500004 0.560025809375 0.44646976406250005 0.5603869984375 0.44442408437500003 0.5621929515625 0.44340124375 0.565082475 0.44646976406250005 0.5679719984375 0.45337393593749997 0.567610809375 0.45593103749999997 0.5659854515625 0.45720958749999996 0.5636377140625 0.45541961718749996 0.560748190625
1 0.46598451250000006 0.560546875 0.46460177031249994 0.5615234375 0.46460177031249994 0.5673828125 0.46598451250000006 0.568359375 0.47151548749999994 0.568359375 0.47289822968750006 0.5673828125 0.4756637171875 0.5654296875 0.4756637171875 0.5615234375 0.47428097343750003 0.560546875 0.46598451250000006 0.560546875
1 0.4904518953125 0.5603869984375 0.487383375 0.5596646187500001 0.48124633437500003 0.560025809375 0.4766435515625 0.562373546875 0.47689926250000003 0.5667078328125 0.48405914531249994 0.568513784375 0.4889176359375 0.5679719984375 0.4904518953125 0.5603869984375
1 0.5017031375000001 0.5591228328125 0.494287546875 0.5596646187500001 0.4914747359375 0.5609287843749999 0.48942905468750003 0.563818309375 0.48994047656250006 0.5686943796875 0.49096331718749997 0.56815259375 0.498890328125 0.567791403125 0.5006802984375 0.566166046875 0.5029816890625 0.563276521875 0.5017031375000001 0.5591228328125
1 0.5157632750000001 0.564453125 0.51161504375 0.5654296875 0.51161504375 0.5693359375 0.5157632750000001 0.572265625 0.5171460171875 0.5712890625 0.5226769906250001 0.5693359375 0.5226769906250001 0.5654296875 0.5185287609375 0.5625 0.5157632750000001 0.564453125
1 0.5295907078125001 0.560546875 0.5282079640624999 0.5615234375 0.5282079640624999 0.5654296875 0.5323561953125 0.568359375 0.5365044250000001 0.5673828125 0.5392699109375 0.5654296875 0.5392699109375 0.5615234375 0.53788716875 0.560546875 0.5295907078125001 0.560546875
1 0.5600110625 0.560546875 0.5586283187500001 0.5615234375 0.5586283187500001 0.5673828125 0.5600110625 0.568359375 0.5655420359375001 0.568359375 0.566924778125 0.5673828125 0.569690265625 0.5654296875 0.569690265625 0.5615234375 0.568307521875 0.560546875 0.5600110625 0.560546875
1 0.5724557515625001 0.5634765625 0.5724557515625001 0.5654296875 0.5766039828125 0.568359375 0.5807522125 0.5673828125 0.5862831859375001 0.5634765625 0.5849004421874999 0.560546875 0.5766039828125 0.560546875 0.5724557515625001 0.5634765625
1 0.60425885 0.5703125 0.6001106187499999 0.5732421875 0.6001106187499999 0.5771484375 0.6014933625000001 0.578125 0.6097898234375 0.578125 0.611172565625 0.5771484375 0.611172565625 0.5751953125 0.6139380531249999 0.5732421875 0.6097898234375 0.5703125 0.60425885 0.5703125
1 0.6180862828125 0.560546875 0.6139380531249999 0.5634765625 0.6139380531249999 0.5654296875 0.6180862828125 0.568359375 0.62361725625 0.568359375 0.625 0.5673828125 0.6277654874999999 0.5654296875 0.6277654874999999 0.5615234375 0.62638274375 0.560546875 0.6180862828125 0.560546875
1 0.64574115 0.5703125 0.638827434375 0.5751953125 0.6429756640625001 0.578125 0.6485066374999999 0.578125 0.6498893812500001 0.5771484375 0.6526548671875 0.5751953125 0.6526548671875 0.5712890625 0.6512721234375001 0.5703125 0.64574115 0.5703125
1 0.6568030968749999 0.560546875 0.6554203546874999 0.5615234375 0.6554203546874999 0.5673828125 0.6568030968749999 0.568359375 0.6623340703125 0.568359375 0.6637168140624999 0.5673828125 0.6664823015625 0.5654296875 0.6664823015625 0.5615234375 0.6650995578125001 0.560546875 0.6568030968749999 0.560546875
1 0.682234440625 0.5659854515625 0.6835129906249999 0.56436009375 0.68325728125 0.560748190625 0.6809558906250001 0.559484021875 0.6725174578125 0.560748190625 0.6702160687500001 0.5629153328125 0.6694489375 0.5663466406250001 0.6712389078125 0.5674302140624999 0.676353109375 0.5683331890625001 0.682234440625 0.5659854515625
1 0.70550405625 0.5656242609375 0.7060154765625 0.560748190625 0.7016684046874999 0.559303428125 0.69501994375 0.559484021875 0.691440003125 0.56201235625 0.691440003125 0.567069021875 0.6945085234375 0.5686943796875 0.7014126953125001 0.56815259375 0.70550405625 0.5656242609375
1 0.7204092921874999 0.560546875 0.7190265484375 0.5615234375 0.7190265484375 0.5654296875 0.723174778125 0.568359375 0.7273230093749999 0.5673828125 0.7300884953125 0.5654296875 0.7300884953125 0.5615234375 0.7287057515625001 0.560546875 0.7204092921874999 0.560546875
1 0.7729535390625 0.560546875 0.7715707968750001 0.5615234375 0.7715707968750001 0.5673828125 0.7729535390625 0.568359375 0.7784845125000001 0.568359375 0.77986725625 0.5673828125 0.78263274375 0.5654296875 0.78263274375 0.5615234375 0.78125 0.560546875 0.7729535390625 0.560546875
1 0.8199668140625 0.560546875 0.8185840703125 0.5615234375 0.8185840703125 0.5673828125 0.8199668140625 0.568359375 0.8254977875 0.568359375 0.8268805312499999 0.5673828125 0.8296460171875 0.5654296875 0.8296460171875 0.5615234375 0.828263275 0.560546875 0.8199668140625 0.560546875
1 0.839325221875 0.560546875 0.837942478125 0.5615234375 0.837942478125 0.5673828125 0.839325221875 0.568359375 0.8448561953124999 0.568359375 0.8462389375000001 0.5673828125 0.8490044250000001 0.5654296875 0.8490044250000001 0.5615234375 0.84762168125 0.560546875 0.839325221875 0.560546875
1 0.861449115625 0.556640625 0.857300884375 0.5595703125 0.857300884375 0.5634765625 0.8586836281249999 0.564453125 0.8642146015625001 0.564453125 0.8655973453125 0.5634765625 0.86836283125 0.5615234375 0.86836283125 0.5576171875 0.8669800890625 0.556640625 0.861449115625 0.556640625
1 0.887313909375 0.5712227125 0.8908938515625 0.5686943796875 0.8898710109374999 0.5636377140625 0.8834782578124999 0.5636377140625 0.8791311875 0.5649018796874999 0.8763183765625 0.5659854515625 0.876829796875 0.5697779515625 0.87836405625 0.5717644984375 0.8834782578124999 0.5717644984375 0.887313909375 0.5712227125
1 0.909049265625 0.5717644984375 0.9133963359375 0.5694167609375 0.914163465625 0.5641794984375 0.9103278156249999 0.5625541421875 0.9054693234375 0.563276521875 0.90214509375 0.564540690625 0.8995879921875 0.5654436656249999 0.9003551218749999 0.5699585468749999 0.9000994125 0.5697779515625 0.9031679328125 0.572306284375 0.909049265625 0.5717644984375
1 0.142422565625 0.763671875 0.1382743359375 0.7666015625 0.1382743359375 0.7705078125 0.13965707968750002 0.771484375 0.1479535390625 0.771484375 0.1493362828125 0.7705078125 0.1521017703125 0.7685546875 0.1521017703125 0.7646484375 0.1507190265625 0.763671875 0.142422565625 0.763671875
1 0.18390486718750002 0.76171875 0.18113938125 0.76171875 0.17699115 0.7646484375 0.17837389374999998 0.767578125 0.18667035468749998 0.767578125 0.188053096875 0.7666015625 0.19081858437500002 0.7646484375 0.19081858437500002 0.7626953125 0.18667035468749998 0.759765625 0.18390486718750002 0.76171875
1 0.19634955781250002 0.7646484375 0.19634955781250002 0.7666015625 0.20049778749999997 0.76953125 0.20464601718750003 0.7685546875 0.210176990625 0.7646484375 0.2087942484375 0.76171875 0.20049778749999997 0.76171875 0.19634955781250002 0.7646484375
1 0.2309181421875 0.759765625 0.224004425 0.7646484375 0.224004425 0.7666015625 0.22815265468749998 0.76953125 0.232300884375 0.7685546875 0.2378318578125 0.7646484375 0.2378318578125 0.7626953125 0.23368362812500001 0.759765625 0.2309181421875 0.759765625
1 0.25027654843749997 0.76171875 0.24612831875 0.7626953125 0.24612831875 0.7685546875 0.24751106250000002 0.76953125 0.2516592921875 0.7685546875 0.25719026562499997 0.7666015625 0.25719026562499997 0.7626953125 0.25304203593749997 0.759765625 0.25027654843749997 0.76171875
1 0.3166482296875 0.7421875 0.3097345125 0.7470703125 0.3097345125 0.7490234375 0.31388274374999997 0.751953125 0.31803097343750003 0.7509765625 0.323561946875 0.7490234375 0.323561946875 0.7431640625 0.32217920312500004 0.7421875 0.3166482296875 0.7421875
1 0.35259955781249996 0.7421875 0.348451328125 0.7451171875 0.348451328125 0.7490234375 0.35259955781249996 0.751953125 0.3539823015625 0.7509765625 0.35951327499999997 0.7490234375 0.35951327499999997 0.7431640625 0.35813053125 0.7421875 0.35259955781249996 0.7421875
1 0.3650442484375 0.7529296875 0.3650442484375 0.7568359375 0.366426990625 0.7578125 0.37472345156250003 0.7578125 0.3761061953125 0.7568359375 0.3761061953125 0.7509765625 0.37472345156250003 0.75 0.369192478125 0.75 0.3650442484375 0.7529296875
1 0.40404889375 0.74985120625 0.40535227812499997 0.747641971875 0.40430957031250003 0.7430393984375 0.395967915625 0.7430393984375 0.3904937046875 0.7450645296875 0.3899723515625 0.7489306906250001 0.393621825 0.7515081328125001 0.398835359375 0.751692234375 0.40404889375 0.74985120625
1 0.41942881875 0.7432235015625 0.41343325468750003 0.7423029859375 0.4061343078125 0.74432811875 0.4045702453125 0.747641971875 0.40769836875000004 0.750771721875 0.4144759609375 0.750771721875 0.416561375 0.7505876171875 0.41995017187499994 0.747641971875 0.41942881875 0.7432235015625
1 0.4272676984375 0.75 0.42311946875000006 0.7529296875 0.42311946875000006 0.7568359375 0.42450221250000003 0.7578125 0.432798671875 0.7578125 0.434181415625 0.7568359375 0.434181415625 0.7548828125 0.43694690312500006 0.7529296875 0.432798671875 0.75 0.4272676984375 0.75
1 0.4521570796875 0.75 0.44800885 0.7529296875 0.44800885 0.7548828125 0.4521570796875 0.7578125 0.45768805312499994 0.7578125 0.459070796875 0.7568359375 0.459070796875 0.7548828125 0.4618362828125 0.7529296875 0.46045353906250003 0.75 0.4521570796875 0.75
1 0.46875 0.75 0.46736725625000003 0.7529296875 0.46460177031249994 0.7548828125 0.46875 0.7578125 0.47428097343750003 0.7578125 0.4756637171875 0.7568359375 0.478429203125 0.7548828125 0.478429203125 0.7509765625 0.47704646093749997 0.75 0.46875 0.75
1 0.5074668140624999 0.75 0.503318584375 0.7529296875 0.503318584375 0.7568359375 0.504701328125 0.7578125 0.5102323015625 0.7578125 0.51161504375 0.7568359375 0.5143805312499999 0.7548828125 0.5143805312499999 0.7509765625 0.5129977875 0.75 0.5074668140624999 0.75
1 0.5323561953125 0.75 0.5282079640624999 0.7529296875 0.5282079640624999 0.7568359375 0.5295907078125001 0.7578125 0.53788716875 0.7578125 0.5392699109375 0.7568359375 0.5392699109375 0.7548828125 0.5420353984374999 0.7529296875 0.5406526546875 0.75 0.5323561953125 0.75
1 0.5627765484375 0.75 0.5586283187500001 0.7529296875 0.5586283187500001 0.7548828125 0.5627765484375 0.7578125 0.568307521875 0.7578125 0.569690265625 0.7568359375 0.569690265625 0.7548828125 0.5724557515625001 0.7529296875 0.568307521875 0.75 0.5627765484375 0.75
1 0.5793694687500001 0.75390625 0.5752212390625 0.7568359375 0.5752212390625 0.7607421875 0.5766039828125 0.76171875 0.58213495625 0.76171875 0.5835176984375 0.7607421875 0.5862831859375001 0.7587890625 0.5862831859375001 0.7548828125 0.5849004421874999 0.75390625 0.5793694687500001 0.75390625
1 0.6070243359374999 0.75 0.60287610625 0.7529296875 0.60287610625 0.7568359375 0.60425885 0.7578125 0.6097898234375 0.7578125 0.611172565625 0.7568359375 0.6139380531249999 0.7548828125 0.6139380531249999 0.7509765625 0.612555309375 0.75 0.6070243359374999 0.75
1 0.62361725625 0.75 0.6194690265625 0.7529296875 0.6194690265625 0.7568359375 0.62361725625 0.759765625 0.625 0.7587890625 0.6305309734375 0.7548828125 0.6305309734375 0.7509765625 0.6291482296875001 0.75 0.62361725625 0.75
1 0.6402101765625 0.75390625 0.6360619468750001 0.7568359375 0.6360619468750001 0.7607421875 0.637444690625 0.76171875 0.6429756640625001 0.76171875 0.6443584078125 0.7607421875 0.64712389375 0.7587890625 0.64712389375 0.7548828125 0.64574115 0.75390625 0.6402101765625 0.75390625
1 0.6650995578125001 0.75390625 0.660951328125 0.7568359375 0.660951328125 0.7587890625 0.6650995578125001 0.76171875 0.6706305312499999 0.76171875 0.6720132750000001 0.7607421875 0.6747787609375 0.7587890625 0.6747787609375 0.7548828125 0.6733960171875 0.75390625 0.6650995578125001 0.75390625
1 0.681692478125 0.75390625 0.6775442484374999 0.7568359375 0.6775442484374999 0.7587890625 0.681692478125 0.76171875 0.6872234515625 0.76171875 0.6886061953125 0.7607421875 0.6913716812499999 0.7587890625 0.6913716812499999 0.7548828125 0.6899889375 0.75390625 0.681692478125 0.75390625
1 0.7314712390625 0.763671875 0.7273230093749999 0.7666015625 0.7273230093749999 0.7705078125 0.7287057515625001 0.771484375 0.7370022125 0.771484375 0.73838495625 0.7705078125 0.73838495625 0.7685546875 0.7411504421874999 0.7666015625 0.7370022125 0.763671875 0.7314712390625 0.763671875
1 0.7701880531249999 0.763671875 0.7660398234375 0.7666015625 0.7660398234375 0.7705078125 0.767422565625 0.771484375 0.7757190265625 0.771484375 0.7771017703124999 0.7705078125 0.7771017703124999 0.7685546875 0.77986725625 0.7666015625 0.7757190265625 0.763671875 0.7701880531249999 0.763671875
1 0.795077434375 0.763671875 0.7881637171875 0.7685546875 0.7923119468750001 0.771484375 0.7978429203124999 0.771484375 0.7992256640625001 0.7705078125 0.8019911499999999 0.7685546875 0.8019911499999999 0.7646484375 0.8006084078125 0.763671875 0.795077434375 0.763671875
1 0.8075221234375001 0.7646484375 0.8116703546874999 0.767578125 0.8172013281250001 0.767578125 0.8185840703125 0.7666015625 0.8213495578125001 0.7646484375 0.8172013281250001 0.76171875 0.8116703546874999 0.76171875 0.8075221234375001 0.7646484375
1 0.82411504375 0.7646484375 0.8254977875 0.767578125 0.8337942484375 0.767578125 0.8351769906250001 0.7666015625 0.837942478125 0.7646484375 0.836559734375 0.76171875 0.828263275 0.76171875 0.82411504375 0.7646484375
1 0.84762168125 0.763671875 0.8407079640624999 0.7685546875 0.8448561953124999 0.771484375 0.85038716875 0.771484375 0.8517699109375 0.7705078125 0.8545353984374999 0.7685546875 0.8545353984374999 0.7666015625 0.85038716875 0.763671875 0.84762168125 0.763671875
1 0.8748310234375 0.761817896875 0.8776984671875001 0.759056353125 0.879262528125 0.7550060890625 0.8748310234375 0.7533491625 0.8693568125000001 0.7533491625 0.8638826015625 0.7555583968749999 0.8649253078125 0.7597927640625 0.8657073375 0.7608973812500001 0.8690961359375 0.7623702046874999 0.8748310234375 0.761817896875
1 0.8920356875 0.7537173671875 0.8855187687500001 0.7533491625 0.8810872640625 0.753901471875 0.8779591437500001 0.7568471171875 0.8771771125000001 0.759424559375 0.879262528125 0.76163379375 0.8836940312499999 0.7627384109374999 0.8886468890625 0.7612655875 0.8933390687499999 0.757583528125 0.8920356875 0.7537173671875
1 0.9222898234375 0.759765625 0.9195243359375 0.759765625 0.9167588500000001 0.76171875 0.9126106187499999 0.7626953125 0.9126106187499999 0.7666015625 0.9167588500000001 0.76953125 0.9181415921875 0.7685546875 0.9222898234375 0.767578125 0.9264380531249999 0.7646484375 0.9264380531249999 0.7626953125 0.9222898234375 0.759765625
1 0.93888274375 0.76171875 0.9347345125000001 0.7626953125 0.9347345125000001 0.7666015625 0.93888274375 0.76953125 0.9402654874999999 0.7685546875 0.9457964609375 0.7666015625 0.9457964609375 0.7626953125 0.9416482296875 0.759765625 0.93888274375 0.76171875
1 0.9582411499999999 0.76171875 0.9554756640625 0.76171875 0.951327434375 0.7646484375 0.9527101765625 0.767578125 0.9554756640625 0.767578125 0.9582411499999999 0.76953125 0.9596238937500001 0.7685546875 0.9651548671875 0.7666015625 0.9651548671875 0.7626953125 0.9610066375 0.759765625 0.9582411499999999 0.76171875
1 0.1488463984375 0.9635947 0.1504104578125 0.9582557156249999 0.14597895624999999 0.9569669953125001 0.139983390625 0.957519303125 0.1350305328125 0.9595444359374999 0.13476985625 0.9643311125 0.1386800078125 0.9669085531249999 0.14311151093750002 0.9669085531249999 0.1488463984375 0.9635947
1 0.1629229421875 0.968933684375 0.165790384375 0.9667244500000001 0.1655297078125 0.9612013625 0.16135888125 0.9604649500000001 0.1551026390625 0.9617536718749999 0.152235196875 0.9637788031250001 0.1517138421875 0.967644965625 0.15536331718750002 0.9702224046874999 0.1592734671875 0.9702224046874999 0.1629229421875 0.968933684375
1 0.1775208375 0.9737203609374999 0.1822130171875 0.9713270218750001 0.183777078125 0.9683813765625 0.1814309875 0.9645152156250001 0.1780421890625 0.9645152156250001 0.172046625 0.9654357296875 0.16943985781249998 0.9674608609375 0.16943985781249998 0.9715111265624999 0.172046625 0.9737203609374999 0.1736106875 0.974088565625 0.1775208375 0.9737203609374999
1 0.212942478125 0.9423828125 0.212942478125 0.9462890625 0.21432522187499997 0.947265625 0.22262168125 0.947265625 0.224004425 0.9462890625 0.224004425 0.9404296875 0.22262168125 0.939453125 0.2170907078125 0.939453125 0.212942478125 0.9423828125
1 0.23368362812500001 0.939453125 0.2309181421875 0.94140625 0.2267699109375 0.9423828125 0.2267699109375 0.9462890625 0.22815265468749998 0.947265625 0.236449115625 0.947265625 0.2378318578125 0.9462890625 0.2378318578125 0.9443359375 0.24059734531250002 0.9423828125 0.236449115625 0.939453125 0.23368362812500001 0.939453125
1 0.24059734531250002 0.9423828125 0.24059734531250002 0.9462890625 0.2419800890625 0.947265625 0.25027654843749997 0.947265625 0.2516592921875 0.9462890625 0.2516592921875 0.9404296875 0.25027654843749997 0.939453125 0.244745575 0.939453125 0.24059734531250002 0.9423828125
1 0.25442477812500003 0.9423828125 0.25442477812500003 0.9462890625 0.255807521875 0.947265625 0.26410398281249997 0.947265625 0.26548672500000003 0.9462890625 0.26548672500000003 0.9404296875 0.26410398281249997 0.939453125 0.258573009375 0.939453125 0.25442477812500003 0.9423828125
1 0.2864836984375 0.9477618484375 0.288047759375 0.9418705546874999 0.28596234531250003 0.9400295265624999 0.278924075 0.9398454234375 0.27501392343750003 0.9422387609375 0.2739712171875 0.946473128125 0.27814204375 0.9484982593750001 0.282312871875 0.9484982593750001 0.2864836984375 0.9477618484375
1 0.2974321203125 0.9396613203124999 0.291697234375 0.9394772171874999 0.289090465625 0.9429751718749999 0.288047759375 0.9459208203125 0.2914365578125 0.9486823640625 0.29717144375000004 0.9484982593750001 0.30212430156250003 0.9453685109375 0.30212430156250003 0.9403977328125 0.2974321203125 0.9396613203124999
1 0.324281821875 0.9532849359375 0.32558520468749996 0.94905056875 0.32402114531250004 0.9470254375 0.318546934375 0.9462890249999999 0.31229069374999996 0.94905056875 0.310987309375 0.9540213484375 0.31489746093750004 0.956230584375 0.319589640625 0.9564146859375 0.324281821875 0.9532849359375
1 0.355823703125 0.9558623781250001 0.361558590625 0.9547577593750001 0.36390468125000003 0.9525485249999999 0.3646867109375 0.9470254375 0.3571270875 0.9470254375 0.34982813749999997 0.949234671875 0.34982813749999997 0.9540213484375 0.3493067859375 0.95531006875 0.3495674625 0.9549418624999999 0.355823703125 0.9558623781250001
1 0.41620575156250006 0.947265625 0.412057521875 0.9501953125 0.412057521875 0.9541015625 0.41344026562499997 0.955078125 0.421736725 0.955078125 0.42311946875000006 0.9541015625 0.42588495625 0.9521484375 0.42588495625 0.9482421875 0.42450221250000003 0.947265625 0.41620575156250006 0.947265625
1 0.455141528125 0.95843981875 0.458008971875 0.9571510968749999 0.458530325 0.9512598046875 0.45462017499999996 0.9505233921875 0.447581903125 0.9510757015625 0.4449751359375 0.953469040625 0.44419310625 0.9573352015625 0.4449751359375 0.9595444359374999 0.44966731718749997 0.9595444359374999 0.455141528125 0.95843981875
1 0.477038371875 0.951628009375 0.47443160312500005 0.9472095406250001 0.46713265625 0.947577746875 0.462961828125 0.9479459515625 0.462961828125 0.9540213484375 0.46713265625 0.9558623781250001 0.47443160312500005 0.9547577593750001 0.477038371875 0.951628009375
1 0.49476438749999996 0.953469040625 0.4955464171875 0.94905056875 0.49241829687500005 0.9470254375 0.48564070312499996 0.9479459515625 0.48199122812499995 0.9496028781250001 0.481469875 0.9538372453124999 0.48459799531250003 0.955678275 0.48981152968749997 0.955678275 0.49476438749999996 0.953469040625
1 0.5229174703125 0.9652516265625 0.52630626875 0.963410596875 0.5252635609375 0.9588080234374999 0.521092734375 0.9565987890625 0.5148364937500001 0.95843981875 0.5117083734375 0.9604649500000001 0.51196905 0.9645152156250001 0.5137937859374999 0.96635624375 0.519267996875 0.966540346875 0.5229174703125 0.9652516265625
1 0.5600110625 0.947265625 0.5586283187500001 0.9501953125 0.55586283125 0.9521484375 0.5600110625 0.955078125 0.5655420359375001 0.955078125 0.566924778125 0.9541015625 0.569690265625 0.9521484375 0.569690265625 0.9482421875 0.568307521875 0.947265625 0.5600110625 0.947265625
1 0.5927788281249999 0.9580716125000001 0.5946035640625 0.953100834375 0.5930395046875 0.9508915984374999 0.5854798796875 0.9514439078124999 0.5807876984375 0.9536531421875001 0.5800056687499999 0.957887509375 0.5826124375 0.9597285390625 0.5880866484375 0.959912640625 0.5927788281249999 0.9580716125000001
1 0.6248420640625 0.95843981875 0.6284915359375 0.9573352015625 0.6282308609375 0.951628009375 0.6261454453125 0.9507074953125001 0.617803790625 0.9507074953125001 0.6133722890625 0.9527326281249999 0.6136329640625 0.9569669953125001 0.617543115625 0.9591762296875 0.6206712359375001 0.9591762296875 0.6248420640625 0.95843981875
1 0.6477816125 0.9661721406250001 0.65038838125 0.9650675234375001 0.6516917624999999 0.963042390625 0.651952440625 0.9597285390625 0.649345671875 0.9571510968749999 0.6443928156250001 0.9573352015625 0.638136575 0.9604649500000001 0.6363118390625 0.9621218765625 0.6378758984374999 0.9652516265625 0.6378758984374999 0.966540346875 0.6425680796875 0.9669085531249999 0.6477816125 0.9661721406250001
1 0.667332365625 0.9652516265625 0.6699391328125001 0.9626741859375001 0.6686357484375 0.9582557156249999 0.6647255984375 0.9573352015625 0.6600334171875 0.95770340625 0.6563839453125 0.9593603328125001 0.65429853125 0.9606490531249999 0.6548198843749999 0.9645152156250001 0.657687328125 0.96635624375 0.6629008625 0.966540346875 0.667332365625 0.9652516265625
1 0.6850583828125 0.964883421875 0.6871437968749999 0.9624900828125 0.6866224421875 0.9573352015625 0.681669584375 0.9571510968749999 0.674891990625 0.9582557156249999 0.6722852234375 0.961017259375 0.6722852234375 0.9643311125 0.6743706375 0.9659880390625 0.681669584375 0.96635624375 0.6850583828125 0.964883421875
1 0.7079979328125 0.9687495828125 0.7106046984375001 0.964883421875 0.709301315625 0.961017259375 0.7012203375 0.9612013625 0.6975708640625 0.9632264953125 0.6965281578125 0.967644965625 0.6986135703125 0.9691177874999999 0.70226304375 0.9698542 0.7079979328125 0.9687495828125
1 0.7205104140625 0.9698542 0.7252025953125 0.968933684375 0.7278093609375 0.96709265625 0.728591390625 0.9637788031250001 0.7280700390625 0.9615695671875001 0.7252025953125 0.9615695671875001 0.7181643234374999 0.9617536718749999 0.715818234375 0.9635947 0.715036203125 0.966540346875 0.7152968796875 0.9678290671875001 0.7179036453125 0.96948599375 0.7205104140625 0.9698542
1 0.747360115625 0.973168053125 0.748663496875 0.96948599375 0.7470994375 0.964883421875 0.7405825203124999 0.9652516265625 0.7356296640625 0.967276759375 0.7356296640625 0.9713270218750001 0.7356296640625 0.972799846875 0.74214658125 0.974088565625 0.747360115625 0.973168053125
1 0.7851582374999999 0.964883421875 0.7869829734375 0.963042390625 0.7851582374999999 0.95843981875 0.782812146875 0.9571510968749999 0.7778592890625 0.957887509375 0.772385078125 0.9600967453125 0.7716030484374999 0.9639629062499999 0.77473116875 0.9654357296875 0.780205378125 0.9656198328125001 0.7851582374999999 0.964883421875
1 0.7859402671875 0.9700383031250001 0.786461621875 0.9687495828125 0.7846368828125 0.9661721406250001 0.779944703125 0.9650675234375001 0.7744704921875 0.9669085531249999 0.77264575625 0.9715111265624999 0.77655590625 0.973168053125 0.7822907921875 0.9729839484375 0.7859402671875 0.9700383031250001
1 0.84354981875 0.96948599375 0.8477206453124999 0.96709265625 0.846938615625 0.9626741859375001 0.844592525 0.9621218765625 0.836772225 0.9632264953125 0.83312275 0.9656198328125001 0.83416545625 0.967644965625 0.83572951875 0.9687495828125 0.8399003453124999 0.9698542 0.84354981875 0.96948599375
1 0.8797838812500001 0.9687495828125 0.8813479421875 0.9639629062499999 0.880305234375 0.9615695671875001 0.8701388421875 0.9624900828125 0.867010721875 0.964883421875 0.8680534296875001 0.9681972734375 0.8706601968750001 0.9700383031250001 0.8756130531249999 0.9707747140625 0.8797838812500001 0.9687495828125
1 0.9311371906250001 0.9646993171875 0.9327012515625 0.9600967453125 0.9308765156250001 0.9567828921875 0.9254023046875 0.957519303125 0.9181033578125 0.9593603328125001 0.9183640343749999 0.9646993171875 0.9212314781250001 0.966540346875 0.9264450109375 0.9661721406250001 0.9311371906250001 0.9646993171875
0 0.9285439125 0.1409708984375 0.9285439125 0.14508373125000001 0.9538459312500001 0.144941909375 0.9534443109374999 0.1401199671875 0.9285439125 0.1409708984375
0 0.20017721718749998 0.34787004062500004 0.20154829375 0.3384288921875 0.161787065625 0.33746056874999997 0.162472603125 0.34811212187499996 0.1717273734375 0.348596284375 0.1720701421875 0.34399674999999996 0.187837525 0.34375466875 0.18886583437499999 0.3473858796875 0.20017721718749998 0.34787004062500004
0 0.2467938296875 0.34811212187499996 0.24747936875 0.336250165625 0.22382829218750003 0.33770265 0.22382829218750003 0.3435125875 0.23582521406249998 0.3435125875 0.23616798437500003 0.3473858796875 0.2467938296875 0.34811212187499996
0 0.300265825 0.34762796093750004 0.2995802875 0.33721848906249996 0.257419675 0.33746056874999997 0.25776244375 0.3430284265625 0.28141351875 0.3435125875 0.28072798125 0.3473858796875 0.300265825 0.34762796093750004
0 0.3455113609375 0.350775009375 0.34585413125 0.34109177968750004 0.32186028437499997 0.33721848906249996 0.32186028437499997 0.33746056874999997 0.3228885921875 0.3435125875 0.334885515625 0.34496507187500003 0.3335144390625 0.348838365625 0.3455113609375 0.350775009375
0 0.40960920312500004 0.351017090625 0.40960920312500004 0.34084970000000003 0.3825304359375 0.3413338609375 0.38287320468749997 0.3473858796875 0.3976122796875 0.3466596375 0.3969267421875 0.351017090625 0.40960920312500004 0.351017090625
0 0.45793966093750005 0.351501253125 0.45793966093750005 0.3403655390625 0.41715012500000004 0.34060761875 0.41749289375 0.34084970000000003 0.418178434375 0.34690171875 0.4425150453125 0.34690171875 0.442172278125 0.351501253125 0.45793966093750005 0.351501253125
0 0.4983864265625 0.3464175578125 0.49667258125 0.350775009375 0.5093550421875 0.351259171875 0.509012271875 0.342060103125 0.4699365828125 0.342060103125 0.47062212187499997 0.351259171875 0.484332890625 0.351017090625 0.48364735156250005 0.3461754765625 0.4983864265625 0.3464175578125
0 0.6296670343749999 0.3585215953125 0.630009803125 0.34787004062500004 0.5779088828125001 0.34109177968750004 0.5782516531249999 0.3473858796875 0.6077298046874999 0.3498066875 0.606701496875 0.3565849484375 0.6296670343749999 0.3585215953125
0 0.6433778015625 0.341818021875 0.6433778015625 0.351501253125 0.6992491828125 0.351259171875 0.698220875 0.34109177968750004 0.6433778015625 0.341818021875
0 0.8322436359375001 0.3381868109375 0.8329291734375 0.3490804453125 0.892571015625 0.3519854140625 0.891885478125 0.34060761875 0.8322436359375001 0.3381868109375
0 0.192201328125 0.544921875 0.19081858437500002 0.5458984375 0.19081858437500002 0.5498046875 0.192201328125 0.55078125 0.2087942484375 0.55078125 0.21432522187499997 0.5546875 0.21847345156250003 0.5537109375 0.22123893749999998 0.5517578125 0.22123893749999998 0.5478515625 0.2170907078125 0.544921875 0.192201328125 0.544921875
0 0.23506637187499999 0.5361328125 0.23506637187499999 0.5439453125 0.236449115625 0.544921875 0.244745575 0.544921875 0.24751106250000002 0.541015625 0.258573009375 0.541015625 0.26133849531250003 0.5390625 0.26686946875 0.5390625 0.26963495625 0.541015625 0.27240044218750004 0.541015625 0.27516592968750003 0.544921875 0.2834623890625 0.544921875 0.2848451328125 0.5439453125 0.2848451328125 0.5361328125 0.2834623890625 0.53515625 0.236449115625 0.53515625 0.23506637187499999 0.5361328125
0 0.31803097343750003 0.5361328125 0.3166482296875 0.53515625 0.30005530937499997 0.53515625 0.298672565625 0.5361328125 0.298672565625 0.5439453125 0.30005530937499997 0.544921875 0.3083517703125 0.544921875 0.3097345125 0.5439453125 0.31111725625000003 0.541015625 0.3166482296875 0.541015625 0.31803097343750003 0.5400390625 0.31803097343750003 0.5361328125
0 0.35674778749999997 0.5361328125 0.35674778749999997 0.5439453125 0.35813053125 0.544921875 0.366426990625 0.544921875 0.37195796406250003 0.541015625 0.3774889375 0.541015625 0.380254425 0.544921875 0.391316371875 0.544921875 0.39269911562500004 0.5439453125 0.39269911562500004 0.5361328125 0.391316371875 0.53515625 0.35813053125 0.53515625 0.35674778749999997 0.5361328125
0 0.41620575156250006 0.537109375 0.41344026562499997 0.53515625 0.4051438046875 0.53515625 0.4037610625 0.5361328125 0.4037610625 0.5439453125 0.4051438046875 0.544921875 0.41344026562499997 0.544921875 0.41620575156250006 0.546875 0.4410951328125 0.546875 0.4424778765625 0.5458984375 0.4424778765625 0.5400390625 0.4383296453125 0.5390625 0.435564159375 0.537109375 0.41620575156250006 0.537109375
0 0.45630530937499997 0.5400390625 0.45768805312499994 0.54296875 0.47151548749999994 0.54296875 0.4756637171875 0.5458984375 0.47704646093749997 0.548828125 0.48810840781250003 0.548828125 0.48949115 0.5478515625 0.48949115 0.5400390625 0.48810840781250003 0.5390625 0.45768805312499994 0.5390625 0.45630530937499997 0.5400390625
0 0.5019358406250001 0.54296875 0.53788716875 0.54296875 0.5392699109375 0.5419921875 0.53788716875 0.5390625 0.5019358406250001 0.5390625 0.5005530968749999 0.5400390625 0.5019358406250001 0.54296875
0 0.6097898234375 0.544921875 0.60425885 0.544921875 0.6014933625000001 0.54296875 0.5931969031250001 0.54296875 0.590431415625 0.541015625 0.58213495625 0.541015625 0.5793694687500001 0.5390625 0.5710730093749999 0.5390625 0.569690265625 0.5400390625 0.569690265625 0.5478515625 0.5710730093749999 0.548828125 0.5793694687500001 0.548828125 0.58213495625 0.546875 0.5931969031250001 0.546875 0.5959623890625 0.548828125 0.5987278765624999 0.548828125 0.6001106187499999 0.5517578125 0.60425885 0.5546875 0.6097898234375 0.5546875 0.611172565625 0.5537109375 0.611172565625 0.5517578125 0.6139380531249999 0.5498046875 0.611172565625 0.5478515625 0.6097898234375 0.544921875
0 0.625 0.5400390625 0.62638274375 0.54296875 0.64574115 0.54296875 0.6540376109375 0.548828125 0.6650995578125001 0.548828125 0.6664823015625 0.5478515625 0.6664823015625 0.5400390625 0.6650995578125001 0.5390625 0.62638274375 0.5390625 0.625 0.5400390625
0 0.8835730093749999 0.537109375 0.85038716875 0.537109375 0.84762168125 0.53515625 0.8310287609375001 0.53515625 0.8296460171875 0.5361328125 0.8296460171875 0.5439453125 0.8310287609375001 0.544921875 0.8420907078125 0.544921875 0.8448561953124999 0.546875 0.880807521875 0.546875 0.8835730093749999 0.548828125 0.8877212390624999 0.5478515625 0.890486725 0.5458984375 0.890486725 0.5400390625 0.8863384953125 0.5390625 0.8835730093749999 0.537109375
0 0.22432825625000002 0.7450487406249999 0.22456564218750003 0.7490724078125 0.239283475 0.7490724078125 0.23904609062499999 0.7386779375 0.186821521875 0.739180896875 0.186821521875 0.7495753656249999 0.20106458593749998 0.7487371015625001 0.20082720156249997 0.7448810890625001 0.22432825625000002 0.7450487406249999
0 0.35951327499999997 0.7216796875 0.35951327499999997 0.7294921875 0.36089601718750003 0.73046875 0.369192478125 0.73046875 0.37195796406250003 0.7265625 0.391316371875 0.7265625 0.3940818578125 0.73046875 0.40237831875 0.73046875 0.4037610625 0.7294921875 0.4037610625 0.7236328125 0.39961283124999997 0.720703125 0.36089601718750003 0.720703125 0.35951327499999997 0.7216796875
0 0.454922565625 0.7265625 0.44662610625 0.7265625 0.44386061874999994 0.724609375 0.432798671875 0.724609375 0.43003318593750006 0.72265625 0.4189712390625 0.72265625 0.41758849531250003 0.7236328125 0.41758849531250003 0.7294921875 0.421736725 0.732421875 0.4272676984375 0.732421875 0.43003318593750006 0.73046875 0.44662610625 0.73046875 0.45077433593749994 0.7333984375 0.4521570796875 0.736328125 0.45768805312499994 0.736328125 0.459070796875 0.7353515625 0.4618362828125 0.7333984375 0.4618362828125 0.7294921875 0.45768805312499994 0.728515625 0.454922565625 0.7265625
0 0.5421859687499999 0.739180896875 0.541948584375 0.728954078125 0.512275534375 0.728954078125 0.5129876875 0.733816009375 0.5291298265625 0.7339836609375 0.5291298265625 0.7393485484375 0.5421859687499999 0.739180896875
0 0.6015320671875 0.7339836609375 0.601769453125 0.739180896875 0.6148255953125 0.738510284375 0.614113440625 0.7286187734375 0.5692477890625 0.729289384375 0.5690104046875 0.738510284375 0.5825413171875 0.738510284375 0.5825413171875 0.733816009375 0.6015320671875 0.7339836609375
0 0.6632520125 0.7368337578124999 0.662065090625 0.7420309921875 0.6763081546875 0.741528034375 0.6758333859375 0.7314688703125001 0.6283565046875 0.729289384375 0.628593890625 0.7393485484375 0.6418874156250001 0.7393485484375 0.6411752625 0.7356601890625 0.6632520125 0.7368337578124999
0 0.8220621749999999 0.7500783234374999 0.8211126375 0.7386779375 0.7764843703125 0.7432045609375 0.7769591390625 0.7490724078125 0.8006975781250001 0.746557615625 0.8002228109375 0.752257809375 0.8220621749999999 0.7500783234374999
0 0.8650287515624999 0.7396838531250001 0.8655035203124999 0.7443781296875 0.8797465843750001 0.742366296875 0.87808489375 0.7314688703125001 0.8344061640625 0.7396838531250001 0.8358304703125 0.7497430171875 0.8493613812499999 0.7475635328125 0.8469875359374999 0.742366296875 0.8650287515624999 0.7396838531250001
0 0.96615450625 0.7487371015625001 0.9644928140625 0.737672021875 0.922475775 0.7390132421875 0.9227131609375 0.744042825 0.94597683125 0.7442104781250001 0.9450272937499999 0.7497430171875 0.96615450625 0.7487371015625001
0 0.7074240703125 0.9407918515624999 0.707896946875 0.9456344078125 0.7488008125000001 0.945133453125 0.7488008125000001 0.9402908968749999 0.7074240703125 0.9407918515624999
0 0.6650995578125001 0.935546875 0.6512721234375001 0.935546875 0.6498893812500001 0.9365234375 0.6498893812500001 0.9462890625 0.6512721234375001 0.947265625 0.6540376109375 0.9453125 0.6623340703125 0.9453125 0.6650995578125001 0.947265625 0.6664823015625 0.9462890625 0.6664823015625 0.9443359375 0.6692477875 0.9423828125 0.6692477875 0.9384765625 0.6650995578125001 0.935546875
0 0.42588495625 0.9267578125 0.42588495625 0.9306640625 0.4272676984375 0.931640625 0.43003318593750006 0.931640625 0.432798671875 0.9296875 0.4383296453125 0.9296875 0.4410951328125 0.931640625 0.44386061874999994 0.931640625 0.44662610625 0.9296875 0.4521570796875 0.9296875 0.45630530937499997 0.9326171875 0.45768805312499994 0.935546875 0.47428097343750003 0.935546875 0.4756637171875 0.9345703125 0.4756637171875 0.9267578125 0.47428097343750003 0.92578125 0.4272676984375 0.92578125 0.42588495625 0.9267578125
0 0.223907284375 0.9194178093750001 0.22367084531249998 0.9289359359375 0.24069441875000003 0.9286019671875 0.24022154375000002 0.918582884375 0.223907284375 0.9194178093750001
0 0.275923759375 0.9239263953125001 0.275923759375 0.928267996875 0.2882185625 0.9287689531250001 0.2884550015625 0.9184159 0.2503884 0.9187498703125 0.2518070296875 0.929102921875 0.2624467640625 0.9284349828125 0.2619738875 0.9237594109374999 0.275923759375 0.9239263953125001
0 0.1822941046875 0.9446325 0.182057665625 0.9399569281250001 0.1456461328125 0.9401239125 0.14540969374999999 0.9498090250000001 0.16574340781250002 0.9498090250000001 0.1652705296875 0.9447994843749999 0.1822941046875 0.9446325