1 0.27434 0.16375 0.26372 0.16499999999999998 0.26549 0.17124999999999999 0.26903 0.17124999999999999 0.27257 0.16999999999999998 0.27434 0.16375
1 0.18938 0.16375 0.17876 0.16499999999999998 0.17699 0.1675 0.17876 0.17124999999999999 0.18407 0.17124999999999999 0.18938 0.16875 0.18938 0.16375
1 0.33274 0.1675 0.32743 0.1675 0.32389 0.16999999999999998 0.32389 0.17375000000000002 0.33097 0.17375000000000002 0.33451 0.17250000000000001 0.33274 0.1675
1 0.37345 0.17124999999999999 0.37876 0.1675 0.37699 0.16375 0.37168 0.16375 0.36814 0.16499999999999998 0.36814 0.17124999999999999 0.37345 0.17124999999999999
1 0.44955999999999996 0.1625 0.44955999999999996 0.15625 0.44071 0.15625 0.43894 0.15875 0.43894 0.16375 0.44602 0.16375 0.44955999999999996 0.1625
1 0.59292 0.16499999999999998 0.5911500000000001 0.16 0.5858399999999999 0.16 0.5823 0.1625 0.58407 0.1675 0.58938 0.1675 0.59292 0.16499999999999998
1 0.71858 0.16625 0.71504 0.16375 0.70442 0.16375 0.70088 0.1675 0.70619 0.17124999999999999 0.71504 0.17124999999999999 0.71858 0.16875 0.71858 0.16625
1 0.16637 0.24 0.1646 0.2375 0.15752 0.2375 0.15398 0.24 0.15398 0.24375 0.16106 0.24375 0.1646 0.2425 0.16637 0.24
1 0.21416 0.24 0.2177 0.24125000000000002 0.22477999999999998 0.23875000000000002 0.22654999999999997 0.23625 0.22301 0.23374999999999999 0.21947 0.23374999999999999 0.21593 0.23500000000000001 0.21593 0.2375 0.21416 0.24
1 0.24425 0.24375 0.24779 0.24125000000000002 0.24602 0.2375 0.24070999999999998 0.2375 0.23717000000000002 0.24 0.23717000000000002 0.24375 0.24425 0.24375
1 0.26549 0.2475 0.26903 0.24500000000000002 0.26903 0.24125000000000002 0.26195 0.24125000000000002 0.25841 0.24375 0.25841 0.2475 0.26549 0.2475
1 0.29735 0.25125000000000003 0.30088 0.24874999999999997 0.30088 0.24500000000000002 0.29558 0.24375 0.29027 0.2475 0.29027 0.25125000000000003 0.29735 0.25125000000000003
1 0.32566 0.25 0.32743 0.255 0.33097 0.255 0.33451 0.25375000000000003 0.33628 0.24874999999999997 0.32566 0.25
1 0.36814 0.25125000000000003 0.37168 0.24874999999999997 0.37168 0.24500000000000002 0.36814 0.24375 0.36283 0.24500000000000002 0.36106 0.2475 0.36106 0.25125000000000003 0.36814 0.25125000000000003
1 0.43894 0.24125000000000002 0.42832 0.2425 0.42655000000000004 0.24500000000000002 0.42832 0.24874999999999997 0.4354 0.24874999999999997 0.43894 0.24625 0.43894 0.24125000000000002
1 0.58407 0.23374999999999999 0.5752200000000001 0.23500000000000001 0.57345 0.23875000000000002 0.58053 0.24 0.5823 0.24 0.58407 0.23875000000000002 0.58407 0.23374999999999999
1 0.67611 0.24 0.68496 0.23875000000000002 0.6867300000000001 0.23625 0.68319 0.23374999999999999 0.67965 0.23374999999999999 0.67611 0.23500000000000001 0.67611 0.24
1 0.71858 0.24 0.7292 0.23875000000000002 0.72743 0.23374999999999999 0.72389 0.23374999999999999 0.72035 0.23500000000000001 0.71858 0.2375 0.71858 0.24
1 0.75929 0.2375 0.75398 0.2375 0.75044 0.24 0.75221 0.24375 0.75752 0.24375 0.76106 0.2425 0.75929 0.2375
1 0.76814 0.2425 0.76814 0.2475 0.77699 0.24625 0.77876 0.24375 0.77699 0.24125000000000002 0.76814 0.2425
1 0.8053100000000001 0.2475 0.8053100000000001 0.24500000000000002 0.79469 0.24625 0.79646 0.25125000000000003 0.8 0.25125000000000003 0.8035399999999999 0.25 0.8053100000000001 0.2475
1 0.8371700000000001 0.2525 0.8353999999999999 0.2475 0.83186 0.24874999999999997 0.8265499999999999 0.25 0.8265499999999999 0.25375000000000003 0.8371700000000001 0.2525
1 0.86549 0.24 0.8672599999999999 0.2375 0.86549 0.23374999999999999 0.8601800000000001 0.23374999999999999 0.85664 0.23625 0.8601800000000001 0.24125000000000002 0.86549 0.24
1 0.9026500000000001 0.23625 0.9115 0.23500000000000001 0.91327 0.2325 0.90973 0.22999999999999998 0.9061899999999999 0.22999999999999998 0.9026500000000001 0.2325 0.9026500000000001 0.23625
1 0.16637 0.32125 0.17168 0.3175 0.17168 0.3125 0.16106 0.31375000000000003 0.15929 0.31625000000000003 0.16106 0.32125 0.16637 0.32125
1 0.27434 0.3175 0.27434 0.31375000000000003 0.26549 0.31375000000000003 0.26372 0.31625000000000003 0.26549 0.32 0.27080000000000004 0.32 0.27434 0.3175
1 0.35044 0.33125 0.35398 0.32999999999999996 0.35575 0.32875 0.35752 0.32625000000000004 0.35398 0.32375 0.35044 0.32375 0.3469 0.32625000000000004 0.34513 0.32875 0.35044 0.33125
1 0.41416000000000003 0.31875 0.41416000000000003 0.32375 0.41769999999999996 0.32375 0.42123999999999995 0.3225 0.42301 0.3175 0.41416000000000003 0.31875
1 0.46902999999999995 0.325 0.47257 0.3275 0.47788 0.3275 0.48141999999999996 0.325 0.48141999999999996 0.32125 0.47788 0.32 0.47434000000000004 0.32125 0.47257 0.32125 0.4708 0.3225 0.46902999999999995 0.325
1 0.50265 0.32999999999999996 0.50973 0.32999999999999996 0.51327 0.3275 0.51327 0.325 0.50973 0.32375 0.5061899999999999 0.32375 0.50265 0.32625000000000004 0.50265 0.32999999999999996
1 0.5380499999999999 0.3225 0.5380499999999999 0.3175 0.53097 0.3175 0.5292 0.32 0.53097 0.32375 0.53451 0.32375 0.5380499999999999 0.3225
1 0.56637 0.32 0.5699099999999999 0.3175 0.5699099999999999 0.31375000000000003 0.56283 0.31375000000000003 0.5592900000000001 0.31625000000000003 0.5592900000000001 0.32 0.56637 0.32
1 0.58938 0.31375000000000003 0.58938 0.31 0.5823 0.31 0.57876 0.3125 0.58053 0.31625000000000003 0.58761 0.31625000000000003 0.58938 0.31375000000000003
1 0.61062 0.32375 0.61416 0.3175 0.61062 0.31625000000000003 0.6070800000000001 0.3175 0.60531 0.32375 0.61062 0.32375
1 0.64071 0.3275 0.6389400000000001 0.32375 0.6336299999999999 0.32375 0.63009 0.32625000000000004 0.63009 0.32999999999999996 0.6389400000000001 0.32999999999999996 0.64071 0.3275
1 0.6885 0.325 0.6885 0.32125 0.67965 0.32125 0.67788 0.32375 0.67965 0.3275 0.68496 0.3275 0.6885 0.325
1 0.76991 0.3275 0.77522 0.3275 0.77876 0.325 0.78053 0.3225 0.77699 0.32 0.77345 0.32125 0.77168 0.32125 0.76991 0.3275
1 0.84071 0.31375000000000003 0.83009 0.315 0.83009 0.32 0.8371700000000001 0.32 0.84071 0.3175 0.84071 0.31375000000000003
1 0.8831899999999999 0.31625000000000003 0.87788 0.31875 0.87788 0.32375 0.88142 0.32375 0.8849600000000001 0.3225 0.88673 0.3175 0.8831899999999999 0.31625000000000003
1 0.16106 0.39875 0.15929 0.395 0.15398 0.395 0.14867 0.39875 0.15398 0.40125 0.15752 0.40125 0.16106 0.39875
1 0.2177 0.40625 0.21593 0.4025 0.21061999999999997 0.4025 0.20708000000000001 0.40374999999999994 0.20884999999999998 0.41 0.21239 0.41 0.21593 0.40875000000000006 0.2177 0.40625
1 0.24779 0.40625 0.23894 0.40750000000000003 0.23894 0.4125 0.24602 0.4125 0.24956 0.41 0.24779 0.40625
1 0.27080000000000004 0.39875 0.26372 0.39875 0.26195 0.40125 0.26195 0.40499999999999997 0.27080000000000004 0.40499999999999997 0.27080000000000004 0.39875
1 0.29735 0.39875 0.30088 0.39625 0.30088 0.39249999999999996 0.29735 0.39125 0.29203999999999997 0.39249999999999996 0.29027 0.395 0.29027 0.39875 0.29735 0.39875
1 0.31858 0.385 0.31504 0.3875 0.31681 0.39125 0.32566 0.39 0.32566 0.385 0.31858 0.385
1 0.34867 0.39875 0.35221 0.3975 0.35398 0.395 0.35221 0.39125 0.3469 0.39125 0.34336 0.39249999999999996 0.34336 0.39875 0.34867 0.39875
1 0.37345 0.40625 0.37699 0.40499999999999997 0.37876 0.4025 0.37699 0.39875 0.37168 0.39875 0.36814 0.40125 0.36991 0.40625 0.37345 0.40625
1 0.42123999999999995 0.4025 0.42478 0.4 0.42478 0.39625 0.42123999999999995 0.39375 0.41769999999999996 0.39375 0.41239 0.3975 0.41416000000000003 0.4025 0.42123999999999995 0.4025
1 0.49204 0.4 0.49027000000000004 0.395 0.48673 0.395 0.48319 0.39625 0.48319 0.40125 0.49204 0.4
1 0.51327 0.40750000000000003 0.51504 0.4125 0.51858 0.4125 0.5221199999999999 0.41125 0.52389 0.40750000000000003 0.51327 0.40750000000000003
1 0.55044 0.4025 0.54159 0.40374999999999994 0.54159 0.40875000000000006 0.5469 0.40875000000000006 0.55044 0.40750000000000003 0.55044 0.4025
1 0.58053 0.40499999999999997 0.5823 0.4025 0.58053 0.39875 0.57168 0.4 0.5699099999999999 0.40374999999999994 0.57345 0.40625 0.57699 0.40625 0.58053 0.40499999999999997
1 0.60531 0.40875000000000006 0.60885 0.40625 0.6070800000000001 0.4025 0.6017699999999999 0.4025 0.59823 0.40499999999999997 0.59823 0.40875000000000006 0.60531 0.40875000000000006
1 0.6336299999999999 0.4125 0.63717 0.41 0.63717 0.40625 0.63009 0.40625 0.62655 0.40875000000000006 0.62655 0.4125 0.6336299999999999 0.4125
1 0.6814199999999999 0.41 0.67788 0.41375 0.68496 0.41500000000000004 0.6867300000000001 0.41500000000000004 0.6867300000000001 0.40875000000000006 0.6814199999999999 0.41
1 0.77168 0.41125 0.77345 0.41624999999999995 0.77699 0.41624999999999995 0.78053 0.41375 0.7823 0.41125 0.77168 0.41125
1 0.88142 0.41500000000000004 0.8902699999999999 0.41500000000000004 0.89204 0.41 0.8885 0.40875000000000006 0.8849600000000001 0.41 0.88142 0.4125 0.88142 0.41500000000000004
1 0.23186 0.47375 0.22477999999999998 0.47375 0.22124000000000002 0.47625 0.22301 0.48 0.23009 0.48 0.23363 0.47874999999999995 0.23186 0.47375
1 0.16637 0.47750000000000004 0.1646 0.47375 0.15752 0.47375 0.15398 0.47625 0.15398 0.48 0.16283 0.48 0.16637 0.47750000000000004
1 0.30796 0.47750000000000004 0.29735 0.47874999999999995 0.29735 0.48375 0.30442 0.48375 0.30796 0.48125 0.30796 0.47750000000000004
1 0.41947 0.475 0.41947 0.48 0.42832 0.47874999999999995 0.42655000000000004 0.47375 0.41947 0.475
1 0.36991 0.47750000000000004 0.37345 0.47625 0.37345 0.47000000000000003 0.36814 0.47000000000000003 0.3646 0.4725 0.36637 0.47750000000000004 0.36991 0.47750000000000004
1 0.33451 0.47375 0.3292 0.47375 0.32566 0.47625 0.32566 0.48 0.33274 0.48 0.33628 0.47874999999999995 0.33451 0.47375
1 0.26726 0.48 0.27080000000000004 0.47750000000000004 0.26903 0.47375 0.26372 0.47375 0.26017999999999997 0.47625 0.26017999999999997 0.48 0.26726 0.48
1 0.45841000000000004 0.47125000000000006 0.45841000000000004 0.47750000000000004 0.46548999999999996 0.47750000000000004 0.4708 0.47375 0.46902999999999995 0.47000000000000003 0.45841000000000004 0.47125000000000006
1 0.4885 0.47874999999999995 0.49027000000000004 0.485 0.49912 0.48250000000000004 0.49912 0.47750000000000004 0.4885 0.47874999999999995
1 0.5539799999999999 0.48250000000000004 0.55575 0.47874999999999995 0.55044 0.47625 0.54513 0.47750000000000004 0.54513 0.48375 0.5539799999999999 0.48250000000000004
1 0.62655 0.4925 0.62655 0.4875 0.62124 0.4875 0.6176999999999999 0.48875 0.61593 0.4925 0.62655 0.4925
1 0.68496 0.47375 0.67611 0.475 0.67611 0.48 0.68319 0.48 0.6867300000000001 0.47750000000000004 0.68496 0.47375
1 0.77168 0.48 0.77522 0.47750000000000004 0.77345 0.47375 0.76814 0.47375 0.7646 0.47625 0.7646 0.48 0.77168 0.48
1 0.80177 0.47750000000000004 0.79115 0.47874999999999995 0.79115 0.48375 0.79823 0.48375 0.80177 0.48125 0.80177 0.47750000000000004
1 0.8283200000000001 0.47750000000000004 0.8265499999999999 0.47375 0.8212400000000001 0.47375 0.8177 0.47625 0.8194699999999999 0.48 0.82478 0.48 0.8283200000000001 0.47750000000000004
1 0.73628 0.48125 0.73982 0.48 0.74336 0.47750000000000004 0.74159 0.4725 0.73628 0.4725 0.73097 0.47625 0.73097 0.47874999999999995 0.73628 0.48125
1 0.8531000000000001 0.47125000000000006 0.8513299999999999 0.46624999999999994 0.84779 0.46624999999999994 0.8442500000000001 0.46749999999999997 0.8442500000000001 0.4725 0.8531000000000001 0.47125000000000006
1 0.87788 0.475 0.87788 0.47000000000000003 0.87257 0.47000000000000003 0.8690300000000001 0.4725 0.8708 0.47750000000000004 0.87788 0.475
1 0.90442 0.47375 0.89558 0.475 0.89558 0.48 0.9026500000000001 0.48 0.9061899999999999 0.47750000000000004 0.90442 0.47375
1 0.17168 0.56375 0.1646 0.56375 0.16106 0.5662499999999999 0.16106 0.57125 0.16814 0.57125 0.17168 0.5700000000000001 0.17168 0.56375
1 0.31327 0.5725 0.32035 0.5700000000000001 0.31858 0.56375 0.31327 0.56375 0.30796 0.5675 0.30973 0.5725 0.31327 0.5725
1 0.42301 0.56125 0.41416000000000003 0.5625 0.41239 0.5650000000000001 0.41239 0.5675 0.41593 0.56875 0.42123999999999995 0.5675 0.42478 0.5650000000000001 0.42301 0.56125
1 0.5115000000000001 0.5587500000000001 0.5115000000000001 0.56375 0.52035 0.5625 0.52035 0.5575 0.5115000000000001 0.5587500000000001
1 0.5469 0.5587500000000001 0.5469 0.56375 0.55575 0.5625 0.55575 0.5575 0.5469 0.5587500000000001
1 0.48141999999999996 0.56875 0.48495999999999995 0.5662499999999999 0.48319 0.56125 0.47788 0.56125 0.47257 0.5650000000000001 0.47434000000000004 0.56875 0.48141999999999996 0.56875
1 0.5858399999999999 0.56125 0.58407 0.5575 0.57699 0.5575 0.57345 0.5599999999999999 0.5752200000000001 0.56375 0.5823 0.56375 0.5858399999999999 0.56125
1 0.6070800000000001 0.5675 0.61062 0.5650000000000001 0.60885 0.56125 0.60354 0.56125 0.6 0.56375 0.6 0.5675 0.6070800000000001 0.5675
1 0.64071 0.5575 0.63009 0.5587500000000001 0.63009 0.56375 0.63717 0.56375 0.64071 0.56125 0.64071 0.5575
1 0.6885 0.5549999999999999 0.6885 0.55 0.68319 0.55 0.67965 0.5525 0.67788 0.55625 0.6885 0.5549999999999999
1 0.74867 0.5599999999999999 0.74867 0.55375 0.74513 0.55375 0.74159 0.55625 0.73982 0.5587500000000001 0.7469 0.5599999999999999 0.74867 0.5599999999999999
1 0.8053100000000001 0.56125 0.80885 0.5599999999999999 0.8106199999999999 0.55625 0.80708 0.55375 0.8035399999999999 0.55375 0.8 0.55625 0.80177 0.56125 0.8053100000000001 0.56125
1 0.8885 0.57125 0.88142 0.57125 0.87788 0.5725 0.87965 0.57875 0.8849600000000001 0.57875 0.8902699999999999 0.575 0.8885 0.57125
1 0.15752 0.645 0.1469 0.64625 0.14867 0.6525000000000001 0.15752 0.65125 0.15929 0.6487499999999999 0.15752 0.645
1 0.23186 0.6575 0.23186 0.6525000000000001 0.22477999999999998 0.6525000000000001 0.22124000000000002 0.655 0.22301 0.6599999999999999 0.23186 0.6575
1 0.19823 0.65625 0.20354 0.6537499999999999 0.20354 0.65 0.2 0.6475 0.19646 0.6475 0.19115 0.65125 0.19292 0.65625 0.19823 0.65625
1 0.25664 0.66125 0.26549 0.6599999999999999 0.26549 0.65625 0.25841 0.65625 0.25664 0.66125
1 0.28673000000000004 0.6537499999999999 0.28673000000000004 0.6587500000000001 0.29558 0.6575 0.29558 0.6525000000000001 0.28673000000000004 0.6537499999999999
1 0.36814 0.6537499999999999 0.36814 0.6587500000000001 0.37876 0.6575 0.37876 0.6525000000000001 0.36814 0.6537499999999999
1 0.32566 0.645 0.31681 0.64625 0.31504 0.6487499999999999 0.31681 0.6525000000000001 0.32212 0.6525000000000001 0.32743 0.6487499999999999 0.32566 0.645
1 0.35398 0.6537499999999999 0.35221 0.6487499999999999 0.34513 0.6487499999999999 0.34159 0.65125 0.34336 0.65625 0.35221 0.65625 0.35398 0.6537499999999999
1 0.78053 0.65625 0.77876 0.6525000000000001 0.76991 0.6525000000000001 0.76814 0.655 0.76991 0.6599999999999999 0.77345 0.6599999999999999 0.77699 0.6587500000000001 0.78053 0.65625
1 0.69027 0.6575 0.6885 0.6525000000000001 0.67965 0.6525000000000001 0.67611 0.655 0.67788 0.6599999999999999 0.6867300000000001 0.6599999999999999 0.69027 0.6575
1 0.83894 0.6637500000000001 0.8424799999999999 0.66125 0.8424799999999999 0.655 0.8353999999999999 0.655 0.83186 0.65625 0.83186 0.6637500000000001 0.83894 0.6637500000000001
1 0.88142 0.6599999999999999 0.8849600000000001 0.6587500000000001 0.88673 0.65625 0.8849600000000001 0.65125 0.87611 0.6525000000000001 0.8743399999999999 0.655 0.8743399999999999 0.6587500000000001 0.87788 0.6599999999999999 0.88142 0.6599999999999999
1 0.40708 0.7424999999999999 0.40885 0.7375 0.40530999999999995 0.73625 0.39823 0.73875 0.4 0.745 0.40708 0.7424999999999999
1 0.59823 0.74 0.58938 0.74 0.5858399999999999 0.74125 0.58761 0.7474999999999999 0.6017699999999999 0.7462500000000001 0.6017699999999999 0.74125 0.59823 0.74
1 0.17876 0.74125 0.18407 0.74125 0.18938 0.7375 0.18761 0.7325 0.1823 0.7325 0.17876 0.735 0.17699 0.7375 0.17876 0.74125
0 0.32389 0.19125 0.32566 0.195 0.33451 0.195 0.35221 0.19375 0.3646 0.1925 0.36814 0.19125 0.36637 0.1875 0.33451 0.19 0.33274 0.19125 0.32389 0.19125
0 0.34867 0.27625 0.36106 0.275 0.36106 0.27125 0.34336 0.2725 0.32389 0.27 0.31327 0.27125 0.2885 0.26875 0.27610999999999997 0.27 0.25841 0.26875 0.26017999999999997 0.2725 0.28142 0.27375 0.31504 0.27375 0.34867 0.27625
0 0.75044 0.2625 0.7469 0.265 0.73982 0.265 0.72566 0.2625 0.72389 0.26125 0.71858 0.2625 0.71858 0.265 0.72212 0.26625 0.7292 0.26749999999999996 0.75752 0.27125 0.76637 0.27125 0.76637 0.26625 0.76814 0.265 0.76637 0.2575 0.75929 0.25625 0.75044 0.25625 0.75044 0.2625
0 0.8371700000000001 0.22999999999999998 0.8371700000000001 0.22625 0.83363 0.225 0.82301 0.22374999999999998 0.80885 0.2225 0.8053100000000001 0.22374999999999998 0.8053100000000001 0.22875 0.81593 0.22749999999999998 0.8283200000000001 0.22999999999999998 0.8371700000000001 0.22999999999999998
0 0.23009 0.26375000000000004 0.23186 0.265 0.23717000000000002 0.26375000000000004 0.23717000000000002 0.25625 0.23363 0.25625 0.23186 0.255 0.22301 0.25375000000000003 0.21593 0.2525 0.21416 0.25875 0.21593 0.26125 0.22477999999999998 0.26375000000000004 0.23009 0.26375000000000004
0 0.8708 0.2575 0.85487 0.25875 0.85487 0.2625 0.86195 0.2625 0.87965 0.26 0.89735 0.26 0.8991199999999999 0.25875 0.9026500000000001 0.25875 0.9026500000000001 0.24874999999999997 0.8902699999999999 0.25 0.8885 0.25375000000000003 0.8849600000000001 0.255 0.8708 0.2575
0 0.5221199999999999 0.34500000000000003 0.51327 0.34750000000000003 0.50442 0.34750000000000003 0.50265 0.34875 0.49912 0.34875 0.49912 0.3525 0.50796 0.3525 0.54513 0.34750000000000003 0.5539799999999999 0.34500000000000003 0.5592900000000001 0.34500000000000003 0.5592900000000001 0.33999999999999997 0.5539799999999999 0.33999999999999997 0.5469 0.34125 0.53982 0.34375 0.5221199999999999 0.34500000000000003
0 0.5911500000000001 0.34750000000000003 0.6017699999999999 0.34750000000000003 0.60885 0.35 0.61593 0.35125 0.63009 0.35125 0.63009 0.34750000000000003 0.61593 0.34625 0.60885 0.34375 0.59646 0.34375 0.5858399999999999 0.34125 0.57699 0.34125 0.57699 0.34500000000000003 0.58053 0.34500000000000003 0.5823 0.34625 0.5911500000000001 0.34750000000000003
0 0.8690300000000001 0.34500000000000003 0.87611 0.34500000000000003 0.8743399999999999 0.33999999999999997 0.84956 0.33999999999999997 0.84071 0.3375 0.83009 0.3375 0.83009 0.34125 0.8371700000000001 0.34125 0.8442500000000001 0.34375 0.8690300000000001 0.34500000000000003
0 0.27965 0.42874999999999996 0.28673000000000004 0.42750000000000005 0.29027 0.42625 0.29027 0.4225 0.27965 0.425 0.27080000000000004 0.425 0.26195 0.42625 0.2531 0.42874999999999996 0.24425 0.43 0.23894 0.42874999999999996 0.24070999999999998 0.43375 0.26195 0.43125 0.27965 0.42874999999999996
0 0.35929 0.42625 0.36814 0.42625 0.36637 0.42125 0.36283 0.4225 0.35575 0.42125 0.34513 0.41875 0.33274 0.41875 0.32389 0.41624999999999995 0.31681 0.42000000000000004 0.32035 0.42125 0.3292 0.4225 0.35044 0.42374999999999996 0.35929 0.42625
0 0.50088 0.42874999999999996 0.50973 0.43125 0.53451 0.43375 0.53982 0.43375 0.54159 0.43125 0.5380499999999999 0.42874999999999996 0.52566 0.42874999999999996 0.51504 0.42625 0.50265 0.42625 0.48673 0.42374999999999996 0.48495999999999995 0.4225 0.48141999999999996 0.4225 0.48141999999999996 0.42625 0.48495999999999995 0.42750000000000005 0.49204 0.42874999999999996 0.50088 0.42874999999999996
0 0.58938 0.42874999999999996 0.59646 0.43125 0.6176999999999999 0.4325 0.61947 0.43375 0.62655 0.43375 0.62655 0.42874999999999996 0.61239 0.42874999999999996 0.60354 0.42750000000000005 0.59823 0.425 0.58407 0.425 0.57345 0.4225 0.5699099999999999 0.42374999999999996 0.5699099999999999 0.42625 0.57345 0.42750000000000005 0.57876 0.42874999999999996 0.58938 0.42874999999999996
0 0.002070796875 0.000325 0.00061946875 0.000325 0.00061946875 0.00095 0.002070796875 0.00095 0.002070796875 0.000325
0 0.87965 0.49874999999999997 0.8902699999999999 0.50125 0.89381 0.49749999999999994 0.88673 0.49625 0.87965 0.49625 0.86372 0.4925 0.85487 0.49124999999999996 0.8442500000000001 0.49000000000000005 0.8442500000000001 0.495 0.8584099999999999 0.49749999999999994 0.8672599999999999 0.49874999999999997 0.87965 0.49874999999999997
0 0.22124000000000002 0.6799999999999999 0.21947 0.67625 0.21239 0.675 0.19469 0.6725 0.19115 0.6725 0.19292 0.6775 0.2 0.67875 0.21061999999999997 0.6799999999999999 0.22124000000000002 0.6799999999999999
0 0.25664 0.6837500000000001 0.26372 0.6837500000000001 0.27434 0.68125 0.28496 0.6799999999999999 0.28496 0.67625 0.27257 0.6775 0.26372 0.6799999999999999 0.25487000000000004 0.6799999999999999 0.25664 0.6837500000000001
0 0.35929 0.6799999999999999 0.36637 0.67625 0.35752 0.675 0.34159 0.6725 0.3292 0.6725 0.32212 0.67125 0.32035 0.67 0.31681 0.67375 0.32389 0.675 0.34159 0.67625 0.35044 0.6775 0.35929 0.6799999999999999
0 0.83009 0.6799999999999999 0.83186 0.6837500000000001 0.8424799999999999 0.6837500000000001 0.8584099999999999 0.6825 0.8743399999999999 0.6799999999999999 0.8743399999999999 0.6775 0.8584099999999999 0.6775 0.8424799999999999 0.67875 0.84071 0.6799999999999999 0.83009 0.6799999999999999