1 0.24425 0.14875 0.23363 0.15 0.2354 0.155 0.24247999999999997 0.15375 0.24425 0.15125 0.24425 0.14875
1 0.26903 0.14875 0.26017999999999997 0.15 0.26017999999999997 0.155 0.26549 0.155 0.26903 0.1525 0.26903 0.14875
1 0.29203999999999997 0.14625 0.29027 0.14125000000000001 0.28673000000000004 0.14125000000000001 0.28319 0.14250000000000002 0.28319 0.14750000000000002 0.29203999999999997 0.14625
1 0.33097 0.14125000000000001 0.32743 0.14375 0.32743 0.14750000000000002 0.33805 0.14625 0.33628 0.14125000000000001 0.33097 0.14125000000000001
1 0.35398 0.145 0.34513 0.14625 0.3469 0.15125 0.35044 0.15125 0.35398 0.15 0.35398 0.145
1 0.37168 0.145 0.3646 0.14625 0.3646 0.15125 0.36814 0.15125 0.37168 0.15 0.37168 0.145
1 0.40176999999999996 0.145 0.39469 0.14625 0.39469 0.15125 0.4 0.15125 0.40354 0.14875 0.40176999999999996 0.145
1 0.41416000000000003 0.155 0.41239 0.1575 0.42123999999999995 0.1575 0.42301 0.1525 0.41416000000000003 0.15375 0.41416000000000003 0.155
1 0.43716999999999995 0.15125 0.44071 0.15 0.44071 0.145 0.4354 0.145 0.43186 0.14750000000000002 0.43362999999999996 0.15125 0.43716999999999995 0.15125
1 0.44955999999999996 0.15375 0.45487 0.1575 0.45664 0.1575 0.45841000000000004 0.1525 0.44955999999999996 0.15375
1 0.48495999999999995 0.15125 0.4885 0.14875 0.48673 0.14375 0.48319 0.14375 0.47965 0.14625 0.47965 0.15125 0.48495999999999995 0.15125
1 0.54159 0.14625 0.5433600000000001 0.15125 0.5469 0.15125 0.55044 0.15 0.55221 0.14625 0.54159 0.14625
1 0.58407 0.155 0.5823 0.1575 0.5911500000000001 0.1575 0.59292 0.1525 0.58407 0.15375 0.58407 0.155
1 0.61062 0.15125 0.61416 0.14875 0.61593 0.14625 0.60885 0.145 0.60531 0.14625 0.60531 0.15125 0.61062 0.15125
1 0.64248 0.15125 0.64602 0.15 0.64602 0.145 0.64071 0.145 0.63717 0.14750000000000002 0.63717 0.15125 0.64248 0.15125
1 0.65664 0.155 0.66372 0.15375 0.66372 0.14875 0.66018 0.14750000000000002 0.65664 0.14875 0.6548700000000001 0.15125 0.65664 0.155
1 0.67611 0.155 0.68496 0.15375 0.6867300000000001 0.15 0.68319 0.14750000000000002 0.67965 0.14875 0.67788 0.14875 0.67611 0.155
1 0.70973 0.15 0.70796 0.15375 0.71504 0.155 0.71858 0.1525 0.71858 0.14875 0.70973 0.15
1 0.73274 0.15875 0.73628 0.1575 0.73628 0.1525 0.73097 0.1525 0.72743 0.155 0.72743 0.1575 0.73274 0.15875
1 0.75752 0.14875 0.74867 0.15 0.74867 0.155 0.75398 0.155 0.75752 0.1525 0.75752 0.14875
1 0.77168 0.15875 0.77522 0.1575 0.77699 0.15375 0.76991 0.1525 0.76637 0.15375 0.76814 0.15875 0.77168 0.15875
1 0.57168 0.16 0.5699099999999999 0.155 0.56283 0.155 0.56106 0.1575 0.56106 0.1625 0.56814 0.1625 0.57168 0.16
1 0.8 0.16625 0.80885 0.16499999999999998 0.8106199999999999 0.1625 0.80885 0.1575 0.8053100000000001 0.1575 0.80177 0.15875 0.79823 0.16125 0.8 0.16625
1 0.9115 0.15875 0.90442 0.15875 0.9008800000000001 0.16125 0.9026500000000001 0.16625 0.9079599999999999 0.16625 0.9115 0.16499999999999998 0.9115 0.15875
1 0.9327400000000001 0.16999999999999998 0.93628 0.1675 0.93628 0.1625 0.9292 0.1625 0.92566 0.16499999999999998 0.92743 0.16999999999999998 0.9327400000000001 0.16999999999999998
1 0.33805 0.26625 0.33628 0.26125 0.33097 0.26125 0.32743 0.26375000000000004 0.3292 0.26875 0.33451 0.26875 0.33805 0.26625
1 0.37699 0.26875 0.38584 0.26749999999999996 0.38761 0.265 0.38761 0.2625 0.38407 0.26125 0.38053 0.26125 0.37699 0.26375000000000004 0.37699 0.26875
1 0.39469 0.26875 0.4 0.26875 0.40354 0.26625 0.40176999999999996 0.26125 0.39823 0.26125 0.39469 0.2625 0.39292 0.265 0.39469 0.26875
1 0.4885 0.25625 0.4885 0.25125000000000003 0.48319 0.25125000000000003 0.47788 0.255 0.47965 0.2575 0.4885 0.25625
1 0.52566 0.2575 0.52566 0.25125000000000003 0.52035 0.25125000000000003 0.51681 0.25375000000000003 0.51681 0.25625 0.52389 0.2575 0.52566 0.2575
1 0.55221 0.255 0.55044 0.25125000000000003 0.54513 0.25125000000000003 0.54159 0.2575 0.54867 0.2575 0.55221 0.255
1 0.64602 0.24625 0.64779 0.24375 0.64779 0.24125000000000002 0.64425 0.24 0.63717 0.2425 0.63717 0.2475 0.64602 0.24625
1 0.6973499999999999 0.2475 0.70088 0.24500000000000002 0.70088 0.24125000000000002 0.69381 0.24125000000000002 0.69027 0.24375 0.69204 0.2475 0.6973499999999999 0.2475
1 0.71858 0.24125000000000002 0.70973 0.2425 0.70973 0.2475 0.71504 0.2475 0.71858 0.24500000000000002 0.71858 0.24125000000000002
1 0.8106199999999999 0.25875 0.8 0.26 0.8 0.265 0.80708 0.265 0.8106199999999999 0.2625 0.8106199999999999 0.25875
1 0.84602 0.25875 0.8424799999999999 0.26125 0.8442500000000001 0.265 0.8531000000000001 0.26375000000000004 0.8531000000000001 0.25875 0.84602 0.25875
1 0.8690300000000001 0.265 0.87611 0.265 0.87965 0.2625 0.87965 0.25875 0.87257 0.25875 0.8690300000000001 0.26 0.8672599999999999 0.2625 0.8690300000000001 0.265
1 0.13451 0.32625000000000004 0.13982 0.32625000000000004 0.14336 0.325 0.14513 0.3225 0.14513 0.32 0.14159 0.31875 0.13805 0.32 0.13628 0.32 0.13451 0.32625000000000004
1 0.16106 0.32625000000000004 0.15752 0.32625000000000004 0.15398 0.32875 0.15929 0.3325 0.16106 0.3325 0.16106 0.32625000000000004
1 0.17876 0.33375 0.18407 0.32999999999999996 0.1823 0.32625000000000004 0.17699 0.32625000000000004 0.17345 0.3275 0.17522 0.33375 0.17876 0.33375
1 0.21416 0.3325 0.2177 0.32999999999999996 0.21593 0.32625000000000004 0.21061999999999997 0.32625000000000004 0.20708000000000001 0.3275 0.20708000000000001 0.3325 0.21416 0.3325
1 0.23717000000000002 0.32999999999999996 0.2354 0.32625000000000004 0.23009 0.32625000000000004 0.22654999999999997 0.32875 0.22832 0.3325 0.23363 0.3325 0.23717000000000002 0.32999999999999996
1 0.25487000000000004 0.32625000000000004 0.25841 0.32375 0.26017999999999997 0.32125 0.25664 0.31875 0.2531 0.32 0.25133 0.32 0.25133 0.32625000000000004 0.25487000000000004 0.32625000000000004
1 0.27788 0.32999999999999996 0.27610999999999997 0.32625000000000004 0.27080000000000004 0.32625000000000004 0.26726 0.32875 0.26903 0.3325 0.27434 0.3325 0.27788 0.32999999999999996
1 0.30973 0.32875 0.31327 0.32625000000000004 0.3115 0.3225 0.30619 0.3225 0.30265 0.325 0.30619 0.32999999999999996 0.30973 0.32875
1 0.37699 0.33625 0.38407 0.33625 0.38761 0.33375 0.38761 0.32999999999999996 0.38407 0.32875 0.37699 0.33125 0.37522 0.33375 0.37699 0.33625
1 0.42478 0.32625000000000004 0.41593 0.3275 0.41416000000000003 0.32999999999999996 0.41593 0.3325 0.42478 0.33125 0.42655000000000004 0.32875 0.42478 0.32625000000000004
1 0.47434000000000004 0.33625 0.46726 0.33625 0.46372 0.3375 0.46548999999999996 0.34375 0.47965 0.34249999999999997 0.47788 0.3375 0.47434000000000004 0.33625
1 0.62832 0.34375 0.6336299999999999 0.34500000000000003 0.63717 0.34375 0.6389400000000001 0.34249999999999997 0.6389400000000001 0.34125 0.64071 0.33875 0.6389400000000001 0.33625 0.63009 0.33625 0.62655 0.33875 0.62655 0.34125 0.62832 0.34375
1 0.70796 0.31875 0.71504 0.31875 0.71858 0.31375000000000003 0.70796 0.31375000000000003 0.70796 0.31875
1 0.7292 0.31375000000000003 0.73097 0.31875 0.73805 0.3175 0.73805 0.3125 0.7292 0.31375000000000003
1 0.75929 0.305 0.75221 0.305 0.74867 0.3075 0.74867 0.31124999999999997 0.75575 0.31124999999999997 0.75929 0.31 0.75929 0.305
1 0.8053100000000001 0.3225 0.79646 0.32375 0.79469 0.32625000000000004 0.79823 0.32999999999999996 0.8035399999999999 0.32875 0.80708 0.32625000000000004 0.8053100000000001 0.3225
1 0.8743399999999999 0.33125 0.87257 0.33375 0.8743399999999999 0.33625 0.8831899999999999 0.335 0.8831899999999999 0.32999999999999996 0.8743399999999999 0.33125
1 0.92035 0.3125 0.9115 0.31375000000000003 0.9115 0.31875 0.9168100000000001 0.31875 0.92035 0.31625000000000003 0.92035 0.3125
1 0.14159 0.4325 0.14513 0.43 0.14513 0.425 0.13982 0.425 0.13628 0.42625 0.13628 0.4325 0.14159 0.4325
1 0.18938 0.4325 0.19469 0.4325 0.19823 0.43 0.2 0.42750000000000005 0.19646 0.425 0.19292 0.425 0.18761 0.42874999999999996 0.18938 0.4325
1 0.2177 0.43 0.21947 0.42750000000000005 0.21593 0.425 0.21061999999999997 0.425 0.20708000000000001 0.42750000000000005 0.20884999999999998 0.4325 0.21416 0.4325 0.2177 0.43
1 0.30973 0.42125 0.31327 0.41875 0.3115 0.41500000000000004 0.30619 0.41500000000000004 0.30265 0.4175 0.30265 0.42125 0.30973 0.42125
1 0.35398 0.4225 0.35752 0.42125 0.35929 0.41500000000000004 0.35398 0.41500000000000004 0.35044 0.41624999999999995 0.35044 0.42125 0.35398 0.4225
1 0.38407 0.42125 0.38761 0.41875 0.38584 0.41500000000000004 0.38053 0.41500000000000004 0.37522 0.41875 0.37699 0.42125 0.38407 0.42125
1 0.47788 0.43 0.46726 0.43125 0.46902999999999995 0.43624999999999997 0.47434000000000004 0.43624999999999997 0.47788 0.43375 0.47788 0.43
1 0.52389 0.43 0.51681 0.43 0.51327 0.43125 0.51504 0.43624999999999997 0.52035 0.43624999999999997 0.52389 0.43499999999999994 0.52389 0.43
1 0.5433600000000001 0.43624999999999997 0.5469 0.43624999999999997 0.55044 0.43499999999999994 0.55044 0.42874999999999996 0.5469 0.43 0.5433600000000001 0.43 0.53982 0.43375 0.5433600000000001 0.43624999999999997
1 0.62832 0.41375 0.62832 0.4175 0.6354 0.4175 0.6389400000000001 0.41500000000000004 0.6389400000000001 0.4125 0.62832 0.41375
1 0.6654899999999999 0.41375 0.6654899999999999 0.4175 0.67611 0.41624999999999995 0.67611 0.4125 0.6654899999999999 0.41375
1 0.6973499999999999 0.41624999999999995 0.6973499999999999 0.4125 0.69381 0.41125 0.6885 0.4125 0.6885 0.4175 0.6973499999999999 0.41624999999999995
1 0.8035399999999999 0.42125 0.80708 0.41875 0.8053100000000001 0.41500000000000004 0.80177 0.41500000000000004 0.79823 0.41624999999999995 0.8 0.4225 0.8035399999999999 0.42125
1 0.85487 0.42000000000000004 0.85487 0.41500000000000004 0.84956 0.41500000000000004 0.84602 0.41624999999999995 0.84602 0.42125 0.85487 0.42000000000000004
1 0.88142 0.42125 0.8849600000000001 0.41875 0.8831899999999999 0.41500000000000004 0.87788 0.41500000000000004 0.87257 0.41875 0.8743399999999999 0.42125 0.88142 0.42125
1 0.15044 0.4875 0.14867 0.48250000000000004 0.13805 0.48250000000000004 0.13451 0.48375 0.13628 0.48875 0.13982 0.49000000000000005 0.1469 0.49000000000000005 0.15044 0.4875
1 0.29735 0.49000000000000005 0.30619 0.49000000000000005 0.30973 0.48875 0.3115 0.48624999999999996 0.3115 0.48250000000000004 0.30442 0.48250000000000004 0.30088 0.48375 0.29735 0.48624999999999996 0.29735 0.49000000000000005
1 0.38584 0.49625 0.38938 0.49749999999999994 0.39292 0.49625 0.39469 0.49000000000000005 0.38938 0.49000000000000005 0.38584 0.49124999999999996 0.38407 0.49375 0.38584 0.49625
1 0.41593 0.48375 0.40708 0.485 0.40885 0.49000000000000005 0.41239 0.49000000000000005 0.41593 0.48875 0.41593 0.48375
1 0.43186 0.49749999999999994 0.43894 0.495 0.43716999999999995 0.49000000000000005 0.43362999999999996 0.49000000000000005 0.43009000000000003 0.49124999999999996 0.42832 0.49625 0.43186 0.49749999999999994
1 0.47434000000000004 0.48250000000000004 0.46726 0.48250000000000004 0.46372 0.48375 0.46372 0.49000000000000005 0.47257 0.49000000000000005 0.47434000000000004 0.4875 0.47434000000000004 0.48250000000000004
1 0.55044 0.49625 0.5539799999999999 0.49749999999999994 0.55752 0.49625 0.5592900000000001 0.49375 0.5592900000000001 0.49000000000000005 0.5539799999999999 0.49000000000000005 0.55044 0.49124999999999996 0.54867 0.49375 0.55044 0.49625
1 0.58053 0.48375 0.57168 0.48375 0.57168 0.49000000000000005 0.57699 0.49000000000000005 0.58053 0.48875 0.58053 0.48375
1 0.6354 0.4925 0.6389400000000001 0.49124999999999996 0.6389400000000001 0.48875 0.63717 0.48624999999999996 0.6336299999999999 0.48624999999999996 0.63009 0.4875 0.62832 0.4925 0.6354 0.4925
1 0.65664 0.49124999999999996 0.6548700000000001 0.48624999999999996 0.65133 0.48624999999999996 0.64602 0.49124999999999996 0.6495599999999999 0.49375 0.65664 0.49124999999999996
1 0.67434 0.4925 0.67788 0.48875 0.67611 0.48624999999999996 0.6708000000000001 0.48624999999999996 0.66726 0.48875 0.6708000000000001 0.49375 0.67434 0.4925
1 0.74336 0.4925 0.75221 0.49124999999999996 0.75044 0.48624999999999996 0.7469 0.48624999999999996 0.74336 0.4875 0.74159 0.49000000000000005 0.74336 0.4925
1 0.77168 0.49749999999999994 0.76991 0.49375 0.7646 0.49375 0.76106 0.49625 0.76283 0.5 0.76814 0.5 0.77168 0.49749999999999994
1 0.8 0.4925 0.8035399999999999 0.49000000000000005 0.80177 0.48624999999999996 0.79646 0.48624999999999996 0.79292 0.48875 0.79469 0.49375 0.8 0.4925
1 0.8885 0.5 0.89204 0.49749999999999994 0.89204 0.49375 0.88673 0.49375 0.8831899999999999 0.495 0.8831899999999999 0.5 0.8885 0.5
1 0.91327 0.4925 0.9168100000000001 0.48875 0.91504 0.48624999999999996 0.90973 0.48624999999999996 0.9061899999999999 0.48875 0.9061899999999999 0.4925 0.91327 0.4925
1 0.59823 0.49749999999999994 0.60354 0.49375 0.6017699999999999 0.49000000000000005 0.59823 0.49000000000000005 0.59469 0.49124999999999996 0.59292 0.49625 0.59823 0.49749999999999994
1 0.9380499999999999 0.49749999999999994 0.93628 0.49375 0.93097 0.49375 0.92743 0.49625 0.9292 0.5 0.9345100000000001 0.5 0.9380499999999999 0.49749999999999994
1 0.30442 0.5825 0.30796 0.58125 0.30796 0.575 0.30442 0.575 0.30088 0.57625 0.30088 0.5825 0.30442 0.5825
1 0.33982 0.5775 0.33982 0.58125 0.34867 0.58125 0.35044 0.57875 0.35044 0.57625 0.33982 0.5775
1 0.37345 0.58 0.37168 0.575 0.36814 0.575 0.3646 0.57625 0.36283 0.58125 0.37345 0.58
1 0.2177 0.57625 0.22301 0.5725 0.22124000000000002 0.5675 0.21416 0.56875 0.21061999999999997 0.5725 0.21239 0.575 0.2177 0.57625
1 0.72743 0.5 0.73097 0.49749999999999994 0.7292 0.49375 0.72566 0.49375 0.72212 0.495 0.72212 0.5 0.72743 0.5
1 0.14867 0.575 0.14867 0.5725 0.15044 0.57125 0.15044 0.56875 0.13805 0.5700000000000001 0.13982 0.57625 0.14336 0.57625 0.14513 0.575 0.14867 0.575
1 0.19646 0.57375 0.19469 0.56875 0.18761 0.56875 0.18407 0.5700000000000001 0.18407 0.57375 0.18761 0.57625 0.19292 0.57625 0.19646 0.57375
1 0.47257 0.595 0.47434000000000004 0.5925 0.47257 0.58875 0.46902999999999995 0.5900000000000001 0.46372 0.5912499999999999 0.46548999999999996 0.5962500000000001 0.47257 0.595
1 0.51327 0.595 0.51327 0.59375 0.51504 0.5912499999999999 0.5115000000000001 0.58875 0.50796 0.5900000000000001 0.5061899999999999 0.5900000000000001 0.5061899999999999 0.5962500000000001 0.51327 0.595
1 0.5292 0.5962500000000001 0.53451 0.5962500000000001 0.5380499999999999 0.59375 0.53628 0.58875 0.53274 0.58875 0.5292 0.5900000000000001 0.5274300000000001 0.5925 0.5292 0.5962500000000001
1 0.63717 0.585 0.6389400000000001 0.5825 0.63717 0.57875 0.6336299999999999 0.57875 0.63009 0.58 0.62832 0.585 0.63717 0.585
1 0.6867300000000001 0.5862499999999999 0.69027 0.585 0.69027 0.57875 0.6867300000000001 0.57875 0.68319 0.58 0.68319 0.585 0.6867300000000001 0.5862499999999999
1 0.7115 0.58 0.70088 0.58125 0.70442 0.5862499999999999 0.70796 0.585 0.7115 0.5825 0.7115 0.58
1 0.8035399999999999 0.5900000000000001 0.80177 0.5862499999999999 0.79646 0.5862499999999999 0.79115 0.5900000000000001 0.79469 0.5925 0.8 0.5925 0.8035399999999999 0.5900000000000001
1 0.8371700000000001 0.5925 0.8442500000000001 0.5912499999999999 0.8442500000000001 0.5900000000000001 0.84602 0.5875 0.8424799999999999 0.5862499999999999 0.83894 0.5862499999999999 0.8353999999999999 0.5875 0.8371700000000001 0.5925
1 0.86549 0.5925 0.8690300000000001 0.5900000000000001 0.8672599999999999 0.5862499999999999 0.86372 0.5862499999999999 0.8601800000000001 0.5875 0.8601800000000001 0.5925 0.86549 0.5925
1 0.14513 0.6599999999999999 0.14513 0.6537499999999999 0.13628 0.6537499999999999 0.13451 0.65625 0.13451 0.6587500000000001 0.13805 0.66125 0.14513 0.6599999999999999
1 0.15398 0.66125 0.16106 0.66125 0.1646 0.6587500000000001 0.16283 0.6537499999999999 0.15752 0.6537499999999999 0.15398 0.655 0.15221 0.6587500000000001 0.15398 0.66125
1 0.18053 0.66125 0.18407 0.6587500000000001 0.1823 0.6537499999999999 0.17522 0.6537499999999999 0.17168 0.65625 0.17168 0.6587500000000001 0.17522 0.66125 0.18053 0.66125
1 0.23717000000000002 0.6599999999999999 0.23717000000000002 0.6575 0.23894 0.65625 0.23894 0.6537499999999999 0.22832 0.6537499999999999 0.22654999999999997 0.65625 0.22654999999999997 0.6587500000000001 0.22832 0.66125 0.23717000000000002 0.6599999999999999
1 0.24956 0.655 0.25487000000000004 0.655 0.26017999999999997 0.65125 0.25841 0.64625 0.25133 0.64625 0.24956 0.6487499999999999 0.24779 0.6525000000000001 0.24956 0.655
1 0.26726 0.66125 0.27434 0.66125 0.27788 0.6587500000000001 0.27788 0.655 0.27610999999999997 0.6525000000000001 0.27257 0.6525000000000001 0.26903 0.6537499999999999 0.26726 0.65625 0.26726 0.66125
1 0.30973 0.64625 0.30088 0.64625 0.29735 0.6475 0.29912 0.6537499999999999 0.30796 0.6537499999999999 0.3115 0.65125 0.30973 0.64625
1 0.39646 0.6575 0.39469 0.6537499999999999 0.38761 0.6537499999999999 0.38407 0.65625 0.38584 0.66125 0.39292 0.66125 0.39646 0.6575
1 0.40708 0.65 0.40530999999999995 0.6525000000000001 0.40708 0.655 0.41239 0.655 0.41593 0.6537499999999999 0.41769999999999996 0.65125 0.41769999999999996 0.64625 0.41239 0.64625 0.40885 0.6475 0.40708 0.6487499999999999 0.40708 0.65
1 0.43186 0.6537499999999999 0.42832 0.65625 0.43009000000000003 0.66125 0.43894 0.6599999999999999 0.43716999999999995 0.6537499999999999 0.43186 0.6537499999999999
1 0.47611 0.65 0.46726 0.65125 0.46726 0.6575 0.47434000000000004 0.6575 0.47788 0.655 0.47611 0.65
1 0.58938 0.6599999999999999 0.59823 0.6599999999999999 0.6 0.6537499999999999 0.59292 0.6537499999999999 0.58938 0.65625 0.58938 0.6599999999999999
1 0.6389400000000001 0.665 0.6336299999999999 0.665 0.63009 0.66625 0.63186 0.67125 0.63717 0.67125 0.64071 0.66875 0.6389400000000001 0.665
1 0.65841 0.67125 0.66195 0.66875 0.66195 0.665 0.6548700000000001 0.665 0.65133 0.6675 0.6531 0.67125 0.65841 0.67125
1 0.9380499999999999 0.6575 0.93628 0.6537499999999999 0.92743 0.655 0.92743 0.66125 0.9327400000000001 0.66125 0.93628 0.6599999999999999 0.9380499999999999 0.6575
1 0.54867 0.6575 0.5469 0.6537499999999999 0.53982 0.6537499999999999 0.5380499999999999 0.6587500000000001 0.5380499999999999 0.6599999999999999 0.5469 0.6599999999999999 0.54867 0.6575
1 0.57168 0.6575 0.5752200000000001 0.655 0.57345 0.65 0.56814 0.65 0.56283 0.655 0.5646 0.6575 0.57168 0.6575
1 0.6867300000000001 0.67 0.6867300000000001 0.6637500000000001 0.68319 0.6637500000000001 0.67611 0.66625 0.67611 0.67125 0.6867300000000001 0.67
1 0.8 0.67125 0.8035399999999999 0.66875 0.80177 0.6637500000000001 0.79823 0.6637500000000001 0.79469 0.665 0.79646 0.6725 0.8 0.67125
1 0.8902699999999999 0.66125 0.89204 0.6587500000000001 0.89381 0.655 0.8902699999999999 0.6537499999999999 0.8831899999999999 0.655 0.8831899999999999 0.65625 0.88142 0.6587500000000001 0.8831899999999999 0.66125 0.8902699999999999 0.66125
1 0.91327 0.6537499999999999 0.9168100000000001 0.65 0.9168100000000001 0.64625 0.90973 0.64625 0.9061899999999999 0.6487499999999999 0.9061899999999999 0.6537499999999999 0.91327 0.6537499999999999
1 0.14513 0.7424999999999999 0.14513 0.74 0.13451 0.74125 0.13628 0.7462500000000001 0.13982 0.7462500000000001 0.14336 0.745 0.14513 0.7424999999999999
1 0.18938 0.7462500000000001 0.19469 0.7462500000000001 0.19823 0.74375 0.19646 0.73875 0.19292 0.73875 0.18938 0.74 0.18761 0.7424999999999999 0.18938 0.7462500000000001
1 0.21947 0.73875 0.21061999999999997 0.73875 0.20708000000000001 0.74 0.20708000000000001 0.7462500000000001 0.21593 0.7462500000000001 0.21947 0.7424999999999999 0.21947 0.73875
1 0.30619 0.76 0.30973 0.7575000000000001 0.30796 0.7525000000000001 0.30442 0.7525000000000001 0.30088 0.7537499999999999 0.30088 0.76 0.30619 0.76
1 0.33982 0.76 0.34513 0.76 0.34867 0.75875 0.35044 0.755 0.3469 0.7525000000000001 0.34336 0.7537499999999999 0.34159 0.7537499999999999 0.33982 0.76
1 0.36991 0.76 0.37345 0.7575000000000001 0.37522 0.755 0.37345 0.7525000000000001 0.36814 0.7525000000000001 0.3646 0.7537499999999999 0.3646 0.76 0.36991 0.76
1 0.47611 0.74875 0.47611 0.7424999999999999 0.47257 0.7424999999999999 0.46902999999999995 0.74375 0.46726 0.74875 0.47611 0.74875
1 0.52035 0.74875 0.5221199999999999 0.7424999999999999 0.51681 0.7424999999999999 0.51327 0.745 0.5115000000000001 0.7474999999999999 0.51858 0.74875 0.52035 0.74875
1 0.5433600000000001 0.75 0.54867 0.7462500000000001 0.54867 0.74375 0.54513 0.7424999999999999 0.54159 0.74375 0.53982 0.74375 0.5380499999999999 0.74875 0.5433600000000001 0.75
1 0.64071 0.7325 0.63009 0.73375 0.63009 0.73875 0.63717 0.73875 0.64071 0.73625 0.64071 0.7325
1 0.69204 0.73875 0.69912 0.73875 0.70265 0.73625 0.70265 0.7325 0.69381 0.7325 0.69204 0.735 0.69204 0.73875
1 0.72035 0.73875 0.72389 0.73625 0.72212 0.73125 0.71681 0.7325 0.71327 0.735 0.71504 0.73875 0.72035 0.73875
1 0.79823 0.7462500000000001 0.80177 0.745 0.8035399999999999 0.73875 0.79823 0.73875 0.79469 0.74 0.79469 0.7462500000000001 0.79823 0.7462500000000001
1 0.86549 0.7462500000000001 0.8690300000000001 0.74375 0.8672599999999999 0.73875 0.86372 0.73875 0.8601800000000001 0.74 0.8601800000000001 0.7462500000000001 0.86549 0.7462500000000001
1 0.83363 0.74375 0.8353999999999999 0.7462500000000001 0.8442500000000001 0.745 0.8442500000000001 0.7424999999999999 0.84602 0.74125 0.84602 0.73875 0.84071 0.73875 0.8371700000000001 0.74 0.8353999999999999 0.74125 0.83363 0.74375
1 0.13805 0.8125 0.13805 0.8175000000000001 0.1469 0.8162499999999999 0.14867 0.81375 0.14867 0.81125 0.13805 0.8125
1 0.1646 0.8175000000000001 0.16814 0.8150000000000001 0.16814 0.81125 0.16106 0.81125 0.15752 0.8150000000000001 0.15929 0.8175000000000001 0.1646 0.8175000000000001
1 0.17876 0.8175000000000001 0.18407 0.8175000000000001 0.18761 0.81125 0.17876 0.8125 0.17876 0.8175000000000001
1 0.2354 0.825 0.24070999999999998 0.8237500000000001 0.24247999999999997 0.82125 0.24070999999999998 0.8175000000000001 0.2354 0.8175000000000001 0.23186 0.82 0.23186 0.8237500000000001 0.2354 0.825
1 0.26195 0.81125 0.25133 0.8125 0.2531 0.8175000000000001 0.25841 0.8175000000000001 0.26195 0.8150000000000001 0.26195 0.81125
1 0.27788 0.825 0.28319 0.82125 0.28142 0.8175000000000001 0.27610999999999997 0.8175000000000001 0.27257 0.82 0.27257 0.825 0.27788 0.825
1 0.30973 0.82125 0.31327 0.82 0.31504 0.81375 0.30796 0.81375 0.30442 0.8150000000000001 0.30442 0.82125 0.30973 0.82125
1 0.4 0.82125 0.39292 0.82125 0.38938 0.8237500000000001 0.39115 0.8275 0.39646 0.8275 0.4 0.8262499999999999 0.4 0.82125
1 0.41769999999999996 0.82125 0.42123999999999995 0.81875 0.42123999999999995 0.81375 0.41593 0.81375 0.41062000000000004 0.81875 0.41416000000000003 0.82125 0.41769999999999996 0.82125
1 0.44602 0.825 0.44425 0.82125 0.43894 0.82125 0.4354 0.8237500000000001 0.43716999999999995 0.8275 0.44248000000000004 0.8275 0.44602 0.825
1 0.4708 0.82125 0.47434000000000004 0.82 0.47788 0.8175000000000001 0.47611 0.81375 0.4708 0.81375 0.46726 0.8162499999999999 0.46726 0.82 0.4708 0.82125
1 0.49734999999999996 0.81875 0.49558 0.81375 0.49204 0.81375 0.4885 0.8150000000000001 0.4885 0.82 0.49734999999999996 0.81875
1 0.51504 0.82 0.51858 0.8175000000000001 0.51681 0.8150000000000001 0.5115000000000001 0.81375 0.50796 0.8162499999999999 0.50796 0.82 0.5115000000000001 0.82125 0.51504 0.82
1 0.56814 0.8275 0.57168 0.825 0.57168 0.82125 0.5646 0.82125 0.56106 0.8237500000000001 0.56283 0.8275 0.56814 0.8275
1 0.58407 0.82 0.58761 0.82125 0.5911500000000001 0.81875 0.5911500000000001 0.81375 0.5858399999999999 0.81375 0.5823 0.8150000000000001 0.5823 0.82 0.58407 0.82
1 0.61239 0.825 0.61062 0.82125 0.60531 0.82125 0.6017699999999999 0.8237500000000001 0.60354 0.8275 0.60885 0.8275 0.61239 0.825
1 0.64248 0.825 0.64602 0.8225 0.64602 0.8175000000000001 0.63717 0.8175000000000001 0.6336299999999999 0.82 0.6336299999999999 0.8225 0.6354 0.825 0.64248 0.825
1 0.74336 0.825 0.74867 0.82125 0.7469 0.8175000000000001 0.74159 0.8175000000000001 0.73805 0.81875 0.73982 0.825 0.74336 0.825
1 0.77168 0.8150000000000001 0.76991 0.8099999999999999 0.76106 0.8125 0.76283 0.8175000000000001 0.76814 0.8175000000000001 0.77168 0.8150000000000001
1 0.8035399999999999 0.82 0.80708 0.8175000000000001 0.8053100000000001 0.81375 0.80177 0.81375 0.79823 0.8150000000000001 0.79646 0.82 0.8035399999999999 0.82
1 0.8194699999999999 0.825 0.82478 0.8237500000000001 0.8265499999999999 0.82125 0.8265499999999999 0.8175000000000001 0.8212400000000001 0.8175000000000001 0.8177 0.81875 0.81593 0.8225 0.8194699999999999 0.825
1 0.8424799999999999 0.825 0.84602 0.8225 0.84602 0.82 0.84779 0.8175000000000001 0.84071 0.8175000000000001 0.8371700000000001 0.81875 0.83894 0.825 0.8424799999999999 0.825
1 0.89735 0.825 0.9026500000000001 0.82125 0.9008800000000001 0.8175000000000001 0.89735 0.8175000000000001 0.89381 0.81875 0.89381 0.825 0.89735 0.825
1 0.9168100000000001 0.825 0.92035 0.8237500000000001 0.9221199999999999 0.8175000000000001 0.9168100000000001 0.8175000000000001 0.91327 0.81875 0.91327 0.825 0.9168100000000001 0.825
1 0.93097 0.8125 0.93097 0.8175000000000001 0.9380499999999999 0.8175000000000001 0.9398199999999999 0.81125 0.93097 0.8125
1 0.15044 0.9199999999999999 0.15044 0.91625 0.14159 0.91625 0.13805 0.9175000000000001 0.13628 0.9199999999999999 0.13805 0.9237500000000001 0.14513 0.9237500000000001 0.14867 0.9225 0.15044 0.9199999999999999
1 0.19646 0.91625 0.19292 0.91875 0.19469 0.9237500000000001 0.20354 0.9225 0.20354 0.91625 0.19646 0.91625
1 0.22301 0.91625 0.2177 0.91625 0.21416 0.9175000000000001 0.21239 0.9225 0.22124000000000002 0.9237500000000001 0.22477999999999998 0.92125 0.22301 0.91625
1 0.31504 0.9112500000000001 0.31327 0.90625 0.30973 0.90625 0.30619 0.9075 0.30796 0.91375 0.31504 0.9112500000000001
1 0.34336 0.9112500000000001 0.3469 0.91375 0.35044 0.91375 0.35398 0.9112500000000001 0.35575 0.9075 0.35221 0.90625 0.34867 0.90625 0.34513 0.9087500000000001 0.34336 0.9112500000000001
1 0.36814 0.9087500000000001 0.36814 0.9125 0.37699 0.9125 0.37876 0.9099999999999999 0.37876 0.9075 0.36814 0.9087500000000001
1 0.46726 0.915 0.46548999999999996 0.91875 0.47788 0.91875 0.47788 0.91375 0.4708 0.91375 0.46726 0.915
1 0.5274300000000001 0.92125 0.53097 0.9199999999999999 0.53274 0.91375 0.52566 0.91375 0.5221199999999999 0.915 0.5221199999999999 0.9199999999999999 0.5274300000000001 0.92125
1 0.55044 0.9199999999999999 0.5539799999999999 0.9175000000000001 0.5539799999999999 0.91375 0.5469 0.91375 0.5433600000000001 0.915 0.5433600000000001 0.9199999999999999 0.55044 0.9199999999999999
1 0.64602 0.9037499999999999 0.6354 0.905 0.6354 0.9087500000000001 0.6389400000000001 0.9099999999999999 0.64425 0.9087500000000001 0.64602 0.90625 0.64602 0.9037499999999999
1 0.6885 0.9087500000000001 0.6885 0.9037499999999999 0.67965 0.9037499999999999 0.67788 0.90625 0.67788 0.9087500000000001 0.68319 0.9099999999999999 0.6885 0.9087500000000001
1 0.71504 0.9037499999999999 0.70442 0.9037499999999999 0.70619 0.9099999999999999 0.71327 0.9087500000000001 0.71504 0.90625 0.71504 0.9037499999999999
1 0.8035399999999999 0.9237500000000001 0.80708 0.92125 0.8053100000000001 0.91625 0.79823 0.91625 0.79469 0.91875 0.79469 0.92125 0.79646 0.9237500000000001 0.8035399999999999 0.9237500000000001
1 0.86195 0.91875 0.8584099999999999 0.91625 0.8531000000000001 0.91625 0.84956 0.91875 0.8513299999999999 0.9237500000000001 0.8601800000000001 0.9225 0.8601800000000001 0.92125 0.86195 0.91875
1 0.87788 0.925 0.88142 0.9225 0.88142 0.91875 0.87788 0.91625 0.8743399999999999 0.91625 0.8708 0.91875 0.8690300000000001 0.9225 0.87257 0.925 0.87788 0.925
0 0.28142 0.17250000000000001 0.28142 0.16999999999999998 0.26726 0.16999999999999998 0.25841 0.17250000000000001 0.26195 0.17625 0.27257 0.175 0.27788 0.17375000000000002 0.28142 0.17250000000000001
0 0.41239 0.17625 0.42478 0.17625 0.4354 0.17875000000000002 0.44779 0.17875000000000002 0.44779 0.17625 0.44425 0.175 0.43716999999999995 0.175 0.4354 0.17375000000000002 0.41947 0.17124999999999999 0.40885 0.16999999999999998 0.39292 0.16999999999999998 0.39292 0.17250000000000001 0.39646 0.17375000000000002 0.40354 0.175 0.41239 0.17625
0 0.53982 0.18 0.54159 0.18375 0.60354 0.1825 0.6017699999999999 0.17875000000000002 0.53982 0.18
0 0.6531 0.17124999999999999 0.64602 0.16999999999999998 0.63717 0.16999999999999998 0.6389400000000001 0.17375000000000002 0.6495599999999999 0.17625 0.6548700000000001 0.175 0.6531 0.17124999999999999
0 0.73628 0.17875000000000002 0.75929 0.18 0.7646 0.18 0.76637 0.1775 0.75752 0.175 0.73982 0.17375000000000002 0.71858 0.17250000000000001 0.70796 0.17375000000000002 0.70973 0.17625 0.71681 0.17625 0.71858 0.1775 0.73628 0.17875000000000002
0 0.92743 0.14250000000000002 0.93628 0.145 0.93628 0.13999999999999999 0.93097 0.13999999999999999 0.9292 0.13874999999999998 0.92035 0.1375 0.9115 0.13874999999999998 0.91327 0.14125000000000001 0.9168100000000001 0.14125000000000001 0.9185800000000001 0.14250000000000002 0.92743 0.14250000000000002
0 0.34336 0.16875 0.33628 0.16625 0.32566 0.16625 0.32566 0.16999999999999998 0.33097 0.16999999999999998 0.33628 0.17250000000000001 0.34336 0.16875
0 0.15398 0.35125 0.15044 0.34875 0.14867 0.34875 0.14336 0.34500000000000003 0.13274 0.34500000000000003 0.13274 0.34875 0.13982 0.35 0.14513 0.35375 0.15398 0.35125
0 0.5911500000000001 0.5125 0.5858399999999999 0.5125 0.57345 0.5075000000000001 0.5699099999999999 0.5075000000000001 0.5699099999999999 0.51125 0.58761 0.5175 0.59292 0.5175 0.5911500000000001 0.5125
0 0.63717 0.51125 0.62832 0.51 0.62832 0.515 0.64602 0.51375 0.64425 0.51 0.63717 0.51125
0 0.77345 0.47375 0.77168 0.47125000000000006 0.76637 0.46875 0.76106 0.46749999999999997 0.75575 0.465 0.75221 0.46749999999999997 0.75575 0.47000000000000003 0.76814 0.475 0.77168 0.47625 0.77345 0.47375
0 0.9380499999999999 0.475 0.9380499999999999 0.47125000000000006 0.92743 0.46749999999999997 0.9238899999999999 0.46749999999999997 0.9185800000000001 0.465 0.91504 0.46624999999999994 0.9168100000000001 0.47000000000000003 0.9221199999999999 0.47000000000000003 0.93097 0.4725 0.9380499999999999 0.475
0 0.14867 0.63625 0.16283 0.6325000000000001 0.14513 0.6325000000000001 0.14867 0.63625
0 0.26726 0.68125 0.26549 0.6775 0.26017999999999997 0.67625 0.25664 0.67375 0.24956 0.67125 0.24956 0.67625 0.2531 0.67625 0.25664 0.67875 0.26726 0.68125
0 0.92743 0.67875 0.9238899999999999 0.67625 0.9185800000000001 0.67625 0.90442 0.67 0.90442 0.675 0.9185800000000001 0.6799999999999999 0.9221199999999999 0.6799999999999999 0.92743 0.67875
0 0.6389400000000001 0.6425 0.6389400000000001 0.64625 0.66195 0.64625 0.66195 0.6425 0.6389400000000001 0.6425
0 0.13628 0.835 0.13628 0.8387499999999999 0.15929 0.8387499999999999 0.15929 0.835 0.13628 0.835
0 0.26372 0.84375 0.26726 0.845 0.27434 0.8425 0.27257 0.8400000000000001 0.26726 0.8375 0.26372 0.83625 0.25841 0.835 0.24956 0.835 0.24956 0.8387499999999999 0.25664 0.8400000000000001 0.26017999999999997 0.8412499999999999 0.26372 0.84375
0 0.2177 0.2975 0.2177 0.30125 0.27788 0.30125 0.27788 0.2975 0.2177 0.2975
0 0.7292 0.33875 0.73451 0.33875 0.74513 0.335 0.74867 0.3325 0.74867 0.32875 0.74513 0.32999999999999996 0.73274 0.33375 0.7292 0.335 0.7292 0.33875
0 0.42478 0.5175 0.42832 0.5175 0.42655000000000004 0.5125 0.42123999999999995 0.5125 0.41239 0.50875 0.40708 0.5075000000000001 0.40530999999999995 0.51 0.40885 0.5125 0.41947 0.51625 0.42478 0.5175
0 0.42832 0.68125 0.42832 0.67875 0.42478 0.67625 0.41239 0.6725 0.40708 0.6725 0.40885 0.67625 0.41593 0.67875 0.42478 0.68125 0.42832 0.68125
0 0.46548999999999996 0.8387499999999999 0.46548999999999996 0.8425 0.4885 0.8425 0.4885 0.8387499999999999 0.46548999999999996 0.8387499999999999
0 0.44071 0.8012499999999999 0.44779 0.8012499999999999 0.44602 0.79875 0.43894 0.79625 0.42301 0.7925 0.42301 0.7975 0.42832 0.7975 0.43362999999999996 0.79875 0.44071 0.8012499999999999
0 0.6070800000000001 0.8012499999999999 0.61062 0.80375 0.61239 0.79875 0.59469 0.7925 0.5911500000000001 0.79375 0.59292 0.7975 0.59646 0.79875 0.6017699999999999 0.79875 0.6070800000000001 0.8012499999999999
0 0.8283200000000001 0.7975 0.8265499999999999 0.795 0.8212400000000001 0.795 0.8123900000000001 0.7925 0.80708 0.7925 0.80885 0.7975 0.8177 0.7975 0.82301 0.79875 0.8283200000000001 0.7975
0 0.7469 0.8 0.75221 0.8 0.76283 0.7975 0.76814 0.795 0.77345 0.79375 0.77345 0.79 0.76637 0.79 0.75221 0.795 0.7469 0.795 0.7469 0.8
0 0.9221199999999999 0.79875 0.9327400000000001 0.79875 0.9398199999999999 0.79625 0.94159 0.79 0.93628 0.79 0.9292 0.79375 0.9221199999999999 0.795 0.9221199999999999 0.79875