1 0.18761 0.22999999999999998 0.17876 0.22999999999999998 0.17522 0.23125 0.17699 0.23625 0.18407 0.23625 0.18761 0.2325 0.18761 0.22999999999999998
1 0.20354 0.22374999999999998 0.20354 0.22749999999999998 0.21061999999999997 0.22749999999999998 0.21239 0.225 0.21239 0.2225 0.20354 0.22374999999999998
1 0.22832 0.22875 0.23363 0.22625 0.23186 0.2225 0.22654999999999997 0.2225 0.22301 0.22374999999999998 0.22477999999999998 0.22875 0.22832 0.22875
1 0.27965 0.2225 0.27788 0.22749999999999998 0.28496 0.22625 0.28496 0.2225 0.27965 0.2225
1 0.30265 0.22625 0.30619 0.22374999999999998 0.30442 0.22000000000000003 0.30088 0.22000000000000003 0.29558 0.2225 0.29912 0.22625 0.30265 0.22625
1 0.32389 0.22374999999999998 0.32389 0.22000000000000003 0.31504 0.22000000000000003 0.31327 0.2225 0.31504 0.22625 0.32035 0.22625 0.32389 0.22374999999999998
1 0.37168 0.22000000000000003 0.36106 0.22125 0.36106 0.225 0.3646 0.22625 0.37168 0.225 0.37168 0.22000000000000003
1 0.41947 0.2225 0.41769999999999996 0.22749999999999998 0.42478 0.22625 0.42478 0.2225 0.41947 0.2225
1 0.44071 0.21875 0.44248000000000004 0.21625 0.44248000000000004 0.21375000000000002 0.43894 0.21375000000000002 0.4354 0.215 0.43362999999999996 0.22000000000000003 0.44071 0.21875
1 0.48141999999999996 0.21749999999999997 0.47965 0.22000000000000003 0.4885 0.21875 0.4885 0.215 0.48141999999999996 0.21625 0.48141999999999996 0.21749999999999997
1 0.50265 0.22374999999999998 0.5061899999999999 0.22125 0.50442 0.21749999999999997 0.50088 0.21749999999999997 0.49734999999999996 0.22000000000000003 0.49912 0.22374999999999998 0.50265 0.22374999999999998
1 0.52389 0.22625 0.5274300000000001 0.22374999999999998 0.5274300000000001 0.22000000000000003 0.5221199999999999 0.22000000000000003 0.51858 0.2225 0.51858 0.22625 0.52389 0.22625
1 0.5433600000000001 0.2225 0.54159 0.22749999999999998 0.54867 0.22625 0.54867 0.2225 0.5433600000000001 0.2225
1 0.56283 0.22374999999999998 0.5646 0.22749999999999998 0.57168 0.22625 0.57168 0.2225 0.56283 0.22374999999999998
1 0.66195 0.22749999999999998 0.66018 0.2325 0.66726 0.23125 0.66726 0.22749999999999998 0.66195 0.22749999999999998
1 0.69558 0.23125 0.69912 0.22875 0.69912 0.225 0.69381 0.225 0.69027 0.22749999999999998 0.69027 0.23125 0.69558 0.23125
1 0.72743 0.2225 0.72389 0.22374999999999998 0.72566 0.22749999999999998 0.73274 0.22625 0.73274 0.2225 0.72743 0.2225
1 0.75398 0.22625 0.76106 0.225 0.76106 0.22000000000000003 0.75752 0.22000000000000003 0.75398 0.22125 0.75221 0.22374999999999998 0.75398 0.22625
1 0.79292 0.2225 0.79115 0.22749999999999998 0.79823 0.22625 0.79823 0.2225 0.79292 0.2225
1 0.8283200000000001 0.2225 0.8212400000000001 0.2225 0.8177 0.22374999999999998 0.8177 0.22625 0.8212400000000001 0.22749999999999998 0.8283200000000001 0.22625 0.8283200000000001 0.2225
1 0.85664 0.2225 0.8531000000000001 0.22374999999999998 0.85487 0.22749999999999998 0.86195 0.22625 0.86195 0.2225 0.85664 0.2225
1 0.8743399999999999 0.23125 0.87611 0.23625 0.88142 0.23500000000000001 0.88142 0.22999999999999998 0.8743399999999999 0.23125
1 0.9061899999999999 0.23374999999999999 0.90973 0.2325 0.90973 0.22749999999999998 0.90442 0.22749999999999998 0.9008800000000001 0.23125 0.9026500000000001 0.23374999999999999 0.9061899999999999 0.23374999999999999
1 0.11857999999999999 0.32375 0.11857999999999999 0.32125 0.11327000000000001 0.32125 0.1115 0.32625000000000004 0.11504 0.32625000000000004 0.11857999999999999 0.32375
1 0.21061999999999997 0.32875 0.21239 0.32625000000000004 0.21239 0.3225 0.20884999999999998 0.3225 0.20531000000000002 0.32375 0.20354 0.32875 0.21061999999999997 0.32875
1 0.24779 0.32875 0.25133 0.32625000000000004 0.25133 0.3225 0.24425 0.3225 0.24070999999999998 0.325 0.24070999999999998 0.32875 0.24779 0.32875
1 0.27080000000000004 0.31875 0.26903 0.315 0.26549 0.315 0.26195 0.3175 0.26372 0.32125 0.26903 0.32125 0.27080000000000004 0.31875
1 0.2885 0.32 0.2885 0.315 0.28496 0.315 0.28142 0.31625000000000003 0.28142 0.32125 0.2885 0.32
1 0.32566 0.32125 0.3292 0.31875 0.32743 0.315 0.32389 0.315 0.32035 0.3175 0.32212 0.32125 0.32566 0.32125
1 0.35044 0.31625000000000003 0.35044 0.3125 0.34513 0.3125 0.34159 0.315 0.34336 0.31875 0.34867 0.31875 0.35044 0.31625000000000003
1 0.37168 0.3175 0.37168 0.3125 0.36637 0.3125 0.36283 0.315 0.3646 0.31875 0.37168 0.3175
1 0.39823 0.3125 0.39115 0.31375000000000003 0.39115 0.31875 0.39646 0.31875 0.4 0.31625000000000003 0.39823 0.3125
1 0.41947 0.31875 0.42301 0.31625000000000003 0.42301 0.3125 0.41769999999999996 0.3125 0.41416000000000003 0.315 0.41593 0.31875 0.41947 0.31875
1 0.44425 0.32125 0.44779 0.31875 0.44779 0.315 0.44071 0.315 0.43716999999999995 0.31875 0.43894 0.32125 0.44425 0.32125
1 0.4708 0.31375000000000003 0.47434000000000004 0.31124999999999997 0.47434000000000004 0.3075 0.46902999999999995 0.3075 0.46548999999999996 0.31 0.46726 0.31375000000000003 0.4708 0.31375000000000003
1 0.52389 0.31124999999999997 0.52389 0.3075 0.51858 0.3075 0.51504 0.31 0.51504 0.3125 0.52389 0.31124999999999997
1 0.53097 0.31124999999999997 0.53451 0.31625000000000003 0.5380499999999999 0.315 0.53628 0.31 0.53097 0.31124999999999997
1 0.55044 0.31875 0.5539799999999999 0.31625000000000003 0.5539799999999999 0.3125 0.5469 0.3125 0.54513 0.315 0.5469 0.31875 0.55044 0.31875
1 0.5699099999999999 0.32 0.5699099999999999 0.315 0.5646 0.315 0.56106 0.3175 0.56283 0.32125 0.5699099999999999 0.32
1 0.58938 0.315 0.58053 0.31625000000000003 0.5823 0.32125 0.58761 0.32125 0.5911500000000001 0.31875 0.58938 0.315
1 0.64425 0.32875 0.64779 0.3275 0.6495599999999999 0.325 0.6495599999999999 0.3225 0.64248 0.3225 0.6389400000000001 0.325 0.64071 0.32875 0.64425 0.32875
1 0.67788 0.32 0.67434 0.32 0.6708000000000001 0.32625000000000004 0.67965 0.325 0.67788 0.32
1 0.69558 0.32375 0.69912 0.32125 0.69912 0.3175 0.69381 0.3175 0.69027 0.32 0.69204 0.32375 0.69558 0.32375
1 0.71858 0.315 0.71504 0.315 0.7115 0.3175 0.71681 0.32 0.71858 0.32 0.71858 0.315
1 0.75575 0.32125 0.75929 0.32 0.75929 0.315 0.75398 0.315 0.75044 0.31875 0.75221 0.32125 0.75575 0.32125
1 0.77699 0.32 0.77699 0.315 0.77168 0.315 0.76814 0.31875 0.76991 0.32125 0.77699 0.32
1 0.79292 0.3175 0.79292 0.3125 0.78761 0.3125 0.78407 0.315 0.78584 0.31875 0.79292 0.3175
1 0.8212400000000001 0.315 0.83009 0.31375000000000003 0.83009 0.31 0.82301 0.31 0.8212400000000001 0.315
1 0.8601800000000001 0.31875 0.86372 0.3175 0.86549 0.3125 0.8584099999999999 0.3125 0.85487 0.315 0.85664 0.31875 0.8601800000000001 0.31875
1 0.9061899999999999 0.3175 0.9061899999999999 0.3125 0.9008800000000001 0.3125 0.89735 0.315 0.8991199999999999 0.31875 0.9061899999999999 0.3175
1 0.92566 0.32875 0.9292 0.32625000000000004 0.9292 0.3225 0.9221199999999999 0.3225 0.9185800000000001 0.325 0.9185800000000001 0.32875 0.92566 0.32875
1 0.10442 0.40125 0.10442 0.3975 0.09912 0.3975 0.09558 0.4 0.09558 0.4025 0.10442 0.40125
1 0.11504 0.40125 0.11504 0.40499999999999997 0.12212 0.40374999999999994 0.12212 0.4 0.11504 0.40125
1 0.13982 0.40125 0.13982 0.40499999999999997 0.1469 0.40499999999999997 0.14867 0.4025 0.14867 0.4 0.13982 0.40125
1 0.1646 0.4025 0.15929 0.4025 0.15752 0.40499999999999997 0.15929 0.40875000000000006 0.16637 0.40750000000000003 0.1646 0.4025
1 0.18407 0.41375 0.18407 0.40875000000000006 0.17876 0.40875000000000006 0.17522 0.4125 0.17876 0.41500000000000004 0.18407 0.41375
1 0.21947 0.40875000000000006 0.21416 0.40875000000000006 0.21061999999999997 0.41 0.21239 0.41375 0.21947 0.41375 0.22301 0.41 0.21947 0.40875000000000006
1 0.23894 0.41624999999999995 0.23009 0.4175 0.23186 0.4225 0.2354 0.4225 0.23894 0.42000000000000004 0.23894 0.41624999999999995
1 0.24956 0.41375 0.24956 0.41875 0.25664 0.4175 0.25664 0.41375 0.24956 0.41375
1 0.30265 0.41375 0.30265 0.41875 0.3115 0.4175 0.3115 0.41375 0.30265 0.41375
1 0.39823 0.41500000000000004 0.39823 0.41 0.39469 0.41 0.38938 0.41375 0.38938 0.41624999999999995 0.39823 0.41500000000000004
1 0.41769999999999996 0.41500000000000004 0.42123999999999995 0.41375 0.42123999999999995 0.40750000000000003 0.41593 0.40750000000000003 0.41239 0.41 0.41416000000000003 0.41500000000000004 0.41769999999999996 0.41500000000000004
1 0.43716999999999995 0.3975 0.43009000000000003 0.3975 0.42832 0.4 0.43009000000000003 0.40374999999999994 0.43716999999999995 0.4025 0.43716999999999995 0.3975
1 0.48141999999999996 0.40125 0.47965 0.3975 0.47434000000000004 0.3975 0.4708 0.40125 0.47434000000000004 0.40374999999999994 0.47788 0.40374999999999994 0.48141999999999996 0.40125
1 0.50265 0.41 0.49734999999999996 0.41 0.49381 0.41624999999999995 0.50265 0.41500000000000004 0.50265 0.41
1 0.51681 0.42000000000000004 0.52035 0.4175 0.51858 0.41375 0.51504 0.41500000000000004 0.51327 0.41500000000000004 0.51327 0.42000000000000004 0.51681 0.42000000000000004
1 0.5380499999999999 0.41875 0.53628 0.41375 0.53274 0.41375 0.5292 0.41624999999999995 0.53097 0.42000000000000004 0.5380499999999999 0.41875
1 0.6070800000000001 0.41375 0.59823 0.41500000000000004 0.6 0.42000000000000004 0.60354 0.42000000000000004 0.6070800000000001 0.41875 0.6070800000000001 0.41375
1 0.69204 0.395 0.68319 0.39625 0.68496 0.40125 0.69027 0.40125 0.69204 0.39875 0.69204 0.395
1 0.70619 0.3975 0.69912 0.39875 0.70088 0.40374999999999994 0.70442 0.40374999999999994 0.70796 0.40125 0.70619 0.3975
1 0.72212 0.4025 0.72212 0.3975 0.71681 0.3975 0.71327 0.4 0.71327 0.40374999999999994 0.72212 0.4025
1 0.76283 0.3975 0.75752 0.3975 0.75575 0.4 0.75752 0.40374999999999994 0.7646 0.4025 0.76283 0.3975
1 0.79823 0.4025 0.79823 0.3975 0.79292 0.3975 0.78938 0.4 0.79115 0.40374999999999994 0.79823 0.4025
1 0.8123900000000001 0.40125 0.81593 0.39875 0.81593 0.395 0.8106199999999999 0.395 0.80708 0.3975 0.80708 0.40125 0.8123900000000001 0.40125
1 0.88142 0.40125 0.8849600000000001 0.39875 0.8849600000000001 0.395 0.87788 0.395 0.8743399999999999 0.39625 0.8743399999999999 0.40125 0.88142 0.40125
1 0.8991199999999999 0.395 0.89558 0.39249999999999996 0.8902699999999999 0.39375 0.8902699999999999 0.39875 0.89558 0.39875 0.8991199999999999 0.3975 0.8991199999999999 0.395
1 0.90442 0.39249999999999996 0.90442 0.39625 0.91504 0.395 0.91327 0.39125 0.90442 0.39249999999999996
1 0.10088 0.48875 0.10442 0.48624999999999996 0.10442 0.48250000000000004 0.09912 0.48250000000000004 0.09381 0.48624999999999996 0.09381 0.48875 0.10088 0.48875
1 0.12212 0.48875 0.12566 0.4875 0.12566 0.48250000000000004 0.12035 0.48250000000000004 0.11504 0.48624999999999996 0.11504 0.48875 0.12212 0.48875
1 0.14336 0.48375 0.14159 0.48624999999999996 0.14159 0.48875 0.15044 0.4875 0.15044 0.48375 0.14336 0.48375
1 0.16283 0.48624999999999996 0.16106 0.49124999999999996 0.16814 0.49000000000000005 0.16814 0.48624999999999996 0.16283 0.48624999999999996
1 0.18938 0.4925 0.19292 0.49124999999999996 0.19292 0.48624999999999996 0.18761 0.48624999999999996 0.18407 0.49000000000000005 0.18584 0.4925 0.18938 0.4925
1 0.22477999999999998 0.48624999999999996 0.21593 0.4875 0.21593 0.4925 0.22124000000000002 0.4925 0.22654999999999997 0.49000000000000005 0.22477999999999998 0.48624999999999996
1 0.25487000000000004 0.48624999999999996 0.24956 0.48624999999999996 0.24602 0.4875 0.24779 0.4925 0.2531 0.4925 0.25487000000000004 0.49000000000000005 0.25487000000000004 0.48624999999999996
1 0.27080000000000004 0.4925 0.26903 0.4875 0.26549 0.4875 0.26017999999999997 0.49124999999999996 0.26017999999999997 0.49375 0.27080000000000004 0.4925
1 0.28673000000000004 0.48875 0.27788 0.48875 0.27610999999999997 0.49124999999999996 0.27610999999999997 0.49375 0.28496 0.4925 0.28496 0.49124999999999996 0.28673000000000004 0.48875
1 0.30442 0.495 0.30796 0.4925 0.30796 0.48875 0.30265 0.48875 0.29912 0.49124999999999996 0.30088 0.495 0.30442 0.495
1 0.32035 0.49625 0.32389 0.49375 0.32212 0.49000000000000005 0.31858 0.49000000000000005 0.31504 0.4925 0.31681 0.49625 0.32035 0.49625
1 0.33274 0.4925 0.33451 0.49625 0.34159 0.495 0.34159 0.49124999999999996 0.33274 0.4925
1 0.38053 0.4875 0.37876 0.48250000000000004 0.37345 0.48250000000000004 0.37168 0.485 0.37168 0.48875 0.37699 0.48875 0.38053 0.4875
1 0.39292 0.48624999999999996 0.39469 0.48875 0.39823 0.48875 0.40530999999999995 0.48624999999999996 0.40530999999999995 0.48375 0.40176999999999996 0.48250000000000004 0.39823 0.48250000000000004 0.39469 0.48375 0.39292 0.48624999999999996
1 0.42478 0.4875 0.42301 0.48250000000000004 0.41947 0.48250000000000004 0.41593 0.48875 0.42123999999999995 0.48875 0.42478 0.4875
1 0.43716999999999995 0.4925 0.44071 0.49000000000000005 0.44071 0.48624999999999996 0.4354 0.48624999999999996 0.43186 0.4875 0.43186 0.4925 0.43716999999999995 0.4925
1 0.46902999999999995 0.48624999999999996 0.46195 0.4875 0.46195 0.4925 0.46548999999999996 0.4925 0.46902999999999995 0.49124999999999996 0.46902999999999995 0.48624999999999996
1 0.50088 0.48624999999999996 0.49381 0.4875 0.49558 0.4925 0.49912 0.4925 0.50265 0.49000000000000005 0.50088 0.48624999999999996
1 0.52389 0.48624999999999996 0.5221199999999999 0.49124999999999996 0.5292 0.49124999999999996 0.5274300000000001 0.48624999999999996 0.52389 0.48624999999999996
1 0.54513 0.48875 0.5380499999999999 0.48875 0.53451 0.49000000000000005 0.53451 0.49375 0.5433600000000001 0.49375 0.5433600000000001 0.49124999999999996 0.54513 0.48875
1 0.56106 0.49000000000000005 0.56106 0.49375 0.5699099999999999 0.49375 0.5699099999999999 0.48875 0.56106 0.49000000000000005
1 0.5911500000000001 0.49000000000000005 0.5911500000000001 0.49375 0.6 0.4925 0.6 0.48875 0.5911500000000001 0.49000000000000005
1 0.60885 0.4925 0.60885 0.49625 0.61593 0.49625 0.61593 0.49124999999999996 0.60885 0.4925
1 0.63717 0.49124999999999996 0.6354 0.49625 0.64248 0.49625 0.64248 0.49124999999999996 0.63717 0.49124999999999996
1 0.66195 0.48875 0.66018 0.49124999999999996 0.66018 0.49375 0.66903 0.4925 0.66903 0.48875 0.66195 0.48875
1 0.70088 0.49000000000000005 0.70088 0.49375 0.70973 0.49375 0.70973 0.48875 0.70088 0.49000000000000005
1 0.72743 0.49375 0.7292 0.49124999999999996 0.72743 0.4875 0.72389 0.4875 0.71858 0.49124999999999996 0.71858 0.49375 0.72743 0.49375
1 0.74159 0.49000000000000005 0.74159 0.495 0.74867 0.495 0.74867 0.48875 0.74159 0.49000000000000005
1 0.76991 0.49124999999999996 0.76106 0.4925 0.76283 0.49625 0.76637 0.49625 0.76991 0.49375 0.76991 0.49124999999999996
1 0.77876 0.49124999999999996 0.77699 0.49375 0.77699 0.49625 0.78584 0.495 0.78584 0.49124999999999996 0.77876 0.49124999999999996
1 0.80708 0.49124999999999996 0.79823 0.49124999999999996 0.8 0.49625 0.8035399999999999 0.49625 0.80708 0.49375 0.80708 0.49124999999999996
1 0.8371700000000001 0.49124999999999996 0.83009 0.49124999999999996 0.8283200000000001 0.49625 0.8353999999999999 0.49625 0.8371700000000001 0.49375 0.8371700000000001 0.49124999999999996
1 0.8531000000000001 0.50625 0.8531000000000001 0.50125 0.84956 0.50125 0.84602 0.5025000000000001 0.8442500000000001 0.50625 0.8531000000000001 0.50625
1 0.86549 0.5075000000000001 0.8690300000000001 0.5075000000000001 0.87257 0.505 0.87257 0.50125 0.8672599999999999 0.50125 0.86372 0.5025000000000001 0.86372 0.505 0.86549 0.5075000000000001
1 0.89381 0.5025000000000001 0.89381 0.50625 0.9026500000000001 0.505 0.9008800000000001 0.50125 0.89381 0.5025000000000001
1 0.92035 0.50125 0.91327 0.5025000000000001 0.91327 0.5075000000000001 0.92035 0.5075000000000001 0.9221199999999999 0.505 0.92035 0.50125
1 0.10619 0.5862499999999999 0.10619 0.58125 0.10088 0.58125 0.09735 0.58375 0.09912 0.5875 0.10619 0.5862499999999999
1 0.12566 0.585 0.12388999999999999 0.58125 0.11857999999999999 0.58125 0.11504 0.58375 0.11681 0.5875 0.12212 0.5875 0.12566 0.585
1 0.1469 0.5875 0.15044 0.5862499999999999 0.15044 0.58125 0.14513 0.58125 0.14159 0.58375 0.14336 0.5875 0.1469 0.5875
1 0.17876 0.58375 0.17522 0.58375 0.17168 0.5862499999999999 0.17699 0.58875 0.17876 0.58875 0.17876 0.58375
1 0.19115 0.5900000000000001 0.19469 0.5875 0.19292 0.58375 0.18938 0.58375 0.18584 0.585 0.18584 0.5900000000000001 0.19115 0.5900000000000001
1 0.20884999999999998 0.58875 0.21061999999999997 0.58375 0.20531000000000002 0.58375 0.20177 0.585 0.20531000000000002 0.5900000000000001 0.20884999999999998 0.58875
1 0.23894 0.5900000000000001 0.24247999999999997 0.5875 0.24070999999999998 0.58375 0.23717000000000002 0.58375 0.23363 0.585 0.2354 0.5900000000000001 0.23894 0.5900000000000001
1 0.26372 0.58875 0.26372 0.58375 0.25841 0.58375 0.25664 0.5862499999999999 0.26017999999999997 0.5900000000000001 0.26372 0.58875
1 0.2885 0.585 0.28673000000000004 0.58125 0.28319 0.58125 0.27965 0.58375 0.27965 0.5862499999999999 0.2885 0.585
1 0.31327 0.5862499999999999 0.31327 0.58125 0.30796 0.58125 0.30442 0.58375 0.30619 0.5875 0.31327 0.5862499999999999
1 0.33451 0.58 0.33451 0.585 0.34159 0.58375 0.33982 0.57875 0.33451 0.58
1 0.38407 0.5825 0.38761 0.58125 0.38761 0.57625 0.3823 0.57625 0.37876 0.57875 0.38053 0.5825 0.38407 0.5825
1 0.40530999999999995 0.5825 0.40885 0.58 0.40885 0.57625 0.40354 0.57625 0.4 0.5775 0.4 0.5825 0.40530999999999995 0.5825
1 0.42301 0.5825 0.42655000000000004 0.58125 0.42655000000000004 0.57625 0.42301 0.57625 0.41947 0.5775 0.41947 0.5825 0.42301 0.5825
1 0.44955999999999996 0.585 0.45309999999999995 0.58375 0.45309999999999995 0.57875 0.44779 0.57875 0.44602 0.58125 0.44602 0.585 0.44955999999999996 0.585
1 0.46726 0.5825 0.46726 0.57875 0.46195 0.57875 0.45841000000000004 0.58125 0.46018 0.585 0.46548999999999996 0.585 0.46726 0.5825
1 0.47788 0.585 0.48141999999999996 0.58375 0.47965 0.57875 0.47611 0.57875 0.47257 0.58 0.47434000000000004 0.585 0.47788 0.585
1 0.50796 0.57875 0.50088 0.57875 0.50265 0.585 0.5061899999999999 0.585 0.50973 0.58375 0.50796 0.57875
1 0.52389 0.585 0.52389 0.58125 0.51858 0.58125 0.51504 0.58375 0.51504 0.5862499999999999 0.52389 0.585
1 0.5380499999999999 0.5862499999999999 0.5380499999999999 0.58125 0.53451 0.58125 0.53097 0.58375 0.53451 0.5875 0.5380499999999999 0.5862499999999999
1 0.5592900000000001 0.58125 0.5539799999999999 0.58125 0.55044 0.58375 0.55221 0.5875 0.5592900000000001 0.5875 0.5592900000000001 0.58125
1 0.58053 0.5875 0.57876 0.58375 0.5752200000000001 0.58375 0.57168 0.5862499999999999 0.57168 0.58875 0.58053 0.5875
1 0.5911500000000001 0.58375 0.58938 0.58875 0.59469 0.58875 0.59646 0.58375 0.5911500000000001 0.58375
1 0.61416 0.5825 0.61593 0.58 0.61416 0.57625 0.61062 0.57625 0.6070800000000001 0.57875 0.6070800000000001 0.5825 0.61416 0.5825
1 0.65133 0.58125 0.6548700000000001 0.57875 0.6548700000000001 0.57625 0.6495599999999999 0.57625 0.64425 0.57875 0.64425 0.58125 0.65133 0.58125
1 0.66726 0.58125 0.6708000000000001 0.57875 0.6708000000000001 0.57625 0.6654899999999999 0.57625 0.66195 0.5775 0.66018 0.58125 0.66726 0.58125
1 0.69027 0.5825 0.69381 0.58125 0.69558 0.57875 0.69381 0.575 0.69027 0.575 0.6867300000000001 0.57625 0.6867300000000001 0.5825 0.69027 0.5825
1 0.71504 0.585 0.71858 0.5825 0.71681 0.57875 0.71327 0.57875 0.70973 0.58 0.70973 0.585 0.71504 0.585
1 0.73982 0.5825 0.73805 0.57875 0.73451 0.57875 0.73097 0.58 0.7292 0.58375 0.73274 0.585 0.73805 0.585 0.73982 0.5825
1 0.75752 0.58 0.75575 0.58 0.75575 0.585 0.76283 0.58375 0.76106 0.57875 0.75752 0.58
1 0.79292 0.585 0.79646 0.5825 0.79646 0.57875 0.78938 0.57875 0.78584 0.58125 0.78761 0.585 0.79292 0.585
1 0.8053100000000001 0.5875 0.80885 0.5862499999999999 0.8106199999999999 0.58375 0.80885 0.58 0.8053100000000001 0.58 0.80177 0.58125 0.80177 0.5875 0.8053100000000001 0.5875
1 0.8353999999999999 0.5875 0.83894 0.585 0.8371700000000001 0.58 0.83363 0.58 0.8283200000000001 0.58375 0.83009 0.5875 0.8353999999999999 0.5875
1 0.8690300000000001 0.58125 0.8690300000000001 0.5875 0.87788 0.5862499999999999 0.87611 0.58 0.8690300000000001 0.58125
1 0.8902699999999999 0.5900000000000001 0.89381 0.5900000000000001 0.89735 0.58875 0.89735 0.58375 0.89204 0.58375 0.8885 0.585 0.8885 0.5875 0.8902699999999999 0.5900000000000001
1 0.9168100000000001 0.5900000000000001 0.92035 0.5875 0.92035 0.58375 0.91504 0.58375 0.9115 0.585 0.9115 0.5900000000000001 0.9168100000000001 0.5900000000000001
1 0.10264999999999999 0.6799999999999999 0.10619 0.6775 0.10619 0.67375 0.10264999999999999 0.67375 0.09912 0.675 0.09912 0.6799999999999999 0.10264999999999999 0.6799999999999999
1 0.1292 0.67875 0.12743 0.67375 0.12388999999999999 0.67375 0.12035 0.675 0.12035 0.6799999999999999 0.1292 0.67875
1 0.15575 0.6799999999999999 0.15752 0.6775 0.15575 0.67375 0.15221 0.67375 0.14867 0.675 0.14867 0.6799999999999999 0.15575 0.6799999999999999
1 0.17699 0.68125 0.17522 0.67625 0.17168 0.67625 0.16814 0.67875 0.16814 0.6825 0.17699 0.68125
1 0.19292 0.6825 0.19646 0.6799999999999999 0.19469 0.67625 0.19115 0.67625 0.18761 0.67875 0.18938 0.6825 0.19292 0.6825
1 0.21416 0.67625 0.20708000000000001 0.6775 0.20708000000000001 0.6825 0.21239 0.6825 0.21593 0.6799999999999999 0.21416 0.67625
1 0.26195 0.6775 0.2531 0.67875 0.25487000000000004 0.6825 0.26017999999999997 0.6825 0.26372 0.68125 0.26195 0.6775
1 0.27257 0.6875 0.27080000000000004 0.6925 0.27788 0.6912499999999999 0.27610999999999997 0.6875 0.27257 0.6875
1 0.29558 0.6912499999999999 0.29558 0.6875 0.2885 0.6875 0.28673000000000004 0.6900000000000001 0.2885 0.69375 0.29381 0.69375 0.29558 0.6912499999999999
1 0.32743 0.69375 0.33097 0.6912499999999999 0.3292 0.6875 0.32566 0.6875 0.32212 0.68875 0.32389 0.69375 0.32743 0.69375
1 0.33982 0.68875 0.33982 0.69375 0.3469 0.6925 0.3469 0.6875 0.33982 0.68875
1 0.36814 0.69375 0.36991 0.6912499999999999 0.36991 0.6875 0.3646 0.6875 0.36106 0.6900000000000001 0.36106 0.69375 0.36814 0.69375
1 0.39115 0.67375 0.38761 0.6799999999999999 0.39646 0.6799999999999999 0.39469 0.67375 0.39115 0.67375
1 0.41769999999999996 0.67875 0.41593 0.67375 0.41062000000000004 0.67375 0.40708 0.67625 0.40885 0.68125 0.41416000000000003 0.68125 0.41769999999999996 0.67875
1 0.42301 0.675 0.42478 0.6799999999999999 0.43186 0.67875 0.43009000000000003 0.67375 0.42301 0.675
1 0.43716999999999995 0.67875 0.43894 0.6837500000000001 0.44602 0.6825 0.44425 0.6775 0.43716999999999995 0.67875
1 0.45487 0.6775 0.45664 0.6825 0.46372 0.68125 0.46195 0.67625 0.45487 0.6775
1 0.47788 0.6775 0.47965 0.6825 0.48673 0.68125 0.48495999999999995 0.67625 0.47788 0.6775
1 0.50088 0.67875 0.50265 0.6837500000000001 0.50973 0.6825 0.50796 0.6775 0.50088 0.67875
1 0.5115000000000001 0.6799999999999999 0.51327 0.6849999999999999 0.52035 0.6837500000000001 0.51858 0.67875 0.5115000000000001 0.6799999999999999
1 0.5292 0.68125 0.53097 0.68625 0.5380499999999999 0.6849999999999999 0.53628 0.6799999999999999 0.5292 0.68125
1 0.54513 0.6837500000000001 0.5469 0.68875 0.5539799999999999 0.6875 0.55221 0.6825 0.54513 0.6837500000000001
1 0.56814 0.6837500000000001 0.5699099999999999 0.68875 0.57699 0.6875 0.5752200000000001 0.6825 0.56814 0.6837500000000001
1 0.5823 0.6849999999999999 0.58407 0.6900000000000001 0.5911500000000001 0.68875 0.58938 0.6837500000000001 0.5823 0.6849999999999999
1 0.59469 0.68625 0.59646 0.6912499999999999 0.60354 0.6900000000000001 0.6017699999999999 0.6849999999999999 0.59469 0.68625
1 0.64248 0.68625 0.64425 0.6912499999999999 0.65133 0.6900000000000001 0.6495599999999999 0.6849999999999999 0.64248 0.68625
1 0.67788 0.68875 0.67965 0.69375 0.6867300000000001 0.6925 0.68496 0.6875 0.67788 0.68875
1 0.69381 0.6837500000000001 0.69558 0.68875 0.70265 0.6875 0.70088 0.6825 0.69381 0.6837500000000001
1 0.7469 0.6837500000000001 0.74867 0.68875 0.75575 0.6875 0.75398 0.6825 0.7469 0.6837500000000001
1 0.78761 0.675 0.78938 0.6799999999999999 0.79646 0.67875 0.79469 0.67375 0.78761 0.675
1 0.80177 0.67875 0.8035399999999999 0.6837500000000001 0.8106199999999999 0.6825 0.80885 0.6775 0.80177 0.67875
1 0.8194699999999999 0.6775 0.8212400000000001 0.6825 0.8283200000000001 0.68125 0.8265499999999999 0.67625 0.8194699999999999 0.6775
1 0.86549 0.67875 0.8672599999999999 0.6837500000000001 0.8743399999999999 0.6825 0.87257 0.6775 0.86549 0.67875
1 0.12035 0.7787499999999999 0.12212 0.7837500000000001 0.13097 0.7825 0.1292 0.7775000000000001 0.12035 0.7787499999999999
1 0.14336 0.78125 0.14513 0.78625 0.15221 0.7849999999999999 0.15044 0.78 0.14336 0.78125
1 0.16283 0.78125 0.1646 0.78625 0.17168 0.7849999999999999 0.16991 0.78 0.16283 0.78125
1 0.17699 0.77625 0.17876 0.78125 0.18584 0.78 0.18407 0.775 0.17699 0.77625
1 0.22654999999999997 0.77625 0.22832 0.78125 0.2354 0.78 0.23363 0.775 0.22654999999999997 0.77625
1 0.26195 0.7787499999999999 0.26372 0.7837500000000001 0.27257 0.7825 0.27080000000000004 0.7775000000000001 0.26195 0.7787499999999999
1 0.29912 0.7787499999999999 0.30088 0.7837500000000001 0.30796 0.7825 0.30619 0.7775000000000001 0.29912 0.7787499999999999
1 0.32389 0.78125 0.32566 0.78625 0.33274 0.7849999999999999 0.33097 0.78 0.32389 0.78125
1 0.34159 0.78125 0.34336 0.78625 0.35044 0.7849999999999999 0.34867 0.78 0.34159 0.78125
1 0.35752 0.77625 0.35929 0.78125 0.36637 0.78 0.3646 0.775 0.35752 0.77625
1 0.40176999999999996 0.77625 0.40354 0.78125 0.41062000000000004 0.78 0.40885 0.775 0.40176999999999996 0.77625
1 0.44071 0.77625 0.44248000000000004 0.78125 0.44955999999999996 0.78 0.44779 0.775 0.44071 0.77625
1 0.47611 0.77625 0.47788 0.78125 0.48495999999999995 0.78 0.48319 0.775 0.47611 0.77625
1 0.5115000000000001 0.77625 0.50973 0.77125 0.50442 0.77125 0.50088 0.7737499999999999 0.50265 0.7787499999999999 0.50796 0.7787499999999999 0.5115000000000001 0.77625
1 0.51858 0.7787499999999999 0.52035 0.7837500000000001 0.5274300000000001 0.7825 0.52566 0.7775000000000001 0.51858 0.7787499999999999
1 0.56283 0.7787499999999999 0.5646 0.7837500000000001 0.57168 0.7825 0.5699099999999999 0.7775000000000001 0.56283 0.7787499999999999
1 0.61947 0.7775000000000001 0.62124 0.7825 0.62832 0.78125 0.62655 0.77625 0.61947 0.7775000000000001
1 0.64071 0.7737499999999999 0.64248 0.7787499999999999 0.6495599999999999 0.7775000000000001 0.64779 0.7725 0.64071 0.7737499999999999
1 0.6708000000000001 0.7825 0.66903 0.7775000000000001 0.66372 0.7775000000000001 0.66018 0.78 0.66195 0.7849999999999999 0.66726 0.7849999999999999 0.6708000000000001 0.7825
1 0.67434 0.7787499999999999 0.67611 0.7837500000000001 0.68319 0.7825 0.6814199999999999 0.7775000000000001 0.67434 0.7787499999999999
1 0.70973 0.7787499999999999 0.7115 0.7837500000000001 0.71858 0.7825 0.71681 0.7775000000000001 0.70973 0.7787499999999999
1 0.74159 0.78125 0.74336 0.78625 0.75221 0.7849999999999999 0.75044 0.78 0.74159 0.78125
1 0.76106 0.78125 0.76283 0.78625 0.77168 0.7849999999999999 0.76991 0.78 0.76106 0.78125
1 0.79823 0.78125 0.8 0.78625 0.80885 0.7849999999999999 0.80708 0.78 0.79823 0.78125
1 0.83186 0.78 0.83009 0.775 0.82478 0.775 0.8212400000000001 0.7775000000000001 0.82301 0.7825 0.8283200000000001 0.7825 0.83186 0.78
1 0.8371700000000001 0.7787499999999999 0.83894 0.7837500000000001 0.84602 0.7825 0.8442500000000001 0.7775000000000001 0.8371700000000001 0.7787499999999999
1 0.88142 0.7787499999999999 0.8831899999999999 0.7837500000000001 0.8902699999999999 0.7825 0.8885 0.7775000000000001 0.88142 0.7787499999999999
1 0.10442 0.875 0.10619 0.8800000000000001 0.11327000000000001 0.8787499999999999 0.1115 0.87375 0.10442 0.875
1 0.14867 0.8699999999999999 0.15044 0.875 0.15752 0.87375 0.15575 0.86875 0.14867 0.8699999999999999
1 0.17345 0.8724999999999999 0.17522 0.8775000000000001 0.1823 0.87625 0.18053 0.8712500000000001 0.17345 0.8724999999999999
1 0.21416 0.8724999999999999 0.21593 0.8775000000000001 0.22301 0.87625 0.22124000000000002 0.8712500000000001 0.21416 0.8724999999999999
1 0.27965 0.875 0.28142 0.8800000000000001 0.29027 0.8787499999999999 0.2885 0.87375 0.27965 0.875
1 0.31858 0.875 0.32035 0.8800000000000001 0.32743 0.8787499999999999 0.32566 0.87375 0.31858 0.875
1 0.36814 0.875 0.36991 0.8800000000000001 0.38053 0.8787499999999999 0.37876 0.87375 0.36814 0.875
1 0.40176999999999996 0.8724999999999999 0.40354 0.8775000000000001 0.41062000000000004 0.87625 0.40885 0.8712500000000001 0.40176999999999996 0.8724999999999999
1 0.42123999999999995 0.875 0.42301 0.8800000000000001 0.43009000000000003 0.8787499999999999 0.42832 0.87375 0.42123999999999995 0.875
1 0.44071 0.875 0.44248000000000004 0.8800000000000001 0.44955999999999996 0.8787499999999999 0.44779 0.87375 0.44071 0.875
1 0.52389 0.875 0.52566 0.8800000000000001 0.53274 0.8787499999999999 0.53097 0.87375 0.52389 0.875
1 0.56637 0.875 0.56814 0.8800000000000001 0.5752200000000001 0.8787499999999999 0.57345 0.87375 0.56637 0.875
1 0.60531 0.8699999999999999 0.6070800000000001 0.875 0.61593 0.87375 0.61416 0.86875 0.60531 0.8699999999999999
1 0.63717 0.8675 0.6389400000000001 0.8724999999999999 0.64602 0.8712500000000001 0.64425 0.86625 0.63717 0.8675
1 0.65133 0.8699999999999999 0.6531 0.875 0.66018 0.87375 0.65841 0.86875 0.65133 0.8699999999999999
1 0.67257 0.8699999999999999 0.66903 0.8724999999999999 0.6708000000000001 0.8775000000000001 0.67965 0.87625 0.67788 0.8699999999999999 0.67257 0.8699999999999999
1 0.73982 0.8724999999999999 0.73451 0.8724999999999999 0.73097 0.87375 0.73097 0.8800000000000001 0.73982 0.8800000000000001 0.74159 0.8775000000000001 0.73982 0.8724999999999999
1 0.76637 0.8724999999999999 0.76814 0.8775000000000001 0.77522 0.87625 0.77345 0.8712500000000001 0.76637 0.8724999999999999
1 0.80708 0.875 0.80885 0.8800000000000001 0.8177 0.8787499999999999 0.81593 0.87375 0.80708 0.875
1 0.84071 0.875 0.8424799999999999 0.8800000000000001 0.8513299999999999 0.8787499999999999 0.84956 0.87375 0.84071 0.875
0 0.23363 0.21375000000000002 0.23363 0.20625 0.18407 0.20625 0.18407 0.21000000000000002 0.21061999999999997 0.21125 0.21061999999999997 0.21375000000000002 0.23363 0.21375000000000002
0 0.31858 0.20750000000000002 0.32389 0.20750000000000002 0.32389 0.20249999999999999 0.28142 0.20375000000000001 0.28142 0.21000000000000002 0.30619 0.21000000000000002 0.30796 0.20625 0.31858 0.20750000000000002
0 0.42301 0.21000000000000002 0.44425 0.21000000000000002 0.44425 0.20249999999999999 0.43362999999999996 0.20249999999999999 0.43186 0.20375000000000001 0.42301 0.20375000000000001 0.42301 0.21000000000000002
0 0.51858 0.21000000000000002 0.54513 0.21000000000000002 0.54867 0.20875 0.5469 0.20249999999999999 0.51858 0.20125 0.48673 0.20125 0.48673 0.205 0.4885 0.20625 0.4885 0.20875 0.51858 0.21000000000000002
0 0.67434 0.20875 0.6654899999999999 0.20875 0.6654899999999999 0.2125 0.67965 0.2125 0.69912 0.20750000000000002 0.67611 0.20750000000000002 0.67434 0.20875
0 0.76106 0.21125 0.8 0.21125 0.8 0.20249999999999999 0.7469 0.20249999999999999 0.74513 0.20375000000000001 0.73097 0.20375000000000001 0.73097 0.20750000000000002 0.75221 0.20625 0.76106 0.20750000000000002 0.76106 0.21125
0 0.89735 0.21000000000000002 0.9008800000000001 0.2125 0.9008800000000001 0.215 0.9115 0.215 0.90973 0.20750000000000002 0.90442 0.20625 0.8601800000000001 0.20625 0.8601800000000001 0.20875 0.8584099999999999 0.21000000000000002 0.8584099999999999 0.21375000000000002 0.87257 0.21375000000000002 0.8743399999999999 0.21000000000000002 0.89735 0.21000000000000002
0 0.26726 0.305 0.26726 0.3075 0.29027 0.3075 0.29027 0.30375 0.2885 0.3025 0.2885 0.3 0.25841 0.29874999999999996 0.24779 0.29874999999999996 0.24779 0.3025 0.25133 0.3025 0.2531 0.30375 0.26726 0.305
0 0.35044 0.305 0.35221 0.30125 0.37345 0.30125 0.37345 0.29625 0.32743 0.29625 0.32743 0.30375 0.33274 0.30375 0.33451 0.305 0.35044 0.305
0 0.72389 0.30874999999999997 0.72389 0.3 0.69912 0.3 0.6973499999999999 0.30125 0.67788 0.30125 0.67788 0.305 0.6973499999999999 0.30625 0.6973499999999999 0.30874999999999997 0.72389 0.30874999999999997
0 0.18407 0.38875000000000004 0.18053 0.3875 0.17168 0.38625 0.1646 0.38625 0.16637 0.39125 0.17522 0.39249999999999996 0.18407 0.39249999999999996 0.18407 0.38875000000000004
0 0.41947 0.38875000000000004 0.42478 0.38875000000000004 0.43009000000000003 0.3875 0.43716999999999995 0.38625 0.43716999999999995 0.38125 0.43186 0.38125 0.42655000000000004 0.3825 0.41947 0.385 0.41947 0.38875000000000004
0 0.53982 0.3975 0.53982 0.39375 0.53097 0.39375 0.5292 0.39249999999999996 0.49912 0.39249999999999996 0.49912 0.40125 0.5221199999999999 0.40125 0.52389 0.3975 0.53982 0.3975
0 0.70442 0.3875 0.70796 0.38875000000000004 0.72212 0.38875000000000004 0.72212 0.38125 0.71327 0.38125 0.7115 0.38 0.6973499999999999 0.37875000000000003 0.69027 0.37875000000000003 0.69027 0.3825 0.69381 0.38375 0.70442 0.385 0.70442 0.3875
0 0.79646 0.39 0.8035399999999999 0.39 0.8123900000000001 0.3875 0.8177 0.3875 0.8177 0.38 0.8053100000000001 0.38 0.8035399999999999 0.38125 0.79646 0.38125 0.79646 0.39
0 0.9079599999999999 0.41500000000000004 0.9079599999999999 0.40750000000000003 0.8885 0.40750000000000003 0.88673 0.4125 0.8743399999999999 0.4125 0.8743399999999999 0.41624999999999995 0.89381 0.41624999999999995 0.89558 0.41500000000000004 0.9079599999999999 0.41500000000000004
0 0.13982 0.49625 0.11681 0.49625 0.11504 0.5 0.09381 0.5 0.09381 0.5037499999999999 0.13274 0.505 0.14336 0.50125 0.14336 0.49749999999999994 0.13982 0.49625
0 0.15929 0.5 0.15929 0.5025000000000001 0.15752 0.5037499999999999 0.15752 0.5075000000000001 0.2177 0.5037499999999999 0.18584 0.5025000000000001 0.18584 0.5 0.15929 0.5
0 0.34336 0.47874999999999995 0.34336 0.475 0.33982 0.475 0.33805 0.47375 0.32212 0.47375 0.32212 0.48250000000000004 0.33274 0.48250000000000004 0.33451 0.47874999999999995 0.34336 0.47874999999999995
0 0.39292 0.49749999999999994 0.39115 0.5 0.37168 0.50125 0.37168 0.505 0.41593 0.505 0.41593 0.49749999999999994 0.39292 0.49749999999999994
0 0.6017699999999999 0.475 0.6 0.4725 0.58938 0.4725 0.58761 0.47125000000000006 0.5699099999999999 0.47000000000000003 0.56283 0.47000000000000003 0.55221 0.47125000000000006 0.5274300000000001 0.47000000000000003 0.5274300000000001 0.47750000000000004 0.57876 0.47874999999999995 0.6017699999999999 0.47874999999999995 0.6017699999999999 0.475
0 0.61416 0.475 0.61416 0.47874999999999995 0.61593 0.48 0.61593 0.48250000000000004 0.63717 0.48250000000000004 0.6389400000000001 0.48125 0.64425 0.48125 0.64602 0.47874999999999995 0.6531 0.47750000000000004 0.66195 0.47750000000000004 0.66372 0.47625 0.6708000000000001 0.47625 0.6708000000000001 0.4725 0.65133 0.4725 0.62124 0.47375 0.61947 0.475 0.61416 0.475
0 0.75221 0.47874999999999995 0.75221 0.475 0.75044 0.4725 0.73805 0.4725 0.73628 0.47125000000000006 0.70796 0.47125000000000006 0.70796 0.475 0.72566 0.47625 0.72566 0.48 0.75221 0.47874999999999995
0 0.45133 0.29500000000000004 0.42123999999999995 0.29625 0.42123999999999995 0.3 0.44602 0.30125 0.44602 0.30375 0.47257 0.30375 0.47611 0.3025 0.47611 0.29874999999999996 0.47434000000000004 0.2975 0.47434000000000004 0.29500000000000004 0.45133 0.29500000000000004
0 0.55044 0.30375 0.57168 0.30375 0.5699099999999999 0.29500000000000004 0.5433600000000001 0.29375 0.5221199999999999 0.29375 0.5221199999999999 0.30125 0.5292 0.30125 0.53097 0.3025 0.55044 0.30375
0 0.77876 0.30874999999999997 0.78053 0.305 0.79115 0.305 0.79469 0.30375 0.79469 0.3 0.7823 0.3 0.75752 0.30125 0.75752 0.30874999999999997 0.77876 0.30874999999999997
0 0.14867 0.39125 0.14867 0.38375 0.13097 0.38375 0.1292 0.3825 0.10264999999999999 0.3825 0.10264999999999999 0.38625 0.11857999999999999 0.3875 0.12035 0.39125 0.14867 0.39125
0 0.8283200000000001 0.29375 0.8283200000000001 0.29625 0.8265499999999999 0.2975 0.8265499999999999 0.30125 0.84071 0.30125 0.8424799999999999 0.2975 0.8531000000000001 0.2975 0.85487 0.29874999999999996 0.86549 0.29874999999999996 0.86549 0.29500000000000004 0.8601800000000001 0.29500000000000004 0.8584099999999999 0.29375 0.8283200000000001 0.29375
0 0.9221199999999999 0.30874999999999997 0.9292 0.30874999999999997 0.92743 0.3 0.9238899999999999 0.29874999999999996 0.9061899999999999 0.29874999999999996 0.9061899999999999 0.3025 0.9168100000000001 0.3025 0.92035 0.305 0.9221199999999999 0.30874999999999997
0 0.2531 0.39875 0.25664 0.3975 0.25664 0.39375 0.24956 0.39375 0.2354 0.395 0.2354 0.39875 0.2531 0.39875
0 0.30796 0.4725 0.29912 0.47125000000000006 0.28319 0.47000000000000003 0.25487000000000004 0.47000000000000003 0.2531 0.4725 0.2531 0.47750000000000004 0.29381 0.47874999999999995 0.30973 0.47874999999999995 0.30796 0.4725
0 0.47965 0.5075000000000001 0.49734999999999996 0.5075000000000001 0.49734999999999996 0.5037499999999999 0.48319 0.5037499999999999 0.46726 0.5025000000000001 0.46372 0.5 0.43186 0.5 0.43186 0.5025000000000001 0.43009000000000003 0.5037499999999999 0.43009000000000003 0.5075000000000001 0.45841000000000004 0.50875 0.47788 0.50875 0.47965 0.5075000000000001
0 0.79823 0.47874999999999995 0.80708 0.475 0.8035399999999999 0.47375 0.77876 0.47375 0.77699 0.475 0.76814 0.475 0.76814 0.48250000000000004 0.78761 0.48125 0.78584 0.47874999999999995 0.79646 0.47750000000000004 0.79823 0.47874999999999995
0 0.87257 0.48375 0.87257 0.47625 0.8690300000000001 0.47625 0.8672599999999999 0.475 0.83363 0.475 0.83363 0.47874999999999995 0.8513299999999999 0.48 0.8513299999999999 0.48375 0.87257 0.48375
0 0.9221199999999999 0.485 0.8991199999999999 0.485 0.8991199999999999 0.49375 0.90973 0.49375 0.9115 0.48875 0.9221199999999999 0.48875 0.9221199999999999 0.485
0 0.15221 0.5725 0.15221 0.5650000000000001 0.10442 0.5650000000000001 0.10442 0.56875 0.12388999999999999 0.5700000000000001 0.12388999999999999 0.5725 0.15221 0.5725
0 0.20177 0.5725 0.20177 0.57625 0.21239 0.57625 0.21239 0.56875 0.20884999999999998 0.5675 0.17876 0.5675 0.17876 0.575 0.19115 0.57375 0.19115 0.5725 0.20177 0.5725
0 0.24070999999999998 0.57125 0.26017999999999997 0.57125 0.26195 0.57375 0.28142 0.57375 0.28319 0.5725 0.29027 0.5725 0.29027 0.5662499999999999 0.26726 0.5662499999999999 0.26549 0.5675 0.24070999999999998 0.5675 0.24070999999999998 0.57125
0 0.3115 0.5650000000000001 0.3115 0.5725 0.32035 0.5725 0.32212 0.56875 0.32743 0.5675 0.34159 0.5675 0.34159 0.5625 0.33628 0.5625 0.32212 0.56375 0.32035 0.5650000000000001 0.3115 0.5650000000000001
0 0.39823 0.5900000000000001 0.39646 0.59375 0.37876 0.59375 0.37876 0.5974999999999999 0.42123999999999995 0.5974999999999999 0.42123999999999995 0.5900000000000001 0.39823 0.5900000000000001
0 0.46018 0.595 0.46018 0.5925 0.44425 0.5925 0.44425 0.595 0.44248000000000004 0.5962500000000001 0.44248000000000004 0.6 0.47434000000000004 0.6 0.47434000000000004 0.5962500000000001 0.46018 0.595
0 0.55752 0.5650000000000001 0.53451 0.5650000000000001 0.5221199999999999 0.5625 0.50796 0.5625 0.50796 0.57125 0.56106 0.57125 0.56106 0.5662499999999999 0.55752 0.5650000000000001
0 0.57876 0.5625 0.57876 0.5650000000000001 0.57699 0.5662499999999999 0.57699 0.5700000000000001 0.6 0.5700000000000001 0.6017699999999999 0.5662499999999999 0.6070800000000001 0.5650000000000001 0.61593 0.5650000000000001 0.61593 0.5599999999999999 0.60354 0.5599999999999999 0.58938 0.56125 0.58761 0.5625 0.57876 0.5625
0 0.66018 0.5900000000000001 0.65841 0.59375 0.64425 0.59375 0.64425 0.5974999999999999 0.6885 0.5974999999999999 0.6885 0.5900000000000001 0.66018 0.5900000000000001
0 0.73274 0.595 0.73274 0.5925 0.70796 0.5925 0.70796 0.6 0.75752 0.6 0.75752 0.5962500000000001 0.73274 0.595
0 0.87965 0.5725 0.87788 0.5662499999999999 0.87257 0.5650000000000001 0.8353999999999999 0.5650000000000001 0.81593 0.5625 0.79292 0.5625 0.79469 0.5700000000000001 0.8 0.57125 0.85664 0.5725 0.87965 0.5725
0 0.92035 0.5675 0.89735 0.5675 0.89735 0.5700000000000001 0.89558 0.57125 0.89558 0.575 0.90973 0.575 0.9115 0.57125 0.92035 0.57125 0.92035 0.5675
0 0.15752 0.665 0.15752 0.6587500000000001 0.15398 0.6587500000000001 0.15221 0.6575 0.11857999999999999 0.6575 0.11681 0.6587500000000001 0.10442 0.6587500000000001 0.10442 0.6625 0.12743 0.6625 0.12743 0.665 0.15752 0.665
0 0.2177 0.66125 0.17522 0.66125 0.17522 0.6637500000000001 0.17345 0.665 0.17345 0.66875 0.19823 0.66875 0.2 0.665 0.2177 0.665 0.2177 0.66125
0 0.29381 0.6625 0.28673000000000004 0.6625 0.28496 0.66125 0.26195 0.66125 0.26195 0.6637500000000001 0.26017999999999997 0.665 0.26017999999999997 0.67 0.27788 0.67 0.27965 0.665 0.29381 0.66625 0.29381 0.6625
0 0.3469 0.6799999999999999 0.36991 0.6799999999999999 0.36991 0.6725 0.34159 0.67125 0.32743 0.67125 0.32743 0.675 0.33628 0.675 0.3469 0.6775 0.3469 0.6799999999999999
0 0.43362999999999996 0.66625 0.43362999999999996 0.6625 0.43186 0.66125 0.43186 0.6587500000000001 0.39469 0.6587500000000001 0.39469 0.6625 0.41416000000000003 0.6637500000000001 0.41416000000000003 0.66625 0.43362999999999996 0.66625
0 0.4885 0.66125 0.44425 0.66125 0.44425 0.6637500000000001 0.44248000000000004 0.665 0.44248000000000004 0.66875 0.46372 0.66875 0.46548999999999996 0.665 0.4885 0.665 0.4885 0.66125
0 0.53628 0.67125 0.5380499999999999 0.67 0.5539799999999999 0.67 0.5539799999999999 0.6625 0.5380499999999999 0.6625 0.53628 0.66125 0.5061899999999999 0.66125 0.5061899999999999 0.66875 0.51858 0.66875 0.52035 0.67125 0.53628 0.67125
0 0.60531 0.67125 0.60531 0.6675 0.59292 0.6675 0.5911500000000001 0.66625 0.57345 0.66625 0.57345 0.675 0.5911500000000001 0.675 0.59292 0.67125 0.60531 0.67125
0 0.68496 0.6725 0.70265 0.67125 0.70265 0.6675 0.69558 0.6675 0.69381 0.66875 0.68496 0.66875 0.68496 0.6725
0 0.80885 0.6675 0.8194699999999999 0.66875 0.8283200000000001 0.6675 0.8283200000000001 0.66125 0.8194699999999999 0.66125 0.8106199999999999 0.6587500000000001 0.79292 0.6587500000000001 0.79292 0.6625 0.8053100000000001 0.6625 0.80885 0.665 0.80885 0.6675
0 0.15221 0.7725 0.15221 0.765 0.1292 0.765 0.1292 0.76875 0.14159 0.76875 0.14336 0.77125 0.15221 0.7725
0 0.18584 0.765 0.18584 0.76125 0.17522 0.76125 0.17345 0.7625 0.16814 0.7625 0.16814 0.76625 0.17876 0.76625 0.18053 0.765 0.18584 0.765
0 0.32212 0.76875 0.32566 0.77125 0.32566 0.7737499999999999 0.33274 0.7737499999999999 0.33274 0.76625 0.3292 0.765 0.32035 0.76375 0.30796 0.76375 0.30796 0.7675 0.31327 0.7675 0.31504 0.76875 0.32212 0.76875
0 0.36814 0.765 0.36814 0.76125 0.35575 0.76125 0.35398 0.7625 0.34867 0.7625 0.34867 0.76625 0.36106 0.76625 0.36283 0.765 0.36814 0.765
0 0.53097 0.765 0.53097 0.76125 0.5274300000000001 0.76 0.51504 0.75875 0.50796 0.75875 0.50973 0.76375 0.52035 0.76375 0.5221199999999999 0.765 0.53097 0.765
0 0.68319 0.765 0.68319 0.76125 0.67434 0.76125 0.67257 0.76 0.64779 0.76 0.6495599999999999 0.76875 0.6708000000000001 0.76875 0.67257 0.765 0.68319 0.765
0 0.75221 0.765 0.75221 0.76875 0.77168 0.76875 0.77168 0.765 0.75221 0.765
0 0.8283200000000001 0.76 0.8283200000000001 0.76375 0.84779 0.76375 0.84779 0.76 0.8283200000000001 0.76
0 0.1823 0.8574999999999999 0.1823 0.85375 0.17699 0.85375 0.17522 0.8525 0.15221 0.8525 0.15221 0.85625 0.16814 0.85625 0.16991 0.8574999999999999 0.1823 0.8574999999999999
0 0.43186 0.8625 0.43186 0.8550000000000001 0.37699 0.8550000000000001 0.37699 0.85875 0.40885 0.86 0.40885 0.8625 0.43186 0.8625
0 0.66195 0.8574999999999999 0.66195 0.85 0.66018 0.8487500000000001 0.66018 0.8462500000000001 0.61239 0.8462500000000001 0.61239 0.85 0.64248 0.85125 0.64248 0.8574999999999999 0.66195 0.8574999999999999
0 0.8106199999999999 0.8637499999999999 0.81593 0.8637499999999999 0.81593 0.85875 0.79823 0.85875 0.79646 0.8574999999999999 0.77522 0.8574999999999999 0.77522 0.8612500000000001 0.78938 0.8612500000000001 0.79115 0.8625 0.8106199999999999 0.8637499999999999