1 0.22301 0.21341000000000002 0.22477999999999998 0.20929999999999999 0.2177 0.20793 0.21416 0.21067 0.21593 0.21477 0.22301 0.21341000000000002
1 0.24070999999999998 0.20793 0.23186 0.20929999999999999 0.23186 0.21477 0.23717000000000002 0.21477 0.24070999999999998 0.21204 0.24070999999999998 0.20793
1 0.25487000000000004 0.20383 0.25841 0.20109 0.25841 0.19699 0.25133 0.19699 0.24779 0.20109 0.24956 0.20383 0.25487000000000004 0.20383
1 0.26903 0.20383 0.27257 0.20109 0.27257 0.19699 0.26726 0.19699 0.26372 0.19836 0.26549 0.20383 0.26903 0.20383
1 0.29912 0.20793 0.30265 0.20657 0.30442 0.20246 0.30088 0.19973000000000002 0.29381 0.20246 0.29381 0.20657 0.29912 0.20793
1 0.31681 0.20383 0.30973 0.2052 0.30973 0.21067 0.31681 0.21067 0.31858 0.20793 0.31681 0.20383
1 0.3469 0.21204 0.34513 0.20793 0.33982 0.20793 0.33628 0.21067 0.33805 0.21477 0.34336 0.21477 0.3469 0.21204
1 0.36283 0.21477 0.36637 0.21204 0.36637 0.20793 0.35929 0.20793 0.35575 0.21067 0.35752 0.21477 0.36283 0.21477
1 0.37345 0.20383 0.37699 0.20383 0.38053 0.20109 0.38053 0.19699 0.37522 0.19699 0.37168 0.19836 0.36991 0.20109 0.37345 0.20383
1 0.4 0.19699 0.39115 0.19836 0.39292 0.20383 0.39646 0.20383 0.4 0.20109 0.4 0.19699
1 0.42301 0.19973000000000002 0.41947 0.19973000000000002 0.41593 0.20657 0.42478 0.2052 0.42301 0.19973000000000002
1 0.45664 0.20383 0.44955999999999996 0.20657 0.44955999999999996 0.21067 0.45841000000000004 0.20929999999999999 0.45664 0.20383
1 0.48673 0.21477 0.4885 0.21204 0.4885 0.20793 0.48319 0.20793 0.47965 0.20929999999999999 0.47965 0.21477 0.48673 0.21477
1 0.50973 0.20793 0.50088 0.20929999999999999 0.50088 0.21477 0.5061899999999999 0.21477 0.50973 0.21204 0.50973 0.20793
1 0.53628 0.21067 0.53982 0.20657 0.5380499999999999 0.20383 0.53451 0.2052 0.5292 0.20657 0.53097 0.21067 0.53628 0.21067
1 0.57699 0.21067 0.58053 0.20793 0.57876 0.20383 0.5752200000000001 0.2052 0.5699099999999999 0.20657 0.57168 0.21067 0.57699 0.21067
1 0.69204 0.21477 0.69381 0.21204 0.69381 0.20793 0.6885 0.20793 0.68496 0.20929999999999999 0.68496 0.21477 0.69204 0.21477
1 0.71327 0.21341000000000002 0.71327 0.20793 0.70796 0.20793 0.70442 0.21067 0.70442 0.21477 0.71327 0.21341000000000002
1 0.73097 0.20246 0.73097 0.19699 0.72566 0.19699 0.72212 0.19973000000000002 0.72389 0.20383 0.73097 0.20246
1 0.7469 0.20383 0.75044 0.20246 0.75044 0.19699 0.74513 0.19699 0.74159 0.19973000000000002 0.74336 0.20383 0.7469 0.20383
1 0.77168 0.20657 0.78053 0.2052 0.78053 0.20109 0.77345 0.20109 0.77168 0.20657
1 0.79823 0.20929999999999999 0.79646 0.20383 0.79292 0.2052 0.79115 0.2052 0.78938 0.21067 0.79823 0.20929999999999999
1 0.8265499999999999 0.20793 0.8177 0.20929999999999999 0.8177 0.21477 0.82478 0.21477 0.8265499999999999 0.21204 0.8265499999999999 0.20793
1 0.86372 0.20383 0.8672599999999999 0.20109 0.8672599999999999 0.19699 0.8601800000000001 0.19699 0.85664 0.20109 0.8601800000000001 0.20383 0.86372 0.20383
1 0.8424799999999999 0.21477 0.84602 0.21204 0.84602 0.20793 0.84071 0.20793 0.8371700000000001 0.20929999999999999 0.8371700000000001 0.21477 0.8424799999999999 0.21477
1 0.88673 0.19699 0.87788 0.19836 0.87965 0.20383 0.8831899999999999 0.20383 0.88673 0.20109 0.88673 0.19699
1 0.90442 0.20109 0.9026500000000001 0.20383 0.9026500000000001 0.20657 0.91327 0.2052 0.91327 0.20109 0.90442 0.20109
1 0.17168 0.29549 0.17522 0.29412 0.17522 0.28864999999999996 0.16991 0.28864999999999996 0.16637 0.29001 0.16637 0.29549 0.17168 0.29549
1 0.20354 0.29685 0.21416 0.29685 0.21416 0.29275 0.20531000000000002 0.29412 0.20354 0.29685
1 0.24956 0.29549 0.2531 0.29412 0.25133 0.28864999999999996 0.24779 0.28864999999999996 0.24425 0.29138000000000003 0.24425 0.29549 0.24956 0.29549
1 0.23186 0.29685 0.23009 0.29138000000000003 0.22654999999999997 0.29275 0.22477999999999998 0.29275 0.22301 0.29822000000000004 0.23186 0.29685
1 0.27610999999999997 0.29685 0.27610999999999997 0.29275 0.26903 0.29275 0.26549 0.29412 0.26549 0.29822000000000004 0.26903 0.29958999999999997 0.27257 0.29958999999999997 0.27610999999999997 0.29685
1 0.29558 0.30233 0.29558 0.29685 0.28673000000000004 0.29685 0.28496 0.30233 0.28673000000000004 0.30506 0.29381 0.30506 0.29558 0.30233
1 0.45133 0.28864999999999996 0.45487 0.28181 0.44955999999999996 0.28181 0.44602 0.28317000000000003 0.44602 0.28728 0.45133 0.28864999999999996
1 0.46372 0.28317000000000003 0.46195 0.28591 0.46902999999999995 0.28728 0.47257 0.28454 0.47257 0.28181 0.46372 0.28317000000000003
1 0.4885 0.26949 0.48141999999999996 0.27086 0.48141999999999996 0.27633 0.48673 0.27633 0.49027000000000004 0.2736 0.4885 0.26949
1 0.49734999999999996 0.27086 0.49734999999999996 0.27633 0.5061899999999999 0.27497 0.50442 0.26949 0.49734999999999996 0.27086
1 0.53097 0.28043999999999997 0.53451 0.2777 0.53274 0.2736 0.5292 0.2736 0.52566 0.27497 0.52566 0.28043999999999997 0.53097 0.28043999999999997
1 0.55044 0.2777 0.54159 0.2777 0.5433600000000001 0.28454 0.5469 0.28454 0.55044 0.28181 0.55044 0.2777
1 0.56814 0.28317000000000003 0.56637 0.28591 0.57168 0.28864999999999996 0.57699 0.28591 0.57699 0.28181 0.56814 0.28317000000000003
1 0.59292 0.28591 0.59292 0.28181 0.58761 0.28181 0.58407 0.28317000000000003 0.58407 0.28728 0.59292 0.28591
1 0.60885 0.26949 0.6017699999999999 0.27086 0.6017699999999999 0.27633 0.6070800000000001 0.27633 0.61062 0.2736 0.60885 0.26949
1 0.62655 0.27497 0.62478 0.26949 0.62124 0.26949 0.6176999999999999 0.27086 0.61947 0.27633 0.62655 0.27497
1 0.6495599999999999 0.28043999999999997 0.6531 0.27907000000000004 0.65133 0.2736 0.64779 0.2736 0.64425 0.27633 0.64425 0.28043999999999997 0.6495599999999999 0.28043999999999997
1 0.69204 0.2777 0.68319 0.27907000000000004 0.68496 0.28454 0.6885 0.28454 0.69204 0.28181 0.69204 0.2777
1 0.72743 0.28591 0.7292 0.28317000000000003 0.72212 0.28181 0.71858 0.28454 0.71858 0.28728 0.72743 0.28591
1 0.74336 0.28728 0.75221 0.28591 0.75398 0.28317000000000003 0.74336 0.28317000000000003 0.74336 0.28728
1 0.77345 0.28591 0.77345 0.28181 0.76814 0.28181 0.7646 0.28317000000000003 0.7646 0.28728 0.77345 0.28591
1 0.78761 0.27907000000000004 0.79292 0.28317000000000003 0.79469 0.28317000000000003 0.79646 0.2777 0.78761 0.27907000000000004
1 0.8106199999999999 0.27907000000000004 0.8106199999999999 0.28317000000000003 0.8194699999999999 0.28181 0.8194699999999999 0.2777 0.8106199999999999 0.27907000000000004
1 0.19646 0.38304 0.19823 0.38029999999999997 0.19823 0.3762 0.19292 0.3762 0.18938 0.37756 0.18938 0.38304 0.19646 0.38304
1 0.20708000000000001 0.38304 0.21416 0.38304 0.21593 0.38029999999999997 0.21593 0.3762 0.21061999999999997 0.3762 0.20708000000000001 0.37756 0.20531000000000002 0.38029999999999997 0.20708000000000001 0.38304
1 0.22124000000000002 0.36799 0.22124000000000002 0.37209 0.23009 0.37073 0.23009 0.36662 0.22124000000000002 0.36799
1 0.23894 0.37209 0.24779 0.37073 0.24956 0.36799 0.23894 0.36799 0.23894 0.37209
1 0.27610999999999997 0.36936 0.26726 0.37073 0.26726 0.3762 0.27257 0.3762 0.27610999999999997 0.37346 0.27610999999999997 0.36936
1 0.29203999999999997 0.37346 0.28319 0.37483 0.28496 0.38029999999999997 0.2885 0.38029999999999997 0.29381 0.3762 0.29203999999999997 0.37346
1 0.32035 0.38167 0.31858 0.3762 0.31504 0.3762 0.3115 0.37756 0.3115 0.38304 0.32035 0.38167
1 0.33451 0.38167 0.33451 0.3762 0.3292 0.3762 0.32566 0.37893 0.32566 0.38304 0.33451 0.38167
1 0.34867 0.37209 0.35044 0.36662 0.34513 0.36662 0.34159 0.36799 0.34159 0.37209 0.34867 0.37209
1 0.35929 0.37209 0.36637 0.37209 0.36814 0.36662 0.35929 0.36799 0.35929 0.37209
1 0.39469 0.36936 0.38584 0.37073 0.38761 0.3762 0.39115 0.3762 0.39469 0.37346 0.39469 0.36936
1 0.42832 0.38029999999999997 0.43186 0.37756 0.43186 0.37346 0.42478 0.37346 0.42123999999999995 0.3762 0.42301 0.38029999999999997 0.42832 0.38029999999999997
1 0.46372 0.38167 0.46372 0.3762 0.45841000000000004 0.3762 0.45487 0.37756 0.45487 0.38304 0.46372 0.38167
1 0.48495999999999995 0.38167 0.48319 0.3762 0.47965 0.3762 0.47611 0.37893 0.47611 0.38304 0.48495999999999995 0.38167
1 0.5061899999999999 0.37073 0.5061899999999999 0.36662 0.50265 0.36524999999999996 0.49912 0.36662 0.49734999999999996 0.37209 0.5061899999999999 0.37073
1 0.5699099999999999 0.36799 0.57168 0.36524999999999996 0.5699099999999999 0.36114999999999997 0.56637 0.36114999999999997 0.56283 0.36252 0.56283 0.36799 0.5699099999999999 0.36799
1 0.59823 0.37346 0.6017699999999999 0.37209 0.60354 0.37073 0.60531 0.36799 0.59823 0.36662 0.59469 0.36799 0.59469 0.37209 0.59823 0.37346
1 0.6230100000000001 0.37073 0.62478 0.36799 0.6176999999999999 0.36662 0.61416 0.36799 0.61416 0.37209 0.61947 0.37346 0.6230100000000001 0.37073
1 0.6867300000000001 0.37346 0.69027 0.37346 0.69381 0.37073 0.69381 0.36524999999999996 0.6867300000000001 0.36524999999999996 0.68319 0.36799 0.68319 0.37073 0.6867300000000001 0.37346
1 0.76637 0.36799 0.76637 0.37209 0.76991 0.37346 0.77345 0.37209 0.77522 0.36662 0.76637 0.36799
1 0.80708 0.36799 0.80708 0.37209 0.81593 0.37073 0.81593 0.36662 0.80708 0.36799
1 0.83894 0.36662 0.8371700000000001 0.36114999999999997 0.83363 0.36252 0.83186 0.36252 0.83009 0.36799 0.83894 0.36662
1 0.88673 0.37346 0.89204 0.37209 0.89381 0.36936 0.89381 0.36662 0.8902699999999999 0.36524999999999996 0.8831899999999999 0.36799 0.8831899999999999 0.37209 0.88673 0.37346
1 0.19646 0.44186 0.19292 0.4446 0.19469 0.45007 0.20354 0.4487 0.20177 0.44186 0.19646 0.44186
1 0.22124000000000002 0.44322999999999996 0.21947 0.43912000000000007 0.21416 0.43912000000000007 0.21061999999999997 0.44186 0.21239 0.44596 0.2177 0.44596 0.22124000000000002 0.44322999999999996
1 0.23363 0.45007 0.23717000000000002 0.44733 0.2354 0.44186 0.23009 0.44322999999999996 0.22654999999999997 0.44733 0.22832 0.45007 0.23363 0.45007
1 0.26549 0.4528 0.26903 0.45007 0.26726 0.44596 0.26372 0.44596 0.26017999999999997 0.44733 0.25841 0.4528 0.26549 0.4528
1 0.29027 0.45691 0.29558 0.45691 0.29912 0.45416999999999996 0.29735 0.45007 0.29381 0.45007 0.29027 0.45144 0.2885 0.45416999999999996 0.29027 0.45691
1 0.32566 0.45691 0.3292 0.4528 0.32566 0.45007 0.32212 0.45144 0.32035 0.45144 0.32035 0.45691 0.32566 0.45691
1 0.34513 0.4528 0.34867 0.45007 0.3469 0.44596 0.34336 0.44596 0.33982 0.44733 0.33982 0.4528 0.34513 0.4528
1 0.37345 0.45691 0.38053 0.45691 0.3823 0.45416999999999996 0.38053 0.45007 0.37699 0.45007 0.37345 0.45144 0.37168 0.45416999999999996 0.37345 0.45691
1 0.44779 0.4528 0.44955999999999996 0.45007 0.44779 0.44596 0.44425 0.44596 0.44071 0.44733 0.44071 0.4528 0.44779 0.4528
1 0.46726 0.45144 0.46548999999999996 0.44596 0.46195 0.44596 0.45841000000000004 0.44733 0.45841000000000004 0.4528 0.46726 0.45144
1 0.48495999999999995 0.45007 0.4885 0.44733 0.4885 0.44322999999999996 0.48141999999999996 0.44322999999999996 0.47788 0.44733 0.48141999999999996 0.45007 0.48495999999999995 0.45007
1 0.50796 0.45144 0.5061899999999999 0.44596 0.50265 0.44596 0.49912 0.4487 0.49912 0.4528 0.50796 0.45144
1 0.54867 0.45007 0.54159 0.45144 0.53982 0.45416999999999996 0.54159 0.45691 0.5469 0.45691 0.55044 0.45416999999999996 0.54867 0.45007
1 0.58053 0.45553999999999994 0.58053 0.45007 0.57699 0.45007 0.57345 0.45144 0.57345 0.45691 0.58053 0.45553999999999994
1 0.59823 0.4528 0.6017699999999999 0.45007 0.6 0.44596 0.59646 0.44596 0.59292 0.44733 0.5911500000000001 0.4528 0.59823 0.4528
1 0.6354 0.45691 0.6389400000000001 0.45416999999999996 0.6389400000000001 0.45144 0.6354 0.45007 0.63186 0.45144 0.63009 0.45144 0.63009 0.45691 0.6354 0.45691
1 0.71327 0.44322999999999996 0.70442 0.4446 0.70265 0.44733 0.70442 0.45007 0.70973 0.45007 0.71327 0.44733 0.71327 0.44322999999999996
1 0.75044 0.44322999999999996 0.74159 0.4446 0.74336 0.45007 0.7469 0.45007 0.75044 0.4487 0.75044 0.44322999999999996
1 0.72212 0.44048999999999994 0.72212 0.44596 0.73097 0.4446 0.73097 0.43912000000000007 0.72212 0.44048999999999994
1 0.77876 0.44596 0.77345 0.44596 0.76991 0.4528 0.77876 0.45144 0.77876 0.44596
1 0.8035399999999999 0.45691 0.80708 0.45416999999999996 0.8053100000000001 0.45007 0.80177 0.45007 0.79823 0.45144 0.79823 0.45691 0.8035399999999999 0.45691
1 0.8283200000000001 0.45144 0.8265499999999999 0.45144 0.8265499999999999 0.45691 0.83363 0.45553999999999994 0.83186 0.45007 0.8283200000000001 0.45144
1 0.8513299999999999 0.4528 0.8531000000000001 0.45007 0.8513299999999999 0.44596 0.84779 0.44596 0.8442500000000001 0.44733 0.8442500000000001 0.4528 0.8513299999999999 0.4528
1 0.87788 0.45691 0.8831899999999999 0.45691 0.88673 0.45416999999999996 0.8849600000000001 0.45007 0.88142 0.45007 0.87788 0.45144 0.87611 0.45416999999999996 0.87788 0.45691
1 0.9026500000000001 0.45553999999999994 0.9026500000000001 0.45007 0.89735 0.45007 0.89381 0.45144 0.89558 0.45691 0.9026500000000001 0.45553999999999994
1 0.18584 0.53625 0.18407 0.53078 0.18053 0.53078 0.17699 0.53352 0.17876 0.53762 0.18584 0.53625
1 0.19823 0.53762 0.20177 0.53488 0.2 0.53078 0.19646 0.53078 0.19292 0.53215 0.19292 0.53762 0.19823 0.53762
1 0.21947 0.53078 0.21947 0.5280400000000001 0.21239 0.5280400000000001 0.21061999999999997 0.53352 0.21593 0.53352 0.21947 0.53078
1 0.2354 0.53078 0.23009 0.53078 0.22654999999999997 0.53215 0.22477999999999998 0.53625 0.23363 0.53762 0.2354 0.53488 0.2354 0.53078
1 0.26195 0.53215 0.27257 0.53215 0.27257 0.5280400000000001 0.26903 0.52668 0.26549 0.5280400000000001 0.26372 0.52941 0.26195 0.53215
1 0.29381 0.52394 0.29027 0.52668 0.29027 0.52941 0.29912 0.52941 0.29912 0.52394 0.29381 0.52394
1 0.34159 0.5253099999999999 0.34336 0.53078 0.3469 0.53078 0.35044 0.52941 0.35221 0.5253099999999999 0.34159 0.5253099999999999
1 0.35929 0.5280400000000001 0.35575 0.53078 0.35575 0.53352 0.3646 0.53352 0.36637 0.5280400000000001 0.35929 0.5280400000000001
1 0.42123999999999995 0.53078 0.42832 0.5280400000000001 0.42832 0.52394 0.42123999999999995 0.52394 0.41769999999999996 0.52668 0.41769999999999996 0.52941 0.42123999999999995 0.53078
1 0.4354 0.53215 0.44602 0.53215 0.44602 0.5280400000000001 0.43716999999999995 0.52941 0.4354 0.53215
1 0.45664 0.5253099999999999 0.45664 0.52941 0.46548999999999996 0.5280400000000001 0.46548999999999996 0.52394 0.45664 0.5253099999999999
1 0.47434000000000004 0.52941 0.47434000000000004 0.53352 0.48141999999999996 0.53352 0.48319 0.53078 0.48319 0.5280400000000001 0.47434000000000004 0.52941
1 0.50265 0.53625 0.50265 0.53078 0.49734999999999996 0.53078 0.49381 0.53352 0.49381 0.53762 0.50265 0.53625
1 0.51858 0.54036 0.51858 0.53488 0.51327 0.53488 0.50973 0.53762 0.5115000000000001 0.54172 0.51858 0.54036
1 0.5646 0.54172 0.56814 0.53899 0.56814 0.53488 0.56283 0.53488 0.5592900000000001 0.53762 0.56106 0.54172 0.5646 0.54172
1 0.6 0.53625 0.6 0.53078 0.59469 0.53078 0.5911500000000001 0.53352 0.59292 0.53762 0.6 0.53625
1 0.6176999999999999 0.54036 0.6176999999999999 0.53488 0.61416 0.53488 0.61062 0.53625 0.61062 0.54172 0.6176999999999999 0.54036
1 0.6336299999999999 0.54446 0.6389400000000001 0.54583 0.64248 0.54446 0.64425 0.54172 0.64248 0.53762 0.6389400000000001 0.53762 0.6354 0.53899 0.6336299999999999 0.54172 0.6336299999999999 0.54446
1 0.66903 0.54172 0.67257 0.53899 0.67257 0.53488 0.66726 0.53488 0.66372 0.53762 0.66372 0.54172 0.66903 0.54172
1 0.72566 0.54172 0.7292 0.54036 0.7292 0.53488 0.72566 0.53488 0.72212 0.53625 0.72212 0.54172 0.72566 0.54172
1 0.7646 0.54036 0.7646 0.53488 0.76106 0.53488 0.75752 0.53625 0.75752 0.54172 0.7646 0.54036
1 0.8106199999999999 0.53078 0.80177 0.53215 0.80177 0.53762 0.80885 0.53762 0.8106199999999999 0.53488 0.8106199999999999 0.53078
1 0.8353999999999999 0.54172 0.83894 0.54036 0.83894 0.53488 0.83363 0.53488 0.83009 0.53625 0.83009 0.54172 0.8353999999999999 0.54172
1 0.85664 0.53215 0.85664 0.53762 0.86549 0.53625 0.86549 0.53078 0.85664 0.53215
1 0.24070999999999998 0.62517 0.24070999999999998 0.6238 0.24247999999999997 0.62107 0.23894 0.61833 0.2354 0.6197 0.23186 0.62244 0.23363 0.62654 0.24070999999999998 0.62517
1 0.78407 0.53215 0.7823 0.52668 0.77876 0.52668 0.77522 0.5280400000000001 0.77345 0.53215 0.78407 0.53215
1 0.3115 0.5280400000000001 0.30973 0.5280400000000001 0.30796 0.52941 0.30619 0.53215 0.31327 0.53352 0.31504 0.53352 0.31504 0.52668 0.3115 0.5280400000000001
1 0.27080000000000004 0.62654 0.27434 0.6238 0.27434 0.6197 0.26903 0.6197 0.26549 0.62107 0.26549 0.62654 0.27080000000000004 0.62654
1 0.29203999999999997 0.62244 0.29558 0.6197 0.29381 0.6142299999999999 0.29027 0.6142299999999999 0.28496 0.61833 0.28496 0.62244 0.29203999999999997 0.62244
1 0.32389 0.62107 0.32566 0.62654 0.33274 0.62517 0.33274 0.6197 0.32389 0.62107
1 0.40885 0.6197 0.41416000000000003 0.6197 0.41947 0.6142299999999999 0.41593 0.61149 0.41239 0.61149 0.40885 0.6142299999999999 0.40885 0.6197
1 0.44071 0.60876 0.43362999999999996 0.60876 0.43009000000000003 0.61149 0.43186 0.6155999999999999 0.43716999999999995 0.6155999999999999 0.44071 0.6142299999999999 0.44071 0.60876
1 0.45133 0.6197 0.46018 0.61833 0.45841000000000004 0.61149 0.45487 0.61149 0.45133 0.61286 0.44955999999999996 0.61696 0.45133 0.6197
1 0.49027000000000004 0.6142299999999999 0.48319 0.6155999999999999 0.48141999999999996 0.61833 0.48141999999999996 0.62244 0.49204 0.62107 0.49027000000000004 0.6142299999999999
1 0.51504 0.62654 0.5221199999999999 0.62654 0.52566 0.6238 0.52389 0.61833 0.52035 0.61833 0.51681 0.6197 0.51504 0.62244 0.51504 0.62654
1 0.55752 0.6238 0.55752 0.62107 0.55575 0.61833 0.55044 0.61833 0.54513 0.6238 0.54867 0.62654 0.5539799999999999 0.62654 0.55752 0.6238
1 0.83009 0.62517 0.83009 0.6197 0.82478 0.6197 0.8212400000000001 0.62244 0.82301 0.62654 0.83009 0.62517
1 0.79823 0.6197 0.78938 0.62107 0.79115 0.62654 0.79469 0.62654 0.79823 0.6238 0.79823 0.6197
1 0.57876 0.6197 0.57876 0.6155999999999999 0.5752200000000001 0.6142299999999999 0.5699099999999999 0.6155999999999999 0.56814 0.61833 0.56814 0.62244 0.57699 0.62244 0.57876 0.6197
1 0.61593 0.6238 0.61416 0.6197 0.60885 0.6197 0.60531 0.62244 0.60531 0.62654 0.61416 0.62654 0.61593 0.6238
1 0.70265 0.62244 0.70619 0.6197 0.70619 0.61696 0.70442 0.6142299999999999 0.70088 0.6142299999999999 0.69558 0.61696 0.69558 0.62244 0.70265 0.62244
1 0.72035 0.6197 0.72389 0.61833 0.72566 0.6142299999999999 0.72212 0.61149 0.71858 0.61286 0.71681 0.61286 0.71681 0.6197 0.72035 0.6197
1 0.74513 0.62244 0.74867 0.6197 0.7469 0.6155999999999999 0.74159 0.6155999999999999 0.73805 0.61833 0.73805 0.62244 0.74513 0.62244
1 0.84956 0.6238 0.85487 0.6197 0.8531000000000001 0.6155999999999999 0.84779 0.6155999999999999 0.8424799999999999 0.62107 0.8442500000000001 0.6238 0.84956 0.6238
1 0.89735 0.6238 0.89558 0.6197 0.8902699999999999 0.6197 0.88673 0.62244 0.8885 0.62654 0.89558 0.62654 0.89735 0.6238
1 0.20177 0.69494 0.20708000000000001 0.69904 0.20884999999999998 0.69904 0.21061999999999997 0.69357 0.20177 0.69494
1 0.19646 0.7017800000000001 0.19469 0.69631 0.19115 0.69631 0.18761 0.69767 0.18761 0.70315 0.19646 0.7017800000000001
1 0.2177 0.70315 0.22654999999999997 0.7017800000000001 0.22654999999999997 0.69631 0.22301 0.69631 0.21947 0.69767 0.2177 0.70315
1 0.24779 0.7072499999999999 0.25133 0.70588 0.2531 0.7017800000000001 0.25133 0.69904 0.24779 0.70041 0.24247999999999997 0.7017800000000001 0.24247999999999997 0.7072499999999999 0.24779 0.7072499999999999
1 0.27610999999999997 0.71135 0.27965 0.70862 0.27965 0.70451 0.27257 0.70451 0.26903 0.70862 0.27257 0.71135 0.27610999999999997 0.71135
1 0.30442 0.70451 0.30088 0.70315 0.29381 0.70862 0.29912 0.71135 0.30265 0.70999 0.30442 0.7072499999999999 0.30442 0.70451
1 0.32212 0.70451 0.32212 0.70041 0.31504 0.70041 0.3115 0.70315 0.3115 0.7072499999999999 0.32035 0.7072499999999999 0.32212 0.70451
1 0.34159 0.70588 0.34159 0.70999 0.3469 0.71135 0.35221 0.7072499999999999 0.35044 0.70451 0.34159 0.70588
1 0.36814 0.70451 0.35929 0.70451 0.35752 0.70862 0.3646 0.70999 0.36637 0.70999 0.36814 0.70451
1 0.4354 0.7072499999999999 0.43894 0.70451 0.43894 0.70041 0.43362999999999996 0.70041 0.43009000000000003 0.7017800000000001 0.43186 0.7072499999999999 0.4354 0.7072499999999999
1 0.41239 0.70451 0.41416000000000003 0.7072499999999999 0.41947 0.7072499999999999 0.42301 0.70451 0.42123999999999995 0.69904 0.41769999999999996 0.70041 0.41593 0.70041 0.41416000000000003 0.7017800000000001 0.41239 0.70451
1 0.46726 0.70041 0.46372 0.70315 0.46372 0.70588 0.47257 0.70588 0.47257 0.69904 0.46726 0.70041
1 0.45841000000000004 0.69904 0.45664 0.69631 0.45133 0.69631 0.44779 0.69904 0.44955999999999996 0.70315 0.45487 0.70315 0.45841000000000004 0.69904
1 0.5115000000000001 0.70315 0.51504 0.70041 0.51327 0.69631 0.50796 0.69631 0.50442 0.69904 0.50442 0.70315 0.5115000000000001 0.70315
1 0.53097 0.69494 0.53097 0.69904 0.5380499999999999 0.69904 0.54159 0.69631 0.53982 0.69357 0.53097 0.69494
1 0.5469 0.70315 0.5539799999999999 0.70315 0.55575 0.70041 0.5539799999999999 0.69631 0.55044 0.69631 0.5469 0.69767 0.54513 0.70041 0.5469 0.70315
1 0.57876 0.69494 0.57876 0.69904 0.58761 0.69767 0.58761 0.69357 0.57876 0.69494
1 0.60531 0.69904 0.60354 0.69631 0.59823 0.69631 0.59469 0.69904 0.59646 0.70315 0.6017699999999999 0.70315 0.60531 0.69904
1 0.6495599999999999 0.7017800000000001 0.64779 0.69631 0.64425 0.69631 0.64071 0.69767 0.64071 0.70315 0.6495599999999999 0.7017800000000001
1 0.65841 0.69494 0.65841 0.69904 0.66726 0.69767 0.66726 0.69357 0.65841 0.69494
1 0.6867300000000001 0.7017800000000001 0.68496 0.69631 0.6814199999999999 0.69631 0.67788 0.69904 0.67965 0.70315 0.6867300000000001 0.7017800000000001
1 0.69558 0.69357 0.69381 0.69631 0.69381 0.69904 0.70442 0.69767 0.70442 0.69357 0.69558 0.69357
1 0.72389 0.70041 0.72212 0.69631 0.71681 0.69631 0.71327 0.69904 0.71504 0.70315 0.72035 0.70315 0.72389 0.70041
1 0.74159 0.70041 0.73274 0.7017800000000001 0.73274 0.70315 0.73097 0.70588 0.73451 0.7072499999999999 0.73805 0.7072499999999999 0.74159 0.70451 0.74159 0.70041
1 0.74867 0.70588 0.74867 0.70999 0.75752 0.70862 0.75752 0.70451 0.74867 0.70588
1 0.79646 0.70588 0.79646 0.70862 0.8035399999999999 0.70999 0.8053100000000001 0.70999 0.80708 0.70451 0.79646 0.70588
1 0.83009 0.7017800000000001 0.83009 0.7072499999999999 0.83894 0.70588 0.83894 0.70041 0.83009 0.7017800000000001
1 0.8513299999999999 0.71135 0.85487 0.70862 0.85487 0.70451 0.84956 0.70451 0.84602 0.7072499999999999 0.84602 0.70999 0.8513299999999999 0.71135
1 0.8849600000000001 0.71272 0.8849600000000001 0.7072499999999999 0.87965 0.7072499999999999 0.87611 0.70999 0.8743399999999999 0.71272 0.8849600000000001 0.71272
1 0.9115 0.71135 0.91504 0.70862 0.91327 0.70315 0.90973 0.70451 0.90442 0.70588 0.9061899999999999 0.71135 0.9115 0.71135
1 0.1823 0.7934300000000001 0.18761 0.79617 0.19115 0.7948000000000001 0.19115 0.78796 0.18761 0.78933 0.18584 0.78933 0.18407 0.7907 0.1823 0.7934300000000001
1 0.21947 0.78796 0.21061999999999997 0.7907 0.21061999999999997 0.7948000000000001 0.21593 0.79617 0.21947 0.7948000000000001 0.22124000000000002 0.79207 0.21947 0.78796
1 0.23717000000000002 0.78796 0.24070999999999998 0.78523 0.24070999999999998 0.78112 0.23363 0.78112 0.23009 0.78386 0.23186 0.78796 0.23717000000000002 0.78796
1 0.26372 0.79207 0.26726 0.7907 0.26903 0.78933 0.26903 0.78386 0.26372 0.78386 0.26017999999999997 0.78523 0.26017999999999997 0.7907 0.26372 0.79207
1 0.28319 0.7948000000000001 0.29203999999999997 0.7934300000000001 0.29381 0.7907 0.29027 0.78796 0.28673000000000004 0.78933 0.28496 0.78933 0.28319 0.7948000000000001
1 0.31327 0.79207 0.31858 0.78796 0.31681 0.78386 0.3115 0.78386 0.30796 0.78659 0.30973 0.79207 0.31327 0.79207
1 0.43894 0.78933 0.43894 0.78386 0.43362999999999996 0.78386 0.43009000000000003 0.78659 0.43009000000000003 0.7907 0.43894 0.78933
1 0.45841000000000004 0.78796 0.46195 0.78659 0.46372 0.78249 0.45664 0.78112 0.45309999999999995 0.78249 0.45487 0.78796 0.45841000000000004 0.78796
1 0.4885 0.78796 0.4885 0.78386 0.47965 0.78523 0.47788 0.78933 0.48319 0.79207 0.48673 0.7907 0.4885 0.78796
1 0.51504 0.7934300000000001 0.52566 0.7934300000000001 0.52566 0.78933 0.5221199999999999 0.78796 0.51858 0.78933 0.51681 0.7907 0.51504 0.7934300000000001
1 0.54867 0.78796 0.53982 0.7907 0.53982 0.7934300000000001 0.5469 0.7948000000000001 0.54867 0.7948000000000001 0.54867 0.78796
1 0.42832 0.8878199999999999 0.42655000000000004 0.88372 0.42123999999999995 0.88372 0.41769999999999996 0.8864599999999999 0.41947 0.89056 0.42478 0.89056 0.42832 0.8878199999999999
1 0.45133 0.8878199999999999 0.44955999999999996 0.88372 0.44425 0.88372 0.44071 0.8864599999999999 0.44248000000000004 0.89056 0.44779 0.89056 0.45133 0.8878199999999999
1 0.47434000000000004 0.87415 0.4708 0.87278 0.46548999999999996 0.87278 0.46372 0.87551 0.46548999999999996 0.8796200000000001 0.47434000000000004 0.8782500000000001 0.47434000000000004 0.87415
1 0.49558 0.8796200000000001 0.49734999999999996 0.8768800000000001 0.49558 0.87278 0.49204 0.87278 0.4885 0.87415 0.4885 0.8809799999999999 0.49558 0.8796200000000001
1 0.58053 0.8878199999999999 0.58407 0.8864599999999999 0.58407 0.8809799999999999 0.57876 0.8809799999999999 0.5752200000000001 0.88372 0.57699 0.8878199999999999 0.58053 0.8878199999999999
1 0.6230100000000001 0.8891899999999999 0.6230100000000001 0.88372 0.6176999999999999 0.88372 0.61416 0.8864599999999999 0.61593 0.89056 0.6230100000000001 0.8891899999999999
1 0.64425 0.8891899999999999 0.64425 0.88372 0.6389400000000001 0.88372 0.6354 0.8864599999999999 0.63717 0.89056 0.64425 0.8891899999999999
1 0.53274 0.88372 0.53628 0.8809799999999999 0.53451 0.87551 0.5274300000000001 0.8768800000000001 0.52566 0.8796200000000001 0.5274300000000001 0.88372 0.53274 0.88372
1 0.76106 0.8864599999999999 0.76106 0.8809799999999999 0.75575 0.8809799999999999 0.75221 0.8850899999999999 0.75575 0.8878199999999999 0.76106 0.8864599999999999
1 0.8 0.89056 0.8035399999999999 0.8878199999999999 0.8035399999999999 0.88372 0.79646 0.88372 0.79292 0.8864599999999999 0.79469 0.89056 0.8 0.89056
1 0.83009 0.8878199999999999 0.8283200000000001 0.88372 0.82301 0.88372 0.8194699999999999 0.8864599999999999 0.8212400000000001 0.89056 0.8265499999999999 0.89056 0.83009 0.8878199999999999
1 0.84779 0.8878199999999999 0.8513299999999999 0.8864599999999999 0.8513299999999999 0.8809799999999999 0.84602 0.8809799999999999 0.8424799999999999 0.88372 0.8442500000000001 0.8878199999999999 0.84779 0.8878199999999999
1 0.89204 0.8850899999999999 0.8902699999999999 0.8809799999999999 0.8849600000000001 0.8809799999999999 0.88142 0.88372 0.8831899999999999 0.8878199999999999 0.8885 0.8878199999999999 0.89204 0.8850899999999999
1 0.6708000000000001 0.87278 0.66018 0.87415 0.66195 0.8809799999999999 0.6654899999999999 0.8809799999999999 0.6708000000000001 0.8768800000000001 0.6708000000000001 0.87278
1 0.69558 0.8768800000000001 0.69381 0.87278 0.6867300000000001 0.87278 0.68319 0.87551 0.68319 0.8782500000000001 0.6867300000000001 0.8809799999999999 0.69381 0.8796200000000001 0.69558 0.8768800000000001
1 0.73805 0.88372 0.73982 0.8809799999999999 0.73982 0.87551 0.73274 0.87551 0.7292 0.8782500000000001 0.7292 0.8809799999999999 0.73097 0.88372 0.73805 0.88372