1 0.15929 0.1409 0.16106 0.1368 0.15752 0.13406 0.15398 0.13406 0.15044 0.13543 0.15398 0.14227 0.15929 0.1409
1 0.17699 0.13543 0.17522 0.13543 0.17345 0.1409 0.1823 0.1409 0.18053 0.13406 0.17699 0.13543
1 0.20354 0.12722 0.19469 0.12859 0.19469 0.13406 0.20177 0.13406 0.20531000000000002 0.13133 0.20354 0.12722
1 0.26195 0.12859 0.26195 0.13406 0.27080000000000004 0.13269 0.27080000000000004 0.12722 0.26195 0.12859
1 0.28142 0.13269 0.28319 0.13817 0.29027 0.1368 0.29027 0.13133 0.28142 0.13269
1 0.32389 0.13133 0.31504 0.13269 0.31681 0.13817 0.32212 0.13817 0.32566 0.13543 0.32389 0.13133
1 0.34159 0.14501 0.34336 0.14227 0.34159 0.13817 0.33805 0.13817 0.33451 0.13953 0.33274 0.14501 0.34159 0.14501
1 0.36106 0.13817 0.3646 0.13543 0.3646 0.13133 0.35752 0.13133 0.35398 0.13406 0.35575 0.13817 0.36106 0.13817
1 0.3823 0.14364 0.38053 0.13817 0.37699 0.13817 0.37345 0.13953 0.37345 0.14501 0.3823 0.14364
1 0.41062000000000004 0.13817 0.41593 0.13406 0.41416000000000003 0.12996000000000002 0.40708 0.12996000000000002 0.40354 0.13133 0.40176999999999996 0.13817 0.41062000000000004 0.13817
1 0.46195 0.13543 0.46018 0.13133 0.45309999999999995 0.13133 0.44955999999999996 0.13543 0.45133 0.13817 0.45841000000000004 0.13817 0.46195 0.13543
1 0.47434000000000004 0.14364 0.47434000000000004 0.14911000000000002 0.48319 0.14774 0.48319 0.14227 0.47434000000000004 0.14364
1 0.49558 0.14501 0.50265 0.14501 0.5061899999999999 0.1409 0.50265 0.13817 0.49912 0.13817 0.49558 0.1409 0.49558 0.14501
1 0.52566 0.13817 0.5292 0.13543 0.5292 0.13133 0.5221199999999999 0.13133 0.51858 0.13406 0.52035 0.13817 0.52566 0.13817
1 0.56283 0.13543 0.56106 0.13133 0.55221 0.13269 0.55221 0.1368 0.55575 0.13817 0.5592900000000001 0.13817 0.56283 0.13543
1 0.5823 0.1409 0.58407 0.1368 0.5823 0.13406 0.57876 0.13406 0.5752200000000001 0.13543 0.57345 0.1409 0.5823 0.1409
1 0.62124 0.13953 0.62124 0.13543 0.6176999999999999 0.13406 0.61062 0.1368 0.61062 0.1409 0.62124 0.13953
1 0.63717 0.14501 0.64071 0.14227 0.6389400000000001 0.13817 0.6354 0.13817 0.63186 0.13953 0.63186 0.14501 0.63717 0.14501
1 0.6531 0.13543 0.6531 0.1409 0.66195 0.13953 0.66018 0.13406 0.6531 0.13543
1 0.6814199999999999 0.14227 0.67257 0.14364 0.67257 0.14911000000000002 0.67965 0.14911000000000002 0.6814199999999999 0.14637 0.6814199999999999 0.14227
1 0.71504 0.14637 0.70619 0.14774 0.70619 0.15321 0.71327 0.15321 0.71681 0.15048 0.71504 0.14637
1 0.76283 0.15321 0.76637 0.15048 0.76637 0.14637 0.75929 0.14637 0.75575 0.14911000000000002 0.75752 0.15321 0.76283 0.15321
1 0.80177 0.14637 0.79292 0.14774 0.79469 0.15321 0.80177 0.15184999999999998 0.8035399999999999 0.14911000000000002 0.80177 0.14637
1 0.8265499999999999 0.14911000000000002 0.8194699999999999 0.15048 0.8177 0.15458 0.82478 0.15595 0.8265499999999999 0.15595 0.8265499999999999 0.14911000000000002
1 0.85487 0.14364 0.85487 0.14911000000000002 0.86372 0.14774 0.86372 0.14227 0.85487 0.14364
1 0.8831899999999999 0.15458 0.88142 0.14911000000000002 0.8743399999999999 0.15184999999999998 0.87611 0.15732 0.87965 0.15732 0.8831899999999999 0.15458
1 0.9185800000000001 0.15732 0.9221199999999999 0.15595 0.9238899999999999 0.15321 0.9238899999999999 0.15048 0.92035 0.14911000000000002 0.9168100000000001 0.15048 0.91504 0.15048 0.91327 0.15595 0.9185800000000001 0.15732
1 0.9380499999999999 0.15732 0.94159 0.15595 0.94513 0.15321 0.94513 0.15048 0.94159 0.14911000000000002 0.9345100000000001 0.15184999999999998 0.9345100000000001 0.15595 0.9380499999999999 0.15732
1 0.96283 0.14911000000000002 0.9663700000000001 0.14637 0.9663700000000001 0.14227 0.95929 0.14227 0.9557499999999999 0.14501 0.95752 0.14911000000000002 0.96283 0.14911000000000002
1 0.98407 0.15048 0.97345 0.15184999999999998 0.97345 0.15595 0.97699 0.15732 0.9823000000000001 0.15595 0.98407 0.15321 0.98407 0.15048
1 0.06726 0.27907000000000004 0.06549 0.28181 0.06726 0.28454 0.0708 0.28317000000000003 0.07433999999999999 0.28317000000000003 0.07788 0.28043999999999997 0.07611 0.27633 0.07257 0.27497 0.06903000000000001 0.27633 0.06726 0.2777 0.06726 0.27907000000000004
1 0.13097 0.29138000000000003 0.13451 0.29001 0.13451 0.28317000000000003 0.1292 0.28317000000000003 0.12566 0.28591 0.12743 0.29138000000000003 0.13097 0.29138000000000003
1 0.17699 0.28728 0.18053 0.28454 0.17876 0.27907000000000004 0.17522 0.28043999999999997 0.16991 0.28181 0.17168 0.28728 0.17699 0.28728
1 0.22832 0.29138000000000003 0.22654999999999997 0.29549 0.23009 0.29822000000000004 0.24247999999999997 0.29685 0.24070999999999998 0.29138000000000003 0.22832 0.29138000000000003
1 0.35221 0.29822000000000004 0.35929 0.29822000000000004 0.36283 0.29685 0.3646 0.29275 0.36283 0.29001 0.35929 0.29001 0.35575 0.29138000000000003 0.35221 0.29412 0.35221 0.29822000000000004
1 0.46548999999999996 0.27223 0.46902999999999995 0.26949 0.46726 0.26402000000000003 0.46372 0.26402000000000003 0.46018 0.26539 0.46018 0.27223 0.46548999999999996 0.27223
1 0.48673 0.25855 0.48673 0.26402000000000003 0.49734999999999996 0.26265 0.49734999999999996 0.25718 0.48673 0.25855
1 0.5469 0.28181 0.5469 0.28043999999999997 0.54867 0.2777 0.54513 0.27497 0.53982 0.27633 0.53628 0.27907000000000004 0.5380499999999999 0.28454 0.5469 0.28181
1 0.44071 0.27223 0.44425 0.26949 0.44248000000000004 0.26402000000000003 0.43716999999999995 0.26402000000000003 0.43362999999999996 0.26539 0.43186 0.27223 0.44071 0.27223
1 0.6070800000000001 0.28728 0.60531 0.28317000000000003 0.6 0.28317000000000003 0.59646 0.28591 0.59646 0.29001 0.60531 0.29001 0.6070800000000001 0.28728
1 0.6495599999999999 0.27086 0.6495599999999999 0.26949 0.65133 0.26676 0.6495599999999999 0.26402000000000003 0.64425 0.26402000000000003 0.64071 0.26676 0.64071 0.27223 0.6495599999999999 0.27086
1 0.7115 0.27223 0.69912 0.27223 0.6973499999999999 0.27497 0.69912 0.27907000000000004 0.71327 0.2777 0.71327 0.27497 0.7115 0.27223
1 0.83363 0.27223 0.82478 0.27223 0.82301 0.27497 0.8283200000000001 0.27907000000000004 0.83363 0.2777 0.83363 0.27223
1 0.92035 0.28043999999999997 0.90973 0.28181 0.9115 0.28728 0.9168100000000001 0.28728 0.92035 0.28454 0.92035 0.28043999999999997
1 0.9469 0.27223 0.9380499999999999 0.2736 0.9380499999999999 0.27907000000000004 0.9469 0.27907000000000004 0.9486700000000001 0.27633 0.9469 0.27223
1 0.97699 0.28043999999999997 0.96814 0.28181 0.96814 0.28728 0.97345 0.28728 0.97699 0.28591 0.97699 0.28043999999999997
1 0.16283 0.41586999999999996 0.16283 0.40903 0.15398 0.41176 0.15575 0.41723999999999994 0.15929 0.41723999999999994 0.16283 0.41586999999999996
1 0.18761 0.40218999999999994 0.18407 0.40492 0.18407 0.40903 0.19469 0.40766 0.19469 0.40218999999999994 0.18761 0.40218999999999994
1 0.22301 0.4104 0.21239 0.41176 0.21239 0.41723999999999994 0.21947 0.41723999999999994 0.22301 0.4145 0.22301 0.4104
1 0.07611 0.4104 0.08142 0.40629 0.07965 0.40082000000000007 0.07257 0.40082000000000007 0.06903000000000001 0.40492 0.0708 0.4104 0.07611 0.4104
1 0.26195 0.40629 0.25664 0.40629 0.2531 0.40766 0.25487000000000004 0.41313000000000005 0.26017999999999997 0.41313000000000005 0.26372 0.4104 0.26195 0.40629
1 0.28496 0.41313000000000005 0.2885 0.41176 0.2885 0.40629 0.28319 0.40629 0.27965 0.40766 0.27965 0.41313000000000005 0.28496 0.41313000000000005
1 0.36106 0.41313000000000005 0.35752 0.41313000000000005 0.35398 0.4145 0.35221 0.41859999999999997 0.35929 0.41997 0.36106 0.41997 0.36106 0.41313000000000005
1 0.38407 0.41313000000000005 0.38761 0.4104 0.38761 0.40629 0.38053 0.40629 0.37699 0.40903 0.37876 0.41313000000000005 0.38407 0.41313000000000005
1 0.40708 0.42134 0.41062000000000004 0.41997 0.41239 0.41723999999999994 0.41062000000000004 0.41313000000000005 0.40708 0.41313000000000005 0.40354 0.4145 0.40176999999999996 0.41997 0.40708 0.42134
1 0.44955999999999996 0.41313000000000005 0.45309999999999995 0.4104 0.45309999999999995 0.40629 0.44602 0.40629 0.44248000000000004 0.40903 0.44248000000000004 0.41313000000000005 0.44955999999999996 0.41313000000000005
1 0.53451 0.42134 0.5380499999999999 0.41997 0.5380499999999999 0.41313000000000005 0.53274 0.41313000000000005 0.5292 0.41586999999999996 0.53097 0.42134 0.53451 0.42134
1 0.56814 0.40629 0.5592900000000001 0.40766 0.56106 0.41313000000000005 0.5646 0.41313000000000005 0.56814 0.41176 0.56814 0.40629
1 0.58938 0.42134 0.59646 0.41859999999999997 0.59469 0.41313000000000005 0.5911500000000001 0.41313000000000005 0.58761 0.4145 0.5858399999999999 0.41859999999999997 0.58938 0.42134
1 0.6389400000000001 0.4145 0.6389400000000001 0.4104 0.63009 0.4104 0.62832 0.41313000000000005 0.63009 0.41723999999999994 0.6354 0.41723999999999994 0.6389400000000001 0.4145
1 0.6654899999999999 0.41313000000000005 0.66372 0.40903 0.6548700000000001 0.41176 0.65664 0.41723999999999994 0.66372 0.41586999999999996 0.6654899999999999 0.41313000000000005
1 0.7292 0.41723999999999994 0.73274 0.4145 0.73097 0.40903 0.72743 0.4104 0.72212 0.41176 0.72389 0.41723999999999994 0.7292 0.41723999999999994
1 0.76106 0.40766 0.76106 0.40218999999999994 0.75575 0.40218999999999994 0.75221 0.40356 0.75044 0.40766 0.76106 0.40766
1 0.77876 0.4104 0.77522 0.41313000000000005 0.77522 0.41723999999999994 0.78584 0.41586999999999996 0.78761 0.41176 0.77876 0.4104
1 0.8212400000000001 0.40218999999999994 0.8177 0.40492 0.82301 0.40903 0.8283200000000001 0.40766 0.8283200000000001 0.40218999999999994 0.8212400000000001 0.40218999999999994
1 0.91504 0.41723999999999994 0.9185800000000001 0.4145 0.9168100000000001 0.40903 0.90973 0.4104 0.9079599999999999 0.41313000000000005 0.90973 0.41723999999999994 0.91504 0.41723999999999994
1 0.9398199999999999 0.40218999999999994 0.93628 0.40492 0.93628 0.40903 0.9469 0.40766 0.9469 0.40218999999999994 0.9398199999999999 0.40218999999999994
1 0.96814 0.41723999999999994 0.97699 0.41586999999999996 0.97699 0.4104 0.97345 0.40903 0.9699099999999999 0.4104 0.96814 0.41176 0.96814 0.41723999999999994
1 0.14513 0.54993 0.14513 0.5430900000000001 0.13982 0.54446 0.13805 0.54993 0.14159 0.5513 0.14513 0.54993
1 0.17876 0.5430900000000001 0.1823 0.54036 0.18053 0.53625 0.17522 0.53625 0.17168 0.53762 0.17168 0.5430900000000001 0.17876 0.5430900000000001
1 0.21416 0.5472 0.2177 0.54446 0.2177 0.54036 0.21416 0.53899 0.20708000000000001 0.54172 0.20884999999999998 0.5472 0.21416 0.5472
1 0.07788 0.54446 0.08319 0.54036 0.08142 0.53488 0.07611 0.53488 0.0708 0.53899 0.07257 0.54446 0.07788 0.54446
1 0.27080000000000004 0.5513 0.26017999999999997 0.55267 0.25841 0.5554 0.26017999999999997 0.5581400000000001 0.26726 0.5581400000000001 0.27080000000000004 0.5554 0.27080000000000004 0.5513
1 0.30088 0.5581400000000001 0.30442 0.5554 0.30442 0.5513 0.29735 0.5513 0.29381 0.55404 0.29558 0.5581400000000001 0.30088 0.5581400000000001
1 0.44779 0.5581400000000001 0.45133 0.5554 0.45133 0.5513 0.44425 0.5513 0.44071 0.55404 0.44071 0.5581400000000001 0.44779 0.5581400000000001
1 0.36283 0.5595100000000001 0.36814 0.5554 0.36814 0.54993 0.35929 0.5513 0.35575 0.55404 0.35752 0.5595100000000001 0.36283 0.5595100000000001
1 0.53982 0.54036 0.5292 0.54172 0.53097 0.5472 0.53628 0.5472 0.53982 0.54446 0.53982 0.54036
1 0.56637 0.53215 0.55752 0.53352 0.55752 0.53899 0.56637 0.53899 0.56814 0.53625 0.56637 0.53215
1 0.59646 0.54036 0.58761 0.54036 0.5858399999999999 0.5430900000000001 0.5858399999999999 0.5472 0.59646 0.54583 0.59646 0.54036
1 0.6336299999999999 0.54036 0.63717 0.53899 0.6389400000000001 0.53215 0.63186 0.53215 0.62832 0.53488 0.62832 0.53899 0.6336299999999999 0.54036
1 0.65841 0.53215 0.6548700000000001 0.53488 0.6548700000000001 0.53899 0.6654899999999999 0.53762 0.66372 0.53215 0.65841 0.53215
1 0.7292 0.5472 0.73274 0.54446 0.73274 0.54036 0.7292 0.53899 0.72212 0.54172 0.72389 0.5472 0.7292 0.5472
1 0.75398 0.53352 0.75398 0.53899 0.76283 0.53762 0.76283 0.53215 0.75398 0.53352
1 0.77876 0.54036 0.77522 0.5430900000000001 0.77699 0.5472 0.78584 0.54583 0.78584 0.54036 0.77876 0.54036
1 0.8212400000000001 0.54446 0.8265499999999999 0.5430900000000001 0.83009 0.54172 0.83009 0.53625 0.8265499999999999 0.53488 0.82301 0.53625 0.8194699999999999 0.53899 0.8212400000000001 0.54446
1 0.9168100000000001 0.54993 0.9168100000000001 0.5430900000000001 0.91327 0.54446 0.9079599999999999 0.54583 0.9079599999999999 0.54993 0.9168100000000001 0.54993
1 0.9469 0.53625 0.9380499999999999 0.53762 0.9398199999999999 0.5430900000000001 0.94513 0.5430900000000001 0.9486700000000001 0.54036 0.9469 0.53625
1 0.97699 0.5430900000000001 0.97345 0.5430900000000001 0.9699099999999999 0.54446 0.96814 0.5485599999999999 0.97522 0.54993 0.97699 0.54993 0.97699 0.5430900000000001
1 0.07611 0.67031 0.07433999999999999 0.66621 0.06903000000000001 0.66621 0.06549 0.6689499999999999 0.06549 0.67305 0.07433999999999999 0.67305 0.07611 0.67031
1 0.09735 0.67305 0.10088 0.67031 0.09912 0.66621 0.09381 0.66621 0.09026999999999999 0.66758 0.09026999999999999 0.67305 0.09735 0.67305
1 0.16106 0.68126 0.1646 0.68126 0.16814 0.67852 0.16814 0.67442 0.1646 0.67305 0.16106 0.67442 0.15752 0.67852 0.16106 0.68126
1 0.19646 0.67305 0.2 0.67031 0.19823 0.66621 0.19292 0.66621 0.18938 0.6689499999999999 0.18938 0.67305 0.19646 0.67305
1 0.22654999999999997 0.6771499999999999 0.22654999999999997 0.67442 0.21593 0.67579 0.2177 0.68126 0.22124000000000002 0.68126 0.22477999999999998 0.67989 0.22654999999999997 0.6771499999999999
1 0.25841 0.67168 0.25841 0.6771499999999999 0.26726 0.67579 0.26903 0.67305 0.26903 0.67031 0.25841 0.67168
1 0.33274 0.67031 0.32212 0.67168 0.32212 0.6771499999999999 0.3292 0.6771499999999999 0.33274 0.67442 0.33274 0.67031
1 0.36637 0.67168 0.36637 0.6771499999999999 0.37522 0.67579 0.37699 0.67305 0.37522 0.67031 0.36637 0.67168
1 0.40708 0.66211 0.4 0.66211 0.39646 0.66484 0.39646 0.6689499999999999 0.40530999999999995 0.6689499999999999 0.40708 0.66211
1 0.44602 0.67442 0.44955999999999996 0.67305 0.44955999999999996 0.66621 0.44425 0.66621 0.44071 0.6689499999999999 0.44071 0.67305 0.44602 0.67442
1 0.46726 0.67168 0.46902999999999995 0.6771499999999999 0.47611 0.67579 0.47611 0.67031 0.46726 0.67168
1 0.5469 0.6771499999999999 0.55044 0.67442 0.55044 0.67031 0.5433600000000001 0.67031 0.53982 0.67442 0.54159 0.6771499999999999 0.5469 0.6771499999999999
1 0.57168 0.6771499999999999 0.5752200000000001 0.67442 0.5752200000000001 0.67031 0.56814 0.67031 0.5646 0.67305 0.56637 0.6771499999999999 0.57168 0.6771499999999999
1 0.59646 0.67031 0.6 0.6689499999999999 0.6017699999999999 0.66621 0.6017699999999999 0.66211 0.59469 0.66211 0.5911500000000001 0.66484 0.5911500000000001 0.6689499999999999 0.59646 0.67031
1 0.6389400000000001 0.67442 0.64602 0.67168 0.64602 0.66621 0.6389400000000001 0.66621 0.6354 0.6689499999999999 0.6354 0.67305 0.6389400000000001 0.67442
1 0.70619 0.67168 0.70619 0.6771499999999999 0.71504 0.67579 0.71681 0.67305 0.71681 0.67031 0.70619 0.67168
1 0.7646 0.6689499999999999 0.76637 0.66484 0.7646 0.66211 0.75752 0.66211 0.75398 0.66484 0.75575 0.67031 0.75929 0.67031 0.76106 0.6689499999999999 0.7646 0.6689499999999999
1 0.8442500000000001 0.66484 0.84602 0.66074 0.8424799999999999 0.658 0.83363 0.658 0.83009 0.65937 0.83009 0.66484 0.83363 0.66621 0.84071 0.66621 0.8442500000000001 0.66484
1 0.08319 0.78933 0.07433999999999999 0.78933 0.07257 0.79207 0.07433999999999999 0.79617 0.08319 0.7948000000000001 0.08319 0.78933
1 0.17876 0.78659 0.17876 0.79207 0.18761 0.7907 0.18761 0.78523 0.17876 0.78659
1 0.21947 0.78523 0.22301 0.78386 0.22477999999999998 0.78112 0.22301 0.77702 0.2177 0.77702 0.21416 0.77839 0.21416 0.78386 0.21947 0.78523
1 0.25133 0.78659 0.25133 0.79207 0.26195 0.7907 0.26195 0.78523 0.25133 0.78659
1 0.31681 0.78112 0.31681 0.77702 0.30796 0.77702 0.30442 0.77975 0.30442 0.78523 0.31327 0.78523 0.31681 0.78112
1 0.33982 0.78933 0.34336 0.78796 0.3469 0.78523 0.34513 0.78112 0.33982 0.78112 0.33628 0.78249 0.33628 0.78796 0.33982 0.78933
1 0.43362999999999996 0.78933 0.43894 0.78523 0.43716999999999995 0.77975 0.43186 0.77975 0.42655000000000004 0.78386 0.42655000000000004 0.78933 0.43362999999999996 0.78933
1 0.50088 0.78112 0.49204 0.78249 0.49204 0.78796 0.49912 0.78796 0.50265 0.78523 0.50088 0.78112
1 0.46548999999999996 0.78386 0.46726 0.77702 0.45841000000000004 0.77839 0.45664 0.78112 0.45841000000000004 0.78523 0.46195 0.78523 0.46548999999999996 0.78386
1 0.5433600000000001 0.78933 0.54867 0.78523 0.5469 0.78112 0.53982 0.78112 0.53628 0.78386 0.5380499999999999 0.78933 0.5433600000000001 0.78933
1 0.57876 0.78796 0.5823 0.78523 0.58053 0.78112 0.5752200000000001 0.78112 0.57168 0.78386 0.57168 0.78796 0.57876 0.78796
1 0.69912 0.78523 0.70265 0.78249 0.70265 0.77702 0.69558 0.77702 0.69204 0.77975 0.69381 0.78523 0.69912 0.78523
1 0.73097 0.78112 0.72743 0.78386 0.7292 0.78796 0.73805 0.78659 0.73805 0.78112 0.73097 0.78112
1 0.66372 0.78933 0.66726 0.78933 0.67257 0.78523 0.6708000000000001 0.78112 0.6654899999999999 0.78112 0.66195 0.78249 0.66018 0.78796 0.66372 0.78933
1 0.78584 0.78659 0.78584 0.78112 0.78053 0.78112 0.77699 0.78249 0.77699 0.78796 0.78584 0.78659
1 0.8194699999999999 0.78523 0.80885 0.78659 0.80885 0.79207 0.81593 0.79207 0.8194699999999999 0.78933 0.8194699999999999 0.78523
1 0.94336 0.78523 0.9327400000000001 0.78659 0.9327400000000001 0.79207 0.9398199999999999 0.79207 0.94336 0.78933 0.94336 0.78523
1 0.97699 0.79207 0.96814 0.7934300000000001 0.9663700000000001 0.79617 0.96814 0.80027 0.97345 0.80027 0.97699 0.7975399999999999 0.97876 0.7948000000000001 0.97699 0.79207
1 0.9061899999999999 0.79617 0.90973 0.7948000000000001 0.9115 0.78796 0.90442 0.78796 0.8991199999999999 0.79207 0.8991199999999999 0.79617 0.9061899999999999 0.79617
1 0.09558 0.9329700000000001 0.10619 0.9316000000000001 0.10619 0.92613 0.10088 0.92613 0.09735 0.9275 0.09558 0.9302300000000001 0.09558 0.9329700000000001
1 0.15398 0.9329700000000001 0.15752 0.9302300000000001 0.15575 0.92613 0.15044 0.92613 0.1469 0.92886 0.14867 0.9343400000000001 0.15398 0.9329700000000001
1 0.22301 0.9302300000000001 0.21239 0.9316000000000001 0.21239 0.93707 0.21947 0.93707 0.22301 0.9343400000000001 0.22301 0.9302300000000001
1 0.07611 0.9329700000000001 0.07788 0.9302300000000001 0.07611 0.92613 0.0708 0.92613 0.06726 0.9275 0.06726 0.9343400000000001 0.07611 0.9329700000000001
1 0.19646 0.9220200000000001 0.18938 0.9220200000000001 0.18584 0.92339 0.18584 0.9302300000000001 0.19292 0.9302300000000001 0.19823 0.9275 0.19646 0.9220200000000001
1 0.27965 0.9316000000000001 0.27965 0.93707 0.2885 0.9357 0.2885 0.9302300000000001 0.27965 0.9316000000000001
1 0.3646 0.9343400000000001 0.3646 0.9302300000000001 0.35575 0.9302300000000001 0.35398 0.9329700000000001 0.35575 0.93707 0.36106 0.93707 0.3646 0.9343400000000001
1 0.37876 0.9302300000000001 0.38407 0.9302300000000001 0.38761 0.9275 0.38584 0.9220200000000001 0.3823 0.9220200000000001 0.37876 0.92339 0.37699 0.92613 0.37876 0.9302300000000001
1 0.41239 0.9302300000000001 0.40176999999999996 0.9316000000000001 0.40176999999999996 0.93707 0.40885 0.93707 0.41239 0.9343400000000001 0.41239 0.9302300000000001
1 0.45133 0.9343400000000001 0.45487 0.9329700000000001 0.45841000000000004 0.9302300000000001 0.45664 0.92613 0.45133 0.92613 0.44779 0.9275 0.44779 0.9329700000000001 0.45133 0.9343400000000001
1 0.5292 0.93707 0.5292 0.9343400000000001 0.51858 0.9357 0.51681 0.9384399999999999 0.52035 0.9411799999999999 0.52389 0.9411799999999999 0.5274300000000001 0.9398099999999999 0.5292 0.93707
1 0.58053 0.91518 0.5699099999999999 0.91655 0.57345 0.92339 0.57876 0.9220200000000001 0.58053 0.9192899999999999 0.58053 0.91518
1 0.64248 0.92339 0.64425 0.9302300000000001 0.65664 0.92886 0.65664 0.9220200000000001 0.64248 0.92339
1 0.26195 0.9302300000000001 0.26549 0.9275 0.26549 0.9220200000000001 0.25841 0.9220200000000001 0.25487000000000004 0.92339 0.2531 0.9302300000000001 0.26195 0.9302300000000001
1 0.83363 0.9302300000000001 0.8371700000000001 0.9275 0.8371700000000001 0.9220200000000001 0.83009 0.9220200000000001 0.8265499999999999 0.92339 0.82478 0.9302300000000001 0.83363 0.9302300000000001
0 0.15575 0.15869 0.15398 0.16005 0.15044 0.16005 0.15044 0.16416 0.15752 0.16416 0.17345 0.16005 0.18053 0.16005 0.18761 0.15869 0.18938 0.15732 0.19292 0.15732 0.19469 0.15458 0.18053 0.15595 0.17168 0.15595 0.16283 0.15732 0.15575 0.15869
0 0.33097 0.16416 0.36283 0.16689 0.3646 0.16826000000000002 0.37168 0.16826000000000002 0.37168 0.16416 0.36814 0.16416 0.36637 0.16279 0.35752 0.16279 0.34867 0.16142 0.33805 0.16005 0.33097 0.15732 0.31504 0.15732 0.31504 0.16142 0.32035 0.16142 0.32212 0.16279 0.33097 0.16416
0 0.44955999999999996 0.16963 0.45133 0.17237 0.51858 0.17237 0.51858 0.16826000000000002 0.44955999999999996 0.16963
0 0.83009 0.12996000000000002 0.8283200000000001 0.12585 0.82301 0.12448999999999999 0.81416 0.12312000000000001 0.80177 0.12312000000000001 0.8035399999999999 0.12722 0.80708 0.12859 0.8177 0.12859 0.83009 0.12996000000000002
0 0.9221199999999999 0.11901999999999999 0.9221199999999999 0.12312000000000001 0.98407 0.12312000000000001 0.98407 0.11901999999999999 0.9221199999999999 0.11901999999999999
0 0.6654899999999999 0.17237 0.6708000000000001 0.17099999999999999 0.6708000000000001 0.16826000000000002 0.66726 0.16826000000000002 0.6654899999999999 0.16689 0.65841 0.16689 0.6495599999999999 0.16416 0.6354 0.16416 0.6230100000000001 0.16279 0.61416 0.16005 0.61062 0.16142 0.61239 0.16553 0.62124 0.16689 0.6531 0.17099999999999999 0.6654899999999999 0.17237
0 0.45841000000000004 0.29412 0.46372 0.29412 0.48319 0.28864999999999996 0.48673 0.28591 0.48673 0.28317000000000003 0.48319 0.28454 0.46195 0.29001 0.45841000000000004 0.29001 0.45841000000000004 0.29412
0 0.95929 0.31053000000000003 0.96814 0.31053000000000003 0.96814 0.30643 0.96106 0.30369 0.95752 0.30369 0.9486700000000001 0.29958999999999997 0.93628 0.29958999999999997 0.93628 0.30369 0.94159 0.30369 0.9504400000000001 0.30643 0.95929 0.31053000000000003
0 0.21061999999999997 0.43502 0.18407 0.42817999999999995 0.18584 0.43365 0.20708000000000001 0.43912000000000007 0.21239 0.43912000000000007 0.21061999999999997 0.43502
0 0.40885 0.39398 0.41239 0.39398 0.41239 0.38988 0.40885 0.38851 0.40530999999999995 0.38851 0.39115 0.38304 0.38761 0.38304 0.38938 0.38851 0.39469 0.38988 0.40354 0.39124 0.40885 0.39398
0 0.59292 0.39398 0.59646 0.38988 0.59292 0.38851 0.57876 0.38577 0.57345 0.38304 0.5699099999999999 0.38304 0.5699099999999999 0.38851 0.57699 0.38988 0.58761 0.39124 0.59292 0.39398
0 0.76991 0.43912000000000007 0.77522 0.43912000000000007 0.77522 0.43502 0.77168 0.43502 0.76637 0.43365 0.75752 0.43091999999999997 0.75398 0.42817999999999995 0.75044 0.42817999999999995 0.75221 0.43365 0.75575 0.43365 0.7646 0.43776000000000004 0.76991 0.43912000000000007
0 0.9663700000000001 0.43912000000000007 0.9663700000000001 0.43502 0.95929 0.43365 0.9486700000000001 0.43228 0.9380499999999999 0.42817999999999995 0.9345100000000001 0.43091999999999997 0.9380499999999999 0.43365 0.9539799999999999 0.43776000000000004 0.96106 0.43912000000000007 0.9663700000000001 0.43912000000000007
0 0.97345 0.52257 0.97876 0.52668 0.9805300000000001 0.52394 0.97876 0.5198400000000001 0.97522 0.51847 0.9699099999999999 0.5171 0.9646000000000001 0.5171 0.95221 0.513 0.9486700000000001 0.513 0.9504400000000001 0.51847 0.9557499999999999 0.51847 0.96814 0.5212 0.97345 0.52257
0 0.56814 0.56635 0.58053 0.56908 0.5858399999999999 0.56908 0.5858399999999999 0.56498 0.5823 0.56498 0.58053 0.5636099999999999 0.5699099999999999 0.56224 0.5646 0.5608799999999999 0.5592900000000001 0.5581400000000001 0.55575 0.5581400000000001 0.55575 0.56224 0.5592900000000001 0.5636099999999999 0.56283 0.5636099999999999 0.56814 0.56635
0 0.77699 0.56908 0.77699 0.56635 0.77345 0.5636099999999999 0.76283 0.5595100000000001 0.75044 0.5595100000000001 0.75044 0.5636099999999999 0.75575 0.5636099999999999 0.77168 0.57045 0.77699 0.56908
0 0.3823 0.64432 0.37876 0.64569 0.37699 0.64706 0.37522 0.64979 0.37699 0.6525299999999999 0.38053 0.65116 0.38584 0.6484300000000001 0.39646 0.64569 0.40354 0.64569 0.40708 0.64432 0.40885 0.64159 0.40708 0.6388499999999999 0.40354 0.64022 0.39292 0.64295 0.38761 0.64295 0.3823 0.64432
0 0.58053 0.64432 0.57699 0.64569 0.5752200000000001 0.6525299999999999 0.58053 0.64979 0.58761 0.64706 0.59292 0.64569 0.6017699999999999 0.64569 0.6017699999999999 0.6388499999999999 0.59823 0.64022 0.59469 0.64022 0.58938 0.64295 0.58053 0.64432
0 0.22832 0.6538999999999999 0.22832 0.64979 0.21947 0.64706 0.20531000000000002 0.64295 0.19823 0.64295 0.2 0.6484300000000001 0.20354 0.64979 0.2177 0.6538999999999999 0.22832 0.6538999999999999
0 0.48495999999999995 0.8112199999999999 0.49027000000000004 0.8112199999999999 0.49027000000000004 0.80711 0.48319 0.80711 0.48141999999999996 0.80575 0.46902999999999995 0.8043799999999999 0.45664 0.8043799999999999 0.45841000000000004 0.80711 0.46195 0.80848 0.47257 0.80848 0.48495999999999995 0.8112199999999999
0 0.72212 0.8112199999999999 0.72743 0.80985 0.72743 0.80711 0.71858 0.80711 0.71681 0.80575 0.70442 0.8043799999999999 0.69381 0.8030099999999999 0.69204 0.80711 0.69558 0.80711 0.6973499999999999 0.80848 0.70973 0.80848 0.72212 0.8112199999999999
0 0.9557499999999999 0.82079 0.96106 0.82079 0.96283 0.82216 0.9663700000000001 0.82216 0.9663700000000001 0.81806 0.95929 0.81669 0.9539799999999999 0.81532 0.9327400000000001 0.8112199999999999 0.9327400000000001 0.81532 0.93628 0.81532 0.94336 0.81806 0.9557499999999999 0.82079
0 0.20708000000000001 0.95896 0.21239 0.95896 0.21239 0.95486 0.20884999999999998 0.9534900000000001 0.20354 0.9521200000000001 0.19115 0.94938 0.18407 0.94938 0.18407 0.9534900000000001 0.18761 0.95486 0.19292 0.9562200000000001 0.20708000000000001 0.95896
0 0.40176999999999996 0.95896 0.40176999999999996 0.95486 0.39823 0.9534900000000001 0.39469 0.9534900000000001 0.38938 0.95075 0.38407 0.94938 0.37522 0.94938 0.37522 0.9534900000000001 0.37876 0.95486 0.39292 0.95896 0.40176999999999996 0.95896