1 0.20531000000000002 0.20625 0.21061999999999997 0.20625 0.21416 0.20375000000000001 0.21239 0.19875 0.20708000000000001 0.2 0.20354 0.20125 0.20177 0.20375000000000001 0.20531000000000002 0.20625
1 0.26195 0.20249999999999999 0.26549 0.2 0.26372 0.195 0.26017999999999997 0.195 0.25487000000000004 0.19875 0.25664 0.20249999999999999 0.26195 0.20249999999999999
1 0.37345 0.19875 0.37699 0.1975 0.37699 0.19125 0.37345 0.19125 0.36991 0.1925 0.36991 0.19875 0.37345 0.19875
1 0.46726 0.20249999999999999 0.4708 0.2 0.46902999999999995 0.195 0.46548999999999996 0.195 0.46195 0.19624999999999998 0.46195 0.20249999999999999 0.46726 0.20249999999999999
1 0.49912 0.20125 0.49734999999999996 0.20375000000000001 0.50088 0.20625 0.50442 0.20625 0.50796 0.205 0.50973 0.2 0.5061899999999999 0.19875 0.50265 0.2 0.50088 0.2 0.49912 0.20125
1 0.56106 0.20249999999999999 0.5646 0.2 0.56283 0.195 0.5592900000000001 0.195 0.5539799999999999 0.19875 0.55575 0.20249999999999999 0.56106 0.20249999999999999
1 0.59823 0.18875 0.6 0.19125 0.60354 0.1925 0.6070800000000001 0.19125 0.61062 0.18875 0.60885 0.18375 0.60531 0.18375 0.6017699999999999 0.185 0.6 0.18625 0.59823 0.18875
1 0.70619 0.19 0.70796 0.1875 0.70619 0.185 0.70265 0.185 0.69912 0.18625 0.6973499999999999 0.19125 0.70619 0.19
1 0.67611 0.19624999999999998 0.67611 0.1925 0.66903 0.1925 0.6654899999999999 0.19375 0.66372 0.19624999999999998 0.66726 0.19875 0.67257 0.19875 0.67611 0.19624999999999998
1 0.75752 0.18 0.75044 0.18 0.7469 0.18125 0.7469 0.18875 0.75575 0.18875 0.75929 0.18625 0.75752 0.18
1 0.8212400000000001 0.19125 0.8265499999999999 0.19125 0.83009 0.18875 0.83009 0.185 0.8265499999999999 0.18375 0.82301 0.185 0.8194699999999999 0.1875 0.8212400000000001 0.19125
1 0.15575 0.3375 0.15929 0.33625 0.15929 0.32999999999999996 0.15398 0.32999999999999996 0.14867 0.33375 0.15044 0.3375 0.15575 0.3375
1 0.2531 0.34125 0.25664 0.33875 0.25487000000000004 0.33375 0.25133 0.33375 0.24425 0.33625 0.24602 0.34125 0.2531 0.34125
1 0.28673000000000004 0.3375 0.29203999999999997 0.3375 0.29558 0.33625 0.29735 0.3325 0.29558 0.32999999999999996 0.29203999999999997 0.32999999999999996 0.2885 0.33125 0.28496 0.33375 0.28673000000000004 0.3375
1 0.35221 0.3325 0.35221 0.33125 0.35398 0.32875 0.35044 0.32625000000000004 0.34336 0.32875 0.34336 0.33375 0.35221 0.3325
1 0.40885 0.32999999999999996 0.41239 0.3275 0.41062000000000004 0.32375 0.40530999999999995 0.32375 0.40176999999999996 0.32625000000000004 0.40176999999999996 0.32999999999999996 0.40885 0.32999999999999996
1 0.44248000000000004 0.33125 0.44071 0.3275 0.4354 0.3275 0.43186 0.32999999999999996 0.43362999999999996 0.33375 0.43894 0.33375 0.44248000000000004 0.33125
1 0.46902999999999995 0.3375 0.47257 0.335 0.47257 0.33125 0.46902999999999995 0.32999999999999996 0.46548999999999996 0.33125 0.46372 0.33125 0.46372 0.3375 0.46902999999999995 0.3375
1 0.50265 0.335 0.49558 0.335 0.49204 0.33625 0.49381 0.34125 0.49912 0.34125 0.50265 0.33875 0.50265 0.335
1 0.54867 0.33125 0.53982 0.3325 0.53982 0.3375 0.54513 0.3375 0.54867 0.33625 0.54867 0.33125
1 0.66372 0.33125 0.66195 0.3275 0.65664 0.3275 0.6531 0.32999999999999996 0.6548700000000001 0.33375 0.66018 0.33375 0.66372 0.33125
1 0.69204 0.3275 0.69558 0.32625000000000004 0.69558 0.32 0.69204 0.32 0.6885 0.32125 0.6885 0.32625000000000004 0.69204 0.3275
1 0.74336 0.32375 0.7469 0.32375 0.75044 0.3225 0.75221 0.31625000000000003 0.7469 0.31625000000000003 0.74336 0.3175 0.74159 0.32 0.74336 0.32375
1 0.83363 0.3275 0.8371700000000001 0.3275 0.8424799999999999 0.32375 0.84071 0.32 0.8353999999999999 0.32 0.83186 0.3225 0.83009 0.325 0.83363 0.3275
1 0.18053 0.46624999999999994 0.17345 0.465 0.16637 0.46749999999999997 0.16814 0.4725 0.17699 0.4725 0.1823 0.47125000000000006 0.18053 0.46624999999999994
1 0.29027 0.47625 0.29381 0.47375 0.29203999999999997 0.47000000000000003 0.28673000000000004 0.47000000000000003 0.28319 0.47125000000000006 0.28319 0.47625 0.29027 0.47625
1 0.36637 0.47375 0.36637 0.47000000000000003 0.35929 0.47000000000000003 0.35575 0.47125000000000006 0.35398 0.47375 0.35752 0.47625 0.36283 0.47625 0.36637 0.47375
1 0.41239 0.47000000000000003 0.40176999999999996 0.47125000000000006 0.4 0.47375 0.40354 0.47625 0.40885 0.47625 0.41239 0.47375 0.41239 0.47000000000000003
1 0.46018 0.47625 0.46548999999999996 0.47625 0.46902999999999995 0.47000000000000003 0.46372 0.47000000000000003 0.46195 0.47125000000000006 0.45841000000000004 0.47125000000000006 0.46018 0.47625
1 0.5433600000000001 0.48 0.55221 0.47874999999999995 0.5539799999999999 0.47625 0.55221 0.4725 0.5469 0.4725 0.5433600000000001 0.47375 0.54159 0.47750000000000004 0.5433600000000001 0.48
1 0.59292 0.47375 0.59469 0.47625 0.6017699999999999 0.47625 0.6070800000000001 0.47125000000000006 0.60354 0.46875 0.6 0.46875 0.59646 0.47000000000000003 0.59292 0.47375
1 0.6708000000000001 0.47625 0.67788 0.47625 0.6814199999999999 0.47375 0.6814199999999999 0.47000000000000003 0.67434 0.47000000000000003 0.6708000000000001 0.47125000000000006 0.66903 0.47375 0.6708000000000001 0.47625
1 0.74159 0.48 0.75044 0.47874999999999995 0.75221 0.47625 0.75044 0.4725 0.74513 0.4725 0.74159 0.47375 0.73982 0.47750000000000004 0.74159 0.48
1 0.79469 0.4725 0.79646 0.47625 0.8035399999999999 0.47625 0.80885 0.47375 0.80885 0.47125000000000006 0.8053100000000001 0.46875 0.80177 0.46875 0.79823 0.47000000000000003 0.79469 0.4725
1 0.87611 0.4725 0.87965 0.47000000000000003 0.87788 0.46624999999999994 0.87257 0.46624999999999994 0.8690300000000001 0.46749999999999997 0.8690300000000001 0.4725 0.87611 0.4725
1 0.58761 0.3275 0.5911500000000001 0.3275 0.59469 0.32625000000000004 0.59469 0.31875 0.58938 0.32 0.5858399999999999 0.3225 0.58407 0.325 0.58761 0.3275
1 0.15575 0.605 0.16283 0.605 0.16814 0.6025 0.16637 0.5974999999999999 0.16106 0.5974999999999999 0.15752 0.59875 0.15398 0.6012500000000001 0.15575 0.605
1 0.24602 0.60875 0.25133 0.605 0.24956 0.6012500000000001 0.24425 0.6012500000000001 0.24070999999999998 0.6025 0.24247999999999997 0.60875 0.24602 0.60875
1 0.34336 0.61125 0.35044 0.61125 0.35575 0.6075 0.35398 0.60375 0.35044 0.60375 0.34513 0.605 0.34159 0.6075 0.34336 0.61125
1 0.4 0.605 0.39646 0.60625 0.39646 0.61125 0.40708 0.61 0.40708 0.605 0.4 0.605
1 0.43716999999999995 0.605 0.43362999999999996 0.60625 0.43362999999999996 0.61125 0.44425 0.61 0.44425 0.605 0.43716999999999995 0.605
1 0.4885 0.60875 0.48673 0.605 0.47965 0.605 0.47611 0.6075 0.47788 0.61125 0.48495999999999995 0.61125 0.4885 0.60875
1 0.54159 0.615 0.54867 0.615 0.55221 0.6125 0.55044 0.6075 0.5469 0.6075 0.5433600000000001 0.60875 0.53982 0.61125 0.54159 0.615
1 0.5911500000000001 0.61 0.59469 0.6125 0.59823 0.6125 0.6017699999999999 0.61125 0.60354 0.61 0.60354 0.60875 0.60531 0.60625 0.60354 0.60375 0.59823 0.60375 0.59469 0.605 0.5911500000000001 0.6075 0.5911500000000001 0.61
1 0.6708000000000001 0.605 0.66726 0.60625 0.66726 0.61125 0.67611 0.61125 0.67788 0.605 0.6708000000000001 0.605
1 0.75752 0.61625 0.74867 0.61625 0.74513 0.62 0.74867 0.6224999999999999 0.76106 0.6212500000000001 0.76106 0.6174999999999999 0.75752 0.61625
1 0.17168 0.74375 0.16991 0.74125 0.16637 0.74 0.15752 0.74 0.15398 0.7424999999999999 0.15398 0.745 0.15752 0.7474999999999999 0.16991 0.7462500000000001 0.17168 0.74375
1 0.35044 0.74375 0.35575 0.74375 0.36106 0.74 0.36106 0.7375 0.35752 0.73625 0.35398 0.73625 0.34867 0.74 0.35044 0.74375
1 0.87611 0.73375 0.8743399999999999 0.72875 0.8690300000000001 0.72875 0.86372 0.7325 0.86549 0.73625 0.8743399999999999 0.73625 0.87611 0.73375
1 0.82478 0.73875 0.82478 0.7375 0.8265499999999999 0.735 0.82478 0.7325 0.8194699999999999 0.7325 0.81593 0.73375 0.81593 0.74 0.82478 0.73875
1 0.74513 0.74375 0.74867 0.7424999999999999 0.74867 0.73625 0.73982 0.7375 0.73982 0.73875 0.73805 0.74125 0.73982 0.74375 0.74513 0.74375
1 0.66726 0.74 0.67434 0.74 0.67788 0.7375 0.67611 0.7325 0.67257 0.7325 0.66903 0.73375 0.6654899999999999 0.7375 0.66726 0.74
1 0.61593 0.73625 0.62655 0.735 0.62478 0.72875 0.62124 0.72875 0.6176999999999999 0.73 0.61593 0.7325 0.61593 0.73625
1 0.55044 0.7325 0.5539799999999999 0.73 0.5539799999999999 0.7262500000000001 0.55044 0.725 0.54513 0.7262500000000001 0.54159 0.72875 0.5433600000000001 0.7325 0.55044 0.7325
1 0.46726 0.7575000000000001 0.46902999999999995 0.755 0.46902999999999995 0.75 0.46548999999999996 0.75 0.45841000000000004 0.7525000000000001 0.46018 0.7575000000000001 0.46726 0.7575000000000001
1 0.15575 0.8724999999999999 0.15575 0.86875 0.1469 0.86875 0.14336 0.8712500000000001 0.14513 0.875 0.15221 0.875 0.15575 0.8724999999999999
1 0.20354 0.87625 0.20531000000000002 0.8787499999999999 0.21239 0.8787499999999999 0.21593 0.87625 0.21416 0.8712500000000001 0.21061999999999997 0.8712500000000001 0.20708000000000001 0.8724999999999999 0.20531000000000002 0.87375 0.20354 0.87625
1 0.24425 0.8775000000000001 0.24602 0.8825 0.25133 0.8825 0.25487000000000004 0.88125 0.25664 0.87625 0.24425 0.8775000000000001
1 0.31504 0.8800000000000001 0.30265 0.8800000000000001 0.30088 0.88375 0.30442 0.8862500000000001 0.30973 0.8862500000000001 0.31327 0.88375 0.31504 0.8800000000000001
1 0.35221 0.8825 0.35575 0.8800000000000001 0.35398 0.875 0.34867 0.875 0.34336 0.8800000000000001 0.34513 0.8825 0.35221 0.8825
1 0.4 0.88375 0.40354 0.8862500000000001 0.40885 0.8862500000000001 0.41239 0.88375 0.41239 0.8775000000000001 0.40885 0.8787499999999999 0.40530999999999995 0.8787499999999999 0.40176999999999996 0.8800000000000001 0.4 0.88375
1 0.46018 0.8800000000000001 0.46195 0.8862500000000001 0.46726 0.8862500000000001 0.4708 0.88375 0.47257 0.8800000000000001 0.46018 0.8800000000000001
1 0.56814 0.8787499999999999 0.57168 0.87625 0.5699099999999999 0.8712500000000001 0.56637 0.8712500000000001 0.56283 0.8724999999999999 0.56283 0.8787499999999999 0.56814 0.8787499999999999
1 0.72212 0.8775000000000001 0.72389 0.875 0.72212 0.8712500000000001 0.71504 0.8712500000000001 0.7115 0.87375 0.7115 0.8787499999999999 0.72035 0.8787499999999999 0.72212 0.8775000000000001
1 0.51327 0.87625 0.5115000000000001 0.87375 0.50265 0.87625 0.50442 0.8825 0.5115000000000001 0.8825 0.51327 0.8800000000000001 0.51327 0.87625
1 0.6336299999999999 0.87625 0.6389400000000001 0.87375 0.63717 0.8675 0.63009 0.86875 0.63009 0.8699999999999999 0.62832 0.875 0.63009 0.875 0.6336299999999999 0.87625
1 0.84956 0.8825 0.85487 0.8825 0.8601800000000001 0.8775000000000001 0.85664 0.875 0.8531000000000001 0.875 0.84779 0.8787499999999999 0.84956 0.8825
0 0.24247999999999997 0.175 0.22301 0.175 0.22124000000000002 0.17625 0.21239 0.17625 0.21239 0.1825 0.22832 0.1825 0.24956 0.18125 0.25133 0.18 0.26726 0.18 0.26549 0.17250000000000001 0.25664 0.17250000000000001 0.25487000000000004 0.17375000000000002 0.24247999999999997 0.175
0 0.50973 0.18125 0.50973 0.1775 0.5061899999999999 0.17625 0.49734999999999996 0.175 0.48319 0.17375000000000002 0.47611 0.17375000000000002 0.47434000000000004 0.175 0.4708 0.175 0.47257 0.17875000000000002 0.48141999999999996 0.17875000000000002 0.49204 0.18125 0.50973 0.18125
0 0.67611 0.16999999999999998 0.67611 0.175 0.6867300000000001 0.17250000000000001 0.69912 0.16875 0.70442 0.16875 0.70796 0.1675 0.70796 0.16375 0.70265 0.16375 0.69027 0.1675 0.68319 0.1675 0.67611 0.16999999999999998
0 0.66372 0.305 0.66372 0.31 0.66726 0.31 0.67257 0.30874999999999997 0.67788 0.30625 0.68319 0.305 0.69558 0.30375 0.69912 0.30125 0.69912 0.29874999999999996 0.69381 0.29874999999999996 0.67965 0.3025 0.6708000000000001 0.3025 0.66372 0.305
0 0.29735 0.31124999999999997 0.27434 0.31 0.26195 0.31124999999999997 0.26017999999999997 0.3125 0.25664 0.3125 0.25664 0.31625000000000003 0.27257 0.31625000000000003 0.28319 0.31375000000000003 0.29558 0.31375000000000003 0.29735 0.31124999999999997
0 0.46726 0.3125 0.4885 0.31375000000000003 0.50265 0.31375000000000003 0.50265 0.3075 0.49558 0.3075 0.49381 0.30625 0.47434000000000004 0.30625 0.45841000000000004 0.30375 0.44248000000000004 0.30375 0.42655000000000004 0.30125 0.40885 0.3025 0.41062000000000004 0.3075 0.42301 0.3075 0.43716999999999995 0.31 0.46726 0.3125